0 0 0 0 0 0 0 0 0 0 0 0 0 0 0 0 0 0 0 0 0 0 0 0 0 0 0 0 0 0 0 9.80909e-45 1.49939e-43 2.01927e-42 2.39104e-41 2.51907e-40 2.36352e-39 1.97025e-38 1.45469e-37 9.47752e-37 5.42539e-36 2.71543e-35 1.18164e-34 4.44263e-34 1.43313e-33 3.93688e-33 9.13703e-33 1.77749e-32 2.87709e-32 3.85131e-32 4.24647e-32 3.85131e-32 2.87709e-32 1.77749e-32 9.13703e-33 3.93688e-33 1.43313e-33 4.44263e-34 1.18164e-34 2.71543e-35 5.42539e-36 9.47752e-37 1.45469e-37 1.97025e-38 2.36352e-39 2.51907e-40 2.39104e-41 2.01927e-42 1.49939e-43 9.80909e-45 0 0 0 0 0 0 0 0 0 0 0 0 0 0 0 0 0 0 0 0 0 0 0 0 0 0 0 0 0 0
0 0 0 0 0 0 0 0 0 0 0 0 0 0 0 0 0 0 0 0 0 0 0 0 0 0 0 0 0 0 1.12104e-44 1.97583e-43 2.8026e-42 3.50002e-41 3.91121e-40 3.90689e-39 3.4808e-38 2.75858e-37 1.93853e-36 1.20347e-35 6.57256e-35 3.1426e-34 1.30846e-33 4.71591e-33 1.46184e-32 3.87074e-32 8.69384e-32 1.64519e-31 2.60722e-31 3.44374e-31 3.77974e-31 3.44374e-31 2.60722e-31 1.64519e-31 8.69384e-32 3.87074e-32 1.46184e-32 4.71591e-33 1.30846e-33 3.1426e-34 6.57256e-35 1.20347e-35 1.93853e-36 2.75858e-37 3.4808e-38 3.90689e-39 3.91121e-40 3.50002e-41 2.8026e-42 1.97583e-43 1.12104e-44 0 0 0 0 0 0 0 0 0 0 0 0 0 0 0 0 0 0 0 0 0 0 0 0 0 0 0 0 0
0 0 0 0 0 0 0 0 0 0 0 0 0 0 0 0 0 0 0 0 0 0 0 0 0 0 0 0 1.4013e-45 2.94273e-44 4.87652e-43 7.19567e-42 9.47362e-41 1.11932e-39 1.18582e-38 1.12433e-37 9.51878e-37 7.17597e-36 4.80182e-35 2.84162e-34 1.48102e-33 6.76656e-33 2.69626e-32 9.31792e-32 2.77628e-31 7.08821e-31 1.54139e-30 2.83886e-30 4.40709e-30 5.74618e-30 6.27901e-30 5.74618e-30 4.40709e-30 2.83886e-30 1.54139e-30 7.08821e-31 2.77628e-31 9.31792e-32 2.69626e-32 6.76656e-33 1.48102e-33 2.84162e-34 4.80182e-35 7.17597e-36 9.51878e-37 1.12433e-37 1.18582e-38 1.11932e-39 9.47362e-41 7.19567e-42 4.87652e-43 2.94273e-44 1.4013e-45 0 0 0 0 0 0 0 0 0 0 0 0 0 0 0 0 0 0 0 0 0 0 0 0 0 0 0
0 0 0 0 0 0 0 0 0 0 0 0 0 0 0 0 0 0 0 0 0 0 0 0 0 0 0 2.8026e-45 6.5861e-44 1.12104e-42 1.72178e-41 2.38298e-40 2.96845e-39 3.32493e-38 3.34333e-37 3.01196e-36 2.42526e-35 1.74059e-34 1.10988e-33 6.26508e-33 3.1181e-32 1.36215e-31 5.1978e-31 1.72355e-30 4.93969e-30 1.21706e-29 2.56469e-29 4.60148e-29 7.00351e-29 9.01947e-29 9.81451e-29 9.01947e-29 7.00351e-29 4.60148e-29 2.56469e-29 1.21706e-29 4.93969e-30 1.72355e-30 5.1978e-31 1.36215e-31 3.1181e-32 6.26508e-33 1.10988e-33 1.74059e-34 2.42526e-35 3.01196e-36 3.34333e-37 3.32493e-38 2.96845e-39 2.38298e-40 1.72178e-41 1.12104e-42 6.5861e-44 2.8026e-45 0 0 0 0 0 0 0 0 0 0 0 0 0 0 0 0 0 0 0 0 0 0 0 0 0 0
0 0 0 0 0 0 0 0 0 0 0 0 0 0 0 0 0 0 0 0 0 0 0 0 0 0 5.60519e-45 1.33123e-43 2.38921e-42 3.84292e-41 5.57864e-40 7.30761e-39 8.62901e-38 9.17245e-37 8.76183e-36 7.50562e-35 5.7518e-34 3.93213e-33 2.39045e-32 1.2877e-31 6.12246e-31 2.55834e-30 9.35253e-30 2.97697e-29 8.2113e-29 1.95357e-28 3.99211e-28 6.98253e-28 1.04263e-27 1.32692e-27 1.43808e-27 1.32692e-27 1.04263e-27 6.98253e-28 3.99211e-28 1.95357e-28 8.2113e-29 2.97697e-29 9.35253e-30 2.55834e-30 6.12246e-31 1.2877e-31 2.39045e-32 3.93213e-33 5.7518e-34 7.50562e-35 8.76183e-36 9.17245e-37 8.62901e-38 7.30761e-39 5.57864e-40 3.84292e-41 2.38921e-42 1.33123e-43 5.60519e-45 0 0 0 0 0 0 0 0 0 0 0 0 0 0 0 0 0 0 0 0 0 0 0 0 0
0 0 0 0 0 0 0 0 0 0 0 0 0 0 0 0 0 0 0 0 0 0 0 0 0 1.12104e-44 2.56438e-43 4.77002e-42 8.01403e-41 1.21789e-39 1.67363e-38 2.07801e-37 2.32836e-36 2.35082e-35 2.13484e-34 1.74003e-33 1.26975e-32 8.27241e-32 4.79655e-31 2.4666e-30 1.12072e-29 4.48088e-29 1.56985e-28 4.79864e-28 1.27444e-27 2.92947e-27 5.80895e-27 9.91182e-27 1.45293e-26 1.82808e-26 1.97359e-26 1.82808e-26 1.45293e-26 9.91182e-27 5.80895e-27 2.92947e-27 1.27444e-27 4.79864e-28 1.56985e-28 4.48088e-29 1.12072e-29 2.4666e-30 4.79655e-31 8.27241e-32 1.26975e-32 1.74003e-33 2.13484e-34 2.35082e-35 2.32836e-36 2.07801e-37 1.67363e-38 1.21789e-39 8.01403e-41 4.77002e-42 2.56438e-43 1.12104e-44 0 0 0 0 0 0 0 0 0 0 0 0 0 0 0 0 0 0 0 0 0 0 0 0
0 0 0 0 0 0 0 0 0 0 0 0 0 0 0 0 0 0 0 0 0 0 0 0 2.10195e-44 4.61027e-43 8.92627e-42 1.56428e-40 2.48377e-39 3.57303e-38 4.65369e-37 5.48221e-36 5.83374e-35 5.59858e-34 4.83647e-33 3.75271e-32 2.60881e-31 1.62032e-30 8.96345e-30 4.40141e-29 1.91152e-28 7.31449e-28 2.45654e-27 7.21342e-27 1.84542e-26 4.10059e-26 7.89506e-26 1.31504e-25 1.89344e-25 2.35622e-25 2.53432e-25 2.35622e-25 1.89344e-25 1.31504e-25 7.89506e-26 4.10059e-26 1.84542e-26 7.21342e-27 2.45654e-27 7.31449e-28 1.91152e-28 4.40141e-29 8.96345e-30 1.62032e-30 2.60881e-31 3.75271e-32 4.83647e-33 5.59858e-34 5.83374e-35 5.48221e-36 4.65369e-37 3.57303e-38 2.48377e-39 1.56428e-40 8.92627e-42 4.61027e-43 2.10195e-44 0 0 0 0 0 0 0 0 0 0 0 0 0 0 0 0 0 0 0 0 0 0 0
0 0 0 0 0 0 0 0 0 0 0 0 0 0 0 0 0 0 0 0 0 0 1.4013e-45 3.36312e-44 7.79122e-43 1.56917e-41 2.86207e-40 4.73925e-39 7.12278e-38 9.71073e-37 1.1999e-35 1.34227e-34 1.35747e-33 1.23904e-32 1.01873e-31 7.52804e-31 4.9872e-30 2.95376e-29 1.55924e-28 7.31221e-28 3.03592e-27 1.112e-26 3.58078e-26 1.01037e-25 2.49086e-25 5.35298e-25 1.00128e-24 1.62902e-24 2.30513e-24 2.83814e-24 3.04173e-24 2.83814e-24 2.30513e-24 1.62902e-24 1.00128e-24 5.35298e-25 2.49086e-25 1.01037e-25 3.58078e-26 1.112e-26 3.03592e-27 7.31221e-28 1.55924e-28 2.95376e-29 4.9872e-30 7.52804e-31 1.01873e-31 1.23904e-32 1.35747e-33 1.34227e-34 1.1999e-35 9.71073e-37 7.12278e-38 4.73925e-39 2.86207e-40 1.56917e-41 7.79122e-43 3.36312e-44 1.4013e-45 0 0 0 0 0 0 0 0 0 0 0 0 0 0 0 0 0 0 0 0 0
0 0 0 0 0 0 0 0 0 0 0 0 0 0 0 0 0 0 0 0 0 1.4013e-45 5.04467e-44 1.23875e-42 2.59142e-41 4.91396e-40 8.47197e-39 1.32786e-37 1.89123e-36 2.44593e-35 2.86966e-34 3.0505e-33 2.93371e-32 2.54806e-31 1.9947e-30 1.40421e-29 8.86712e-29 5.00872e-28 2.52333e-27 1.13022e-26 4.4863e-26 1.57308e-25 4.85758e-25 1.31735e-24 3.13066e-24 6.5099e-24 1.18364e-23 1.882e-23 2.61854e-23 3.19092e-23 3.40797e-23 3.19092e-23 2.61854e-23 1.882e-23 1.18364e-23 6.5099e-24 3.13066e-24 1.31735e-24 4.85758e-25 1.57308e-25 4.4863e-26 1.13022e-26 2.52333e-27 5.00872e-28 8.86712e-29 1.40421e-29 1.9947e-30 2.54806e-31 2.93371e-32 3.0505e-33 2.86966e-34 2.44593e-35 1.89123e-36 1.32786e-37 8.47197e-39 4.91396e-40 2.59142e-41 1.23875e-42 5.04467e-44 1.4013e-45 0 0 0 0 0 0 0 0 0 0 0 0 0 0 0 0 0 0 0 0
0 0 0 0 0 0 0 0 0 0 0 0 0 0 0 0 0 0 0 0 2.8026e-45 7.70714e-44 1.85812e-42 4.02607e-41 7.92569e-40 1.42051e-38 2.31803e-37 3.44281e-36 4.65127e-35 5.71121e-34 6.36668e-33 6.43502e-32 5.88787e-31 4.86799e-30 3.62936e-29 2.43447e-28 1.46548e-27 7.89535e-27 3.79605e-26 1.62392e-25 6.16262e-25 2.06863e-24 6.12603e-24 1.59705e-23 3.6597e-23 7.36638e-23 1.30257e-22 2.02514e-22 2.77178e-22 3.34401e-22 3.5595e-22 3.34401e-22 2.77178e-22 2.02514e-22 1.30257e-22 7.36638e-23 3.6597e-23 1.59705e-23 6.12603e-24 2.06863e-24 6.16262e-25 1.62392e-25 3.79605e-26 7.89535e-27 1.46548e-27 2.43447e-28 3.62936e-29 4.86799e-30 5.88787e-31 6.43502e-32 6.36668e-33 5.71121e-34 4.65127e-35 3.44281e-36 2.31803e-37 1.42051e-38 7.92569e-40 4.02607e-41 1.85812e-42 7.70714e-44 2.8026e-45 0 0 0 0 0 0 0 0 0 0 0 0 0 0 0 0 0 0 0
0 0 0 0 0 0 0 0 0 0 0 0 0 0 0 0 0 0 0 2.8026e-45 1.05097e-43 2.62743e-42 5.88966e-41 1.20194e-39 2.23627e-38 3.79348e-37 5.86568e-36 8.26335e-35 1.05984e-33 1.23638e-32 1.31034e-31 1.25985e-30 1.0971e-29 8.63665e-29 6.13353e-28 3.92047e-27 2.24978e-26 1.15601e-25 5.30386e-25 2.16679e-24 7.86043e-24 2.52574e-23 7.17327e-23 1.7979e-22 3.97368e-22 7.74525e-22 1.33255e-21 2.02674e-21 2.72988e-21 3.26155e-21 3.46041e-21 3.26155e-21 2.72988e-21 2.02674e-21 1.33255e-21 7.74525e-22 3.97368e-22 1.7979e-22 7.17327e-23 2.52574e-23 7.86043e-24 2.16679e-24 5.30386e-25 1.15601e-25 2.24978e-26 3.92047e-27 6.13353e-28 8.63665e-29 1.0971e-29 1.25985e-30 1.31034e-31 1.23638e-32 1.05984e-33 8.26335e-35 5.86568e-36 3.79348e-37 2.23627e-38 1.20194e-39 5.88966e-41 2.62743e-42 1.05097e-43 2.8026e-45 0 0 0 0 0 0 0 0 0 0 0 0 0 0 0 0 0 0
0 0 0 0 0 0 0 0 0 0 0 0 0 0 0 0 0 0 4.2039e-45 1.37327e-43 3.50044e-42 8.11688e-41 1.71517e-39 3.3083e-38 5.82555e-37 9.36351e-36 1.37322e-34 1.83644e-33 2.23759e-32 2.48141e-31 2.50134e-30 2.28852e-29 1.89715e-28 1.42224e-27 9.62156e-27 5.8602e-26 3.20552e-25 1.57063e-24 6.87526e-24 2.68171e-23 9.29785e-23 2.85945e-22 7.78789e-22 1.87675e-21 4.0015e-21 7.55513e-21 1.26524e-20 1.88335e-20 2.49736e-20 2.95557e-20 3.12582e-20 2.95557e-20 2.49736e-20 1.88335e-20 1.26524e-20 7.55513e-21 4.0015e-21 1.87675e-21 7.78789e-22 2.85945e-22 9.29785e-23 2.68171e-23 6.87526e-24 1.57063e-24 3.20552e-25 5.8602e-26 9.62156e-27 1.42224e-27 1.89715e-28 2.28852e-29 2.50134e-30 2.48141e-31 2.23759e-32 1.83644e-33 1.37322e-34 9.36351e-36 5.82555e-37 3.3083e-38 1.71517e-39 8.11688e-41 3.50044e-42 1.37327e-43 4.2039e-45 0 0 0 0 0 0 0 0 0 0 0 0 0 0 0 0 0
0 0 0 0 0 0 0 0 0 0 0 0 0 0 0 0 0 4.2039e-45 1.66755e-43 4.40708e-42 1.05449e-40 2.30453e-39 4.60257e-38 8.40193e-37 1.4018e-35 2.13693e-34 2.97486e-33 3.77916e-32 4.37691e-31 4.61616e-30 4.42734e-29 3.8554e-28 3.0429e-27 2.17241e-26 1.39989e-25 8.12338e-25 4.23457e-24 1.97797e-23 8.25815e-23 3.07442e-22 1.01846e-21 2.9971e-21 7.82688e-21 1.81349e-20 3.73069e-20 6.82513e-20 1.11297e-19 1.62202e-19 2.11813e-19 2.48363e-19 2.61857e-19 2.48363e-19 2.11813e-19 1.62202e-19 1.11297e-19 6.82513e-20 3.73069e-20 1.81349e-20 7.82688e-21 2.9971e-21 1.01846e-21 3.07442e-22 8.25815e-23 1.97797e-23 4.23457e-24 8.12338e-25 1.39989e-25 2.17241e-26 3.0429e-27 3.8554e-28 4.42734e-29 4.61616e-30 4.37691e-31 3.77916e-32 2.97486e-33 2.13693e-34 1.4018e-35 8.40193e-37 4.60257e-38 2.30453e-39 1.05449e-40 4.40708e-42 1.66755e-43 4.2039e-45 0 0 0 0 0 0 0 0 0 0 0 0 0 0 0 0
0 0 0 0 0 0 0 0 0 0 0 0 0 0 0 0 4.2039e-45 1.90577e-43 5.22965e-42 1.29193e-40 2.91699e-39 6.02525e-38 1.13885e-36 1.96973e-35 3.11675e-34 4.50984e-33 5.96357e-32 7.20063e-31 7.93047e-30 7.95699e-29 7.26256e-28 6.02015e-27 4.52378e-26 3.07537e-25 1.88733e-24 1.04315e-23 5.18034e-23 2.30585e-22 9.17806e-22 3.25985e-21 1.03137e-20 2.90326e-20 7.26832e-20 1.61911e-19 3.21405e-19 5.69879e-19 9.05187e-19 1.29203e-18 1.66203e-18 1.93122e-18 2.02998e-18 1.93122e-18 1.66203e-18 1.29203e-18 9.05187e-19 5.69879e-19 3.21405e-19 1.61911e-19 7.26832e-20 2.90326e-20 1.03137e-20 3.25985e-21 9.17806e-22 2.30585e-22 5.18034e-23 1.04315e-23 1.88733e-24 3.07537e-25 4.52378e-26 6.02015e-27 7.26256e-28 7.95699e-29 7.93047e-30 7.20063e-31 5.96357e-32 4.50984e-33 3.11675e-34 1.96973e-35 1.13885e-36 6.02525e-38 2.91699e-39 1.29193e-40 5.22965e-42 1.90577e-43 4.2039e-45 0 0 0 0 0 0 0 0 0 0 0 0 0 0 0
0 0 0 0 0 0 0 0 0 0 0 0 0 0 0 5.60519e-45 2.10195e-43 5.86163e-42 1.49324e-40 3.47973e-39 7.42575e-38 1.4516e-36 2.5995e-35 4.2639e-34 6.40383e-33 8.80132e-32 1.10612e-30 1.26996e-29 1.33049e-28 1.27024e-27 1.10343e-26 8.7066e-26 6.22828e-25 4.03098e-24 2.35517e-23 1.23939e-22 5.86068e-22 2.48456e-21 9.42283e-21 3.19118e-20 9.63777e-20 2.59405e-19 6.22389e-19 1.33281e-18 2.55311e-18 4.38824e-18 6.79121e-18 9.49662e-18 1.20369e-17 1.38623e-17 1.45278e-17 1.38623e-17 1.20369e-17 9.49662e-18 6.79121e-18 4.38824e-18 2.55311e-18 1.33281e-18 6.22389e-19 2.59405e-19 9.63777e-20 3.19118e-20 9.42283e-21 2.48456e-21 5.86068e-22 1.23939e-22 2.35517e-23 4.03098e-24 6.22828e-25 8.7066e-26 1.10343e-26 1.27024e-27 1.33049e-28 1.26996e-29 1.10612e-30 8.80132e-32 6.40383e-33 4.2639e-34 2.5995e-35 1.4516e-36 7.42575e-38 3.47973e-39 1.49324e-40 5.86163e-42 2.10195e-43 5.60519e-45 0 0 0 0 0 0 0 0 0 0 0 0 0 0
0 0 0 0 0 0 0 0 0 0 0 0 0 0 5.60519e-45 2.17201e-43 6.20775e-42 1.62865e-40 3.91333e-39 8.61903e-38 1.74066e-36 3.22378e-35 5.47488e-34 8.52348e-33 1.21586e-31 1.5881e-30 1.8977e-29 2.07239e-28 2.06572e-27 1.87675e-26 1.55159e-25 1.16521e-24 7.93308e-24 4.88629e-23 2.7168e-22 1.36047e-21 6.12196e-21 2.47016e-20 8.91995e-20 2.87839e-19 8.29289e-19 2.13308e-18 4.903e-18 1.00913e-17 1.8654e-17 3.10842e-17 4.68806e-17 6.42397e-17 8.02442e-17 9.16059e-17 9.5723e-17 9.16059e-17 8.02442e-17 6.42397e-17 4.68806e-17 3.10842e-17 1.8654e-17 1.00913e-17 4.903e-18 2.13308e-18 8.29289e-19 2.87839e-19 8.91995e-20 2.47016e-20 6.12196e-21 1.36047e-21 2.7168e-22 4.88629e-23 7.93308e-24 1.16521e-24 1.55159e-25 1.87675e-26 2.06572e-27 2.07239e-28 1.8977e-29 1.5881e-30 1.21586e-31 8.52348e-33 5.47488e-34 3.22378e-35 1.74066e-36 8.61903e-38 3.91333e-39 1.62865e-40 6.20775e-42 2.17201e-43 5.60519e-45 0 0 0 0 0 0 0 0 0 0 0 0 0
0 0 0 0 0 0 0 0 0 0 0 0 0 4.2039e-45 2.10195e-43 6.20775e-42 1.67644e-40 4.14979e-39 9.42419e-38 1.96432e-36 3.75844e-35 6.60112e-34 1.06401e-32 1.57328e-31 2.13276e-30 2.64856e-29 3.01014e-28 3.12731e-27 2.96607e-26 2.56425e-25 2.01731e-24 1.44148e-23 9.33683e-23 5.47039e-22 2.89269e-21 1.37746e-20 5.89389e-20 2.26155e-19 7.76908e-19 2.38674e-18 6.55471e-18 1.61016e-17 3.54398e-17 7.00877e-17 1.25012e-16 2.01974e-16 2.96901e-16 3.98739e-16 4.90946e-16 5.55619e-16 5.78914e-16 5.55619e-16 4.90946e-16 3.98739e-16 2.96901e-16 2.01974e-16 1.25012e-16 7.00877e-17 3.54398e-17 1.61016e-17 6.55471e-18 2.38674e-18 7.76908e-19 2.26155e-19 5.89389e-20 1.37746e-20 2.89269e-21 5.47039e-22 9.33683e-23 1.44148e-23 2.01731e-24 2.56425e-25 2.96607e-26 3.12731e-27 3.01014e-28 2.64856e-29 2.13276e-30 1.57328e-31 1.06401e-32 6.60112e-34 3.75844e-35 1.96432e-36 9.42419e-38 4.14979e-39 1.67644e-40 6.20775e-42 2.10195e-43 4.2039e-45 0 0 0 0 0 0 0 0 0 0 0 0
0 0 0 0 0 0 0 0 0 0 0 0 4.2039e-45 1.90577e-43 5.86163e-42 1.62865e-40 4.14979e-39 9.70878e-38 2.0866e-36 4.12045e-35 7.47642e-34 1.24627e-32 1.90787e-31 2.68082e-30 3.45508e-29 4.08066e-28 4.41181e-27 4.36086e-26 3.93526e-25 3.23686e-24 2.42244e-23 1.64635e-22 1.014e-21 5.64751e-21 2.83802e-20 1.28399e-19 5.21902e-19 1.90247e-18 6.21087e-18 1.81465e-17 4.74599e-17 1.11255e-16 2.34344e-16 4.45154e-16 7.66012e-16 1.19993e-15 1.71938e-15 2.26342e-15 2.74721e-15 3.08249e-15 3.20253e-15 3.08249e-15 2.74721e-15 2.26342e-15 1.71938e-15 1.19993e-15 7.66012e-16 4.45154e-16 2.34344e-16 1.11255e-16 4.74599e-17 1.81465e-17 6.21087e-18 1.90247e-18 5.21902e-19 1.28399e-19 2.83802e-20 5.64751e-21 1.014e-21 1.64635e-22 2.42244e-23 3.23686e-24 3.93526e-25 4.36086e-26 4.41181e-27 4.08066e-28 3.45508e-29 2.68082e-30 1.90787e-31 1.24627e-32 7.47642e-34 4.12045e-35 2.0866e-36 9.70878e-38 4.14979e-39 1.62865e-40 5.86163e-42 1.90577e-43 4.2039e-45 0 0 0 0 0 0 0 0 0 0 0
0 0 0 0 0 0 0 0 0 0 0 4.2039e-45 1.66755e-43 5.22965e-42 1.49324e-40 3.91333e-39 9.42419e-38 2.0866e-36 4.24862e-35 7.9562e-34 1.37012e-32 2.16912e-31 3.15549e-30 4.21529e-29 5.1666e-28 5.80447e-27 5.97017e-26 5.61422e-25 4.81954e-24 3.7705e-23 2.68325e-22 1.7335e-21 1.01453e-20 5.36697e-20 2.56067e-19 1.09952e-18 4.24067e-18 1.46674e-17 4.5448e-17 1.26134e-16 3.13811e-16 7.01343e-16 1.41277e-15 2.57653e-15 4.2763e-15 6.49419e-15 9.07065e-15 1.17049e-14 1.40056e-14 1.55809e-14 1.61416e-14 1.55809e-14 1.40056e-14 1.17049e-14 9.07065e-15 6.49419e-15 4.2763e-15 2.57653e-15 1.41277e-15 7.01343e-16 3.13811e-16 1.26134e-16 4.5448e-17 1.46674e-17 4.24067e-18 1.09952e-18 2.56067e-19 5.36697e-20 1.01453e-20 1.7335e-21 2.68325e-22 3.7705e-23 4.81954e-24 5.61422e-25 5.97017e-26 5.80447e-27 5.1666e-28 4.21529e-29 3.15549e-30 2.16912e-31 1.37012e-32 7.9562e-34 4.24862e-35 2.0866e-36 9.42419e-38 3.91333e-39 1.49324e-40 5.22965e-42 1.66755e-43 4.2039e-45 0 0 0 0 0 0 0 0 0 0
0 0 0 0 0 0 0 0 0 0 2.8026e-45 1.37327e-43 4.40708e-42 1.29193e-40 3.47973e-39 8.61903e-38 1.96432e-36 4.12045e-35 7.9562e-34 1.41406e-32 2.31271e-31 3.47926e-30 4.81176e-29 6.11279e-28 7.12663e-27 7.61649e-26 7.45235e-25 6.66599e-24 5.44205e-23 4.04769e-22 2.7375e-21 1.67996e-20 9.33451e-20 4.68559e-19 2.12009e-18 8.62889e-18 3.15341e-17 1.03336e-16 3.03455e-16 7.9884e-16 1.88813e-15 4.01868e-15 7.73507e-15 1.35356e-14 2.16602e-14 3.18837e-14 4.34052e-14 5.49027e-14 6.47632e-14 7.14339e-14 7.37936e-14 7.14339e-14 6.47632e-14 5.49027e-14 4.34052e-14 3.18837e-14 2.16602e-14 1.35356e-14 7.73507e-15 4.01868e-15 1.88813e-15 7.9884e-16 3.03455e-16 1.03336e-16 3.15341e-17 8.62889e-18 2.12009e-18 4.68559e-19 9.33451e-20 1.67996e-20 2.7375e-21 4.04769e-22 5.44205e-23 6.66599e-24 7.45235e-25 7.61649e-26 7.12663e-27 6.11279e-28 4.81176e-29 3.47926e-30 2.31271e-31 1.41406e-32 7.9562e-34 4.12045e-35 1.96432e-36 8.61903e-38 3.47973e-39 1.29193e-40 4.40708e-42 1.37327e-43 2.8026e-45 0 0 0 0 0 0 0 0 0
0 0 0 0 0 0 0 0 0 2.8026e-45 1.05097e-43 3.50044e-42 1.05449e-40 2.91699e-39 7.42575e-38 1.74066e-36 3.75844e-35 7.47642e-34 1.37012e-32 2.31271e-31 3.59433e-30 5.14058e-29 6.76077e-28 8.16933e-27 9.05998e-26 9.21058e-25 8.57156e-24 7.29063e-23 5.65783e-22 3.99844e-21 2.56802e-20 1.49567e-19 7.88175e-19 3.74949e-18 1.60667e-17 6.18886e-17 2.13949e-16 6.63093e-16 1.84217e-15 4.59203e-15 1.02953e-14 2.08408e-14 3.82907e-14 6.42451e-14 9.90752e-14 1.41313e-13 1.87468e-13 2.32405e-13 2.7024e-13 2.95523e-13 3.04412e-13 2.95523e-13 2.7024e-13 2.32405e-13 1.87468e-13 1.41313e-13 9.90752e-14 6.42451e-14 3.82907e-14 2.08408e-14 1.02953e-14 4.59203e-15 1.84217e-15 6.63093e-16 2.13949e-16 6.18886e-17 1.60667e-17 3.74949e-18 7.88175e-19 1.49567e-19 2.56802e-20 3.99844e-21 5.65783e-22 7.29063e-23 8.57156e-24 9.21058e-25 9.05998e-26 8.16933e-27 6.76077e-28 5.14058e-29 3.59433e-30 2.31271e-31 1.37012e-32 7.47642e-34 3.75844e-35 1.74066e-36 7.42575e-38 2.91699e-39 1.05449e-40 3.50044e-42 1.05097e-43 2.8026e-45 0 0 0 0 0 0 0 0
0 0 0 0 0 0 0 0 1.4013e-45 7.70714e-44 2.62743e-42 8.11688e-41 2.30453e-39 6.02525e-38 1.4516e-36 3.22378e-35 6.60112e-34 1.24627e-32 2.16912e-31 3.47926e-30 5.14058e-29 6.99151e-28 8.7459e-27 1.00527e-25 1.06046e-24 1.02533e-23 9.07268e-23 7.33463e-22 5.40742e-21 3.62826e-20 2.2109e-19 1.22074e-18 6.09322e-18 2.74307e-17 1.11131e-16 4.04394e-16 1.31983e-15 3.86076e-15 1.01258e-14 2.38529e-14 5.06345e-14 9.73368e-14 1.70501e-13 2.7404e-13 4.07e-13 5.62238e-13 7.26593e-13 8.82623e-13 1.01153e-12 1.0966e-12 1.12632e-12 1.0966e-12 1.01153e-12 8.82623e-13 7.26593e-13 5.62238e-13 4.07e-13 2.7404e-13 1.70501e-13 9.73368e-14 5.06345e-14 2.38529e-14 1.01258e-14 3.86076e-15 1.31983e-15 4.04394e-16 1.11131e-16 2.74307e-17 6.09322e-18 1.22074e-18 2.2109e-19 3.62826e-20 5.40742e-21 7.33463e-22 9.07268e-23 1.02533e-23 1.06046e-24 1.00527e-25 8.7459e-27 6.99151e-28 5.14058e-29 3.47926e-30 2.16912e-31 1.24627e-32 6.60112e-34 3.22378e-35 1.4516e-36 6.02525e-38 2.30453e-39 8.11688e-41 2.62743e-42 7.70714e-44 1.4013e-45 0 0 0 0 0 0 0
0 0 0 0 0 0 0 1.4013e-45 5.04467e-44 1.85812e-42 5.88966e-41 1.71517e-39 4.60257e-38 1.13885e-36 2.5995e-35 5.47488e-34 1.06401e-32 1.90787e-31 3.15549e-30 4.81176e-29 6.76077e-28 8.7459e-27 1.04069e-25 1.13779e-24 1.14149e-23 1.04934e-22 8.8245e-22 6.77656e-21 4.7426e-20 3.01846e-19 1.74314e-18 9.1123e-18 4.30153e-17 1.82931e-16 6.99312e-16 2.39871e-15 7.37357e-15 2.03072e-14 5.01564e-14 1.11388e-13 2.23399e-13 4.07077e-13 6.78841e-13 1.04403e-12 1.49203e-12 1.99495e-12 2.51026e-12 2.98683e-12 3.37294e-12 3.62443e-12 3.71173e-12 3.62443e-12 3.37294e-12 2.98683e-12 2.51026e-12 1.99495e-12 1.49203e-12 1.04403e-12 6.78841e-13 4.07077e-13 2.23399e-13 1.11388e-13 5.01564e-14 2.03072e-14 7.37357e-15 2.39871e-15 6.99312e-16 1.82931e-16 4.30153e-17 9.1123e-18 1.74314e-18 3.01846e-19 4.7426e-20 6.77656e-21 8.8245e-22 1.04934e-22 1.14149e-23 1.13779e-24 1.04069e-25 8.7459e-27 6.76077e-28 4.81176e-29 3.15549e-30 1.90787e-31 1.06401e-32 5.47488e-34 2.5995e-35 1.13885e-36 4.60257e-38 1.71517e-39 5.88966e-41 1.85812e-42 5.04467e-44 1.4013e-45 0 0 0 0 0 0
0 0 0 0 0 0 0 3.36312e-44 1.23875e-42 4.02607e-41 1.20194e-39 3.3083e-38 8.40193e-37 1.96973e-35 4.2639e-34 8.52348e-33 1.57328e-31 2.68082e-30 4.21529e-29 6.11279e-28 8.16933e-27 1.00527e-25 1.13779e-24 1.18302e-23 1.12841e-22 9.85813e-22 7.87429e-21 5.73951e-20 3.80951e-19 2.29724e-18 1.25557e-17 6.20428e-17 2.76478e-16 1.10839e-15 3.98874e-15 1.2863e-14 3.71368e-14 9.60084e-14 2.22647e-13 4.64833e-13 8.78566e-13 1.51427e-12 2.39982e-12 3.5268e-12 4.84465e-12 6.2643e-12 7.66976e-12 8.93434e-12 9.93797e-12 1.05828e-11 1.08051e-11 1.05828e-11 9.93797e-12 8.93434e-12 7.66976e-12 6.2643e-12 4.84465e-12 3.5268e-12 2.39982e-12 1.51427e-12 8.78566e-13 4.64833e-13 2.22647e-13 9.60084e-14 3.71368e-14 1.2863e-14 3.98874e-15 1.10839e-15 2.76478e-16 6.20428e-17 1.25557e-17 2.29724e-18 3.80951e-19 5.73951e-20 7.87429e-21 9.85813e-22 1.12841e-22 1.18302e-23 1.13779e-24 1.00527e-25 8.16933e-27 6.11279e-28 4.21529e-29 2.68082e-30 1.57328e-31 8.52348e-33 4.2639e-34 1.96973e-35 8.40193e-37 3.3083e-38 1.20194e-39 4.02607e-41 1.23875e-42 3.36312e-44 0 0 0 0 0 0
0 0 0 0 0 0 2.10195e-44 7.79122e-43 2.59142e-41 7.92569e-40 2.23627e-38 5.82555e-37 1.4018e-35 3.11675e-34 6.40383e-33 1.21586e-31 2.13276e-30 3.45508e-29 5.1666e-28 7.12663e-27 9.05998e-26 1.06046e-24 1.14149e-23 1.12841e-22 1.02286e-21 8.4873e-21 6.43429e-20 4.44736e-19 2.79632e-18 1.59551e-17 8.23997e-17 3.8416e-16 1.61254e-15 6.07887e-15 2.05352e-14 6.20652e-14 1.67725e-13 4.05597e-13 8.80012e-13 1.72137e-12 3.05687e-12 4.97084e-12 7.47115e-12 1.04741e-11 1.38107e-11 1.72505e-11 2.0533e-11 2.34008e-11 2.5627e-11 2.70363e-11 2.75185e-11 2.70363e-11 2.5627e-11 2.34008e-11 2.0533e-11 1.72505e-11 1.38107e-11 1.04741e-11 7.47115e-12 4.97084e-12 3.05687e-12 1.72137e-12 8.80012e-13 4.05597e-13 1.67725e-13 6.20652e-14 2.05352e-14 6.07887e-15 1.61254e-15 3.8416e-16 8.23997e-17 1.59551e-17 2.79632e-18 4.44736e-19 6.43429e-20 8.4873e-21 1.02286e-21 1.12841e-22 1.14149e-23 1.06046e-24 9.05998e-26 7.12663e-27 5.1666e-28 3.45508e-29 2.13276e-30 1.21586e-31 6.40383e-33 3.11675e-34 1.4018e-35 5.82555e-37 2.23627e-38 7.92569e-40 2.59142e-41 7.79122e-43 2.10195e-44 0 0 0 0 0
0 0 0 0 0 1.12104e-44 4.61027e-43 1.56917e-41 4.91396e-40 1.42051e-38 3.79348e-37 9.36351e-36 2.13693e-34 4.50984e-33 8.80132e-32 1.5881e-30 2.64856e-29 4.08066e-28 5.80447e-27 7.61649e-26 9.21058e-25 1.02533e-23 1.04934e-22 9.85813e-22 8.4873e-21 6.68387e-20 4.80477e-19 3.14572e-18 1.87114e-17 1.00854e-16 4.91222e-16 2.15591e-15 8.50217e-15 3.0049e-14 9.49666e-14 2.67993e-13 6.75125e-13 1.52058e-12 3.07349e-12 5.61013e-12 9.3272e-12 1.42666e-11 2.02853e-11 2.70739e-11 3.42092e-11 4.12202e-11 4.76465e-11 5.30817e-11 5.71991e-11 5.97633e-11 6.06337e-11 5.97633e-11 5.71991e-11 5.30817e-11 4.76465e-11 4.12202e-11 3.42092e-11 2.70739e-11 2.02853e-11 1.42666e-11 9.3272e-12 5.61013e-12 3.07349e-12 1.52058e-12 6.75125e-13 2.67993e-13 9.49666e-14 3.0049e-14 8.50217e-15 2.15591e-15 4.91222e-16 1.00854e-16 1.87114e-17 3.14572e-18 4.80477e-19 6.68387e-20 8.4873e-21 9.85813e-22 1.04934e-22 1.02533e-23 9.21058e-25 7.61649e-26 5.80447e-27 4.08066e-28 2.64856e-29 1.5881e-30 8.80132e-32 4.50984e-33 2.13693e-34 9.36351e-36 3.79348e-37 1.42051e-38 4.91396e-40 1.56917e-41 4.61027e-43 1.12104e-44 0 0 0 0
0 0 0 0 5.60519e-45 2.56438e-43 8.92627e-42 2.86207e-40 8.47197e-39 2.31803e-37 5.86568e-36 1.37322e-34 2.97486e-33 5.96357e-32 1.10612e-30 1.8977e-29 3.01014e-28 4.41181e-27 5.97017e-26 7.45235e-25 8.57156e-24 9.07268e-23 8.8245e-22 7.87429e-21 6.43429e-20 4.80477e-19 3.27151e-18 2.0261e-17 1.13828e-16 5.78468e-16 2.65122e-15 1.09249e-14 4.03529e-14 1.33232e-13 3.92322e-13 1.029e-12 2.40449e-12 5.01784e-12 9.39991e-12 1.59343e-11 2.46981e-11 3.54101e-11 4.74937e-11 6.02021e-11 7.27539e-11 8.44372e-11 9.46674e-11 1.03005e-10 1.09147e-10 1.12901e-10 1.14163e-10 1.12901e-10 1.09147e-10 1.03005e-10 9.46674e-11 8.44372e-11 7.27539e-11 6.02021e-11 4.74937e-11 3.54101e-11 2.46981e-11 1.59343e-11 9.39991e-12 5.01784e-12 2.40449e-12 1.029e-12 3.92322e-13 1.33232e-13 4.03529e-14 1.09249e-14 2.65122e-15 5.78468e-16 1.13828e-16 2.0261e-17 3.27151e-18 4.80477e-19 6.43429e-20 7.87429e-21 8.8245e-22 9.07268e-23 8.57156e-24 7.45235e-25 5.97017e-26 4.41181e-27 3.01014e-28 1.8977e-29 1.10612e-30 5.96357e-32 2.97486e-33 1.37322e-34 5.86568e-36 2.31803e-37 8.47197e-39 2.86207e-40 8.92627e-42 2.56438e-43 5.60519e-45 0 0 0
0 0 0 2.8026e-45 1.33123e-43 4.77002e-42 1.56428e-40 4.73925e-39 1.32786e-37 3.44281e-36 8.26335e-35 1.83644e-33 3.77916e-32 7.20063e-31 1.26996e-29 2.07239e-28 3.12731e-27 4.36086e-26 5.61422e-25 6.66599e-24 7.29063e-23 7.33463e-22 6.77656e-21 5.73951e-20 4.44736e-19 3.14572e-18 2.0261e-17 1.18509e-16 6.27665e-16 3.00074e-15 1.29069e-14 4.97791e-14 1.71579e-13 5.26947e-13 1.43861e-12 3.48746e-12 7.51314e-12 1.44352e-11 2.49065e-11 3.89881e-11 5.60691e-11 7.50547e-11 9.46613e-11 1.13681e-10 1.3115e-10 1.46405e-10 1.59055e-10 1.68919e-10 1.75943e-10 1.80139e-10 1.81534e-10 1.80139e-10 1.75943e-10 1.68919e-10 1.59055e-10 1.46405e-10 1.3115e-10 1.13681e-10 9.46613e-11 7.50547e-11 5.60691e-11 3.89881e-11 2.49065e-11 1.44352e-11 7.51314e-12 3.48746e-12 1.43861e-12 5.26947e-13 1.71579e-13 4.97791e-14 1.29069e-14 3.00074e-15 6.27665e-16 1.18509e-16 2.0261e-17 3.14572e-18 4.44736e-19 5.73951e-20 6.77656e-21 7.33463e-22 7.29063e-23 6.66599e-24 5.61422e-25 4.36086e-26 3.12731e-27 2.07239e-28 1.26996e-29 7.20063e-31 3.77916e-32 1.83644e-33 8.26335e-35 3.44281e-36 1.32786e-37 4.73925e-39 1.56428e-40 4.77002e-42 1.33123e-43 2.8026e-45 0 0
0 0 1.4013e-45 6.5861e-44 2.38921e-42 8.01403e-41 2.48377e-39 7.12278e-38 1.89123e-36 4.65127e-35 1.05984e-33 2.23759e-32 4.37691e-31 7.93047e-30 1.33049e-28 2.06572e-27 2.96607e-26 3.93526e-25 4.81954e-24 5.44205e-23 5.65783e-22 5.40742e-21 4.7426e-20 3.80951e-19 2.79632e-18 1.87114e-17 1.13828e-16 6.27665e-16 3.12707e-15 1.40272e-14 5.64464e-14 2.03001e-13 6.50067e-13 1.84745e-12 4.64806e-12 1.03433e-11 2.03901e-11 3.57907e-11 5.64596e-11 8.10924e-11 1.07651e-10 1.34035e-10 1.58543e-10 1.80093e-10 1.98197e-10 2.12803e-10 2.24123e-10 2.32476e-10 2.3818e-10 2.41494e-10 2.4258e-10 2.41494e-10 2.3818e-10 2.32476e-10 2.24123e-10 2.12803e-10 1.98197e-10 1.80093e-10 1.58543e-10 1.34035e-10 1.07651e-10 8.10924e-11 5.64596e-11 3.57907e-11 2.03901e-11 1.03433e-11 4.64806e-12 1.84745e-12 6.50067e-13 2.03001e-13 5.64464e-14 1.40272e-14 3.12707e-15 6.27665e-16 1.13828e-16 1.87114e-17 2.79632e-18 3.80951e-19 4.7426e-20 5.40742e-21 5.65783e-22 5.44205e-23 4.81954e-24 3.93526e-25 2.96607e-26 2.06572e-27 1.33049e-28 7.93047e-30 4.37691e-31 2.23759e-32 1.05984e-33 4.65127e-35 1.89123e-36 7.12278e-38 2.48377e-39 8.01403e-41 2.38921e-42 6.5861e-44 1.4013e-45 0
0 0 2.94273e-44 1.12104e-42 3.84292e-41 1.21789e-39 3.57303e-38 9.71073e-37 2.44593e-35 5.71121e-34 1.23638e-32 2.48141e-31 4.61616e-30 7.95699e-29 1.27024e-27 1.87675e-26 2.56425e-25 3.23686e-24 3.7705e-23 4.04769e-22 3.99844e-21 3.62826e-20 3.01846e-19 2.29724e-18 1.59551e-17 1.00854e-16 5.78468e-16 3.00074e-15 1.40272e-14 5.8859e-14 2.20779e-13 7.3713e-13 2.18146e-12 5.70082e-12 1.31204e-11 2.65757e-11 4.7502e-11 7.5476e-11 1.0796e-10 1.41372e-10 1.72542e-10 1.99456e-10 2.21322e-10 2.38308e-10 2.51087e-10 2.6048e-10 2.67255e-10 2.72002e-10 2.75144e-10 2.76935e-10 2.77519e-10 2.76935e-10 2.75144e-10 2.72002e-10 2.67255e-10 2.6048e-10 2.51087e-10 2.38308e-10 2.21322e-10 1.99456e-10 1.72542e-10 1.41372e-10 1.0796e-10 7.5476e-11 4.7502e-11 2.65757e-11 1.31204e-11 5.70082e-12 2.18146e-12 7.3713e-13 2.20779e-13 5.8859e-14 1.40272e-14 3.00074e-15 5.78468e-16 1.00854e-16 1.59551e-17 2.29724e-18 3.01846e-19 3.62826e-20 3.99844e-21 4.04769e-22 3.7705e-23 3.23686e-24 2.56425e-25 1.87675e-26 1.27024e-27 7.95699e-29 4.61616e-30 2.48141e-31 1.23638e-32 5.71121e-34 2.44593e-35 9.71073e-37 3.57303e-38 1.21789e-39 3.84292e-41 1.12104e-42 2.94273e-44 0
0 1.12104e-44 4.87652e-43 1.72178e-41 5.57864e-40 1.67363e-38 4.65369e-37 1.1999e-35 2.86966e-34 6.36668e-33 1.31034e-31 2.50134e-30 4.42734e-29 7.26256e-28 1.10343e-26 1.55159e-25 2.01731e-24 2.42244e-23 2.68325e-22 2.7375e-21 2.56802e-20 2.2109e-19 1.74314e-18 1.25557e-17 8.23997e-17 4.91222e-16 2.65122e-15 1.29069e-14 5.64464e-14 2.20779e-13 7.68631e-13 2.37008e-12 6.44104e-12 1.53602e-11 3.20464e-11 5.84776e-11 9.37404e-11 1.33453e-10 1.71777e-10 2.04385e-10 2.29628e-10 2.47855e-10 2.6053e-10 2.69388e-10 2.75798e-10 2.80711e-10 2.84615e-10 2.87696e-10 2.89973e-10 2.91375e-10 2.91856e-10 2.91375e-10 2.89973e-10 2.87696e-10 2.84615e-10 2.80711e-10 2.75798e-10 2.69388e-10 2.6053e-10 2.47855e-10 2.29628e-10 2.04385e-10 1.71777e-10 1.33453e-10 9.37404e-11 5.84776e-11 3.20464e-11 1.53602e-11 6.44104e-12 2.37008e-12 7.68631e-13 2.20779e-13 5.64464e-14 1.29069e-14 2.65122e-15 4.91222e-16 8.23997e-17 1.25557e-17 1.74314e-18 2.2109e-19 2.56802e-20 2.7375e-21 2.68325e-22 2.42244e-23 2.01731e-24 1.55159e-25 1.10343e-26 7.26256e-28 4.42734e-29 2.50134e-30 1.31034e-31 6.36668e-33 2.86966e-34 1.1999e-35 4.65369e-37 1.67363e-38 5.57864e-40 1.72178e-41 4.86251e-43 0
0 1.97583e-43 7.19567e-42 2.38298e-40 7.30761e-39 2.07801e-37 5.48221e-36 1.34227e-34 3.0505e-33 6.43502e-32 1.25985e-30 2.28852e-29 3.8554e-28 6.02015e-27 8.7066e-26 1.16521e-24 1.44148e-23 1.64635e-22 1.7335e-21 1.67996e-20 1.49567e-19 1.22074e-18 9.1123e-18 6.20428e-17 3.8416e-16 2.15591e-15 1.09249e-14 4.97791e-14 2.03001e-13 7.3713e-13 2.37008e-12 6.70809e-12 1.66149e-11 3.58248e-11 6.70171e-11 1.08834e-10 1.5461e-10 1.95532e-10 2.2618e-10 2.46556e-10 2.5948e-10 2.68126e-10 2.75154e-10 2.81931e-10 2.88832e-10 2.95749e-10 3.0218e-10 3.07722e-10 3.11938e-10 3.14585e-10 3.15478e-10 3.14585e-10 3.11938e-10 3.07722e-10 3.0218e-10 2.95749e-10 2.88832e-10 2.81931e-10 2.75154e-10 2.68126e-10 2.5948e-10 2.46556e-10 2.2618e-10 1.95532e-10 1.5461e-10 1.08834e-10 6.70171e-11 3.58248e-11 1.66149e-11 6.70809e-12 2.37008e-12 7.3713e-13 2.03001e-13 4.97791e-14 1.09249e-14 2.15591e-15 3.8416e-16 6.20428e-17 9.1123e-18 1.22074e-18 1.49567e-19 1.67996e-20 1.7335e-21 1.64635e-22 1.44148e-23 1.16521e-24 8.7066e-26 6.02015e-27 3.8554e-28 2.28852e-29 1.25985e-30 6.43502e-32 3.0505e-33 1.34227e-34 5.48221e-36 2.07801e-37 7.30761e-39 2.38298e-40 7.19006e-42 0
0 2.79699e-42 9.47362e-41 2.96845e-39 8.62901e-38 2.32836e-36 5.83374e-35 1.35747e-33 2.93371e-32 5.88787e-31 1.0971e-29 1.89715e-28 3.0429e-27 4.52378e-26 6.22828e-25 7.93308e-24 9.33683e-23 1.014e-21 1.01453e-20 9.33451e-20 7.88175e-19 6.09322e-18 4.30153e-17 2.76478e-16 1.61254e-15 8.50217e-15 4.03529e-14 1.71579e-13 6.50067e-13 2.18146e-12 6.44104e-12 1.66149e-11 3.71753e-11 7.1692e-11 1.18745e-10 1.69429e-10 2.11402e-10 2.38056e-10 2.52564e-10 2.61904e-10 2.70612e-10 2.80944e-10 2.93317e-10 3.06512e-10 3.19553e-10 3.31434e-10 3.41487e-10 3.49496e-10 3.55173e-10 3.58644e-10 3.59745e-10 3.58644e-10 3.55173e-10 3.49496e-10 3.41487e-10 3.31434e-10 3.19553e-10 3.06512e-10 2.93317e-10 2.80944e-10 2.70612e-10 2.61904e-10 2.52564e-10 2.38056e-10 2.11402e-10 1.69429e-10 1.18745e-10 7.1692e-11 3.71753e-11 1.66149e-11 6.44104e-12 2.18146e-12 6.50067e-13 1.71579e-13 4.03529e-14 8.50217e-15 1.61254e-15 2.76478e-16 4.30153e-17 6.09322e-18 7.88175e-19 9.33451e-20 1.01453e-20 1.014e-21 9.33683e-23 7.93308e-24 6.22828e-25 4.52378e-26 3.0429e-27 1.89715e-28 1.0971e-29 5.88787e-31 2.93371e-32 1.35747e-33 5.83374e-35 2.32836e-36 8.62901e-38 2.96844e-39 9.46563e-41 0
0 3.49456e-41 1.11932e-39 3.32493e-38 9.17245e-37 2.35082e-35 5.59858e-34 1.23904e-32 2.54806e-31 4.86799e-30 8.63665e-29 1.42224e-27 2.17241e-26 3.07537e-25 4.03098e-24 4.88629e-23 5.47039e-22 5.64751e-21 5.36697e-20 4.68559e-19 3.74949e-18 2.74307e-17 1.82931e-16 1.10839e-15 6.07887e-15 3.0049e-14 1.33232e-13 5.26947e-13 1.84745e-12 5.70082e-12 1.53602e-11 3.58248e-11 7.1692e-11 1.22193e-10 1.76971e-10 2.20022e-10 2.42845e-10 2.52527e-10 2.61952e-10 2.76089e-10 2.93753e-10 3.13536e-10 3.32684e-10 3.49395e-10 3.63597e-10 3.74711e-10 3.83454e-10 3.8984e-10 3.9427e-10 3.96874e-10 3.9771e-10 3.96874e-10 3.9427e-10 3.8984e-10 3.83454e-10 3.74711e-10 3.63597e-10 3.49395e-10 3.32684e-10 3.13536e-10 2.93753e-10 2.76089e-10 2.61952e-10 2.52527e-10 2.42845e-10 2.20022e-10 1.76971e-10 1.22193e-10 7.1692e-11 3.58248e-11 1.53602e-11 5.70082e-12 1.84745e-12 5.26947e-13 1.33232e-13 3.0049e-14 6.07887e-15 1.10839e-15 1.82931e-16 2.74307e-17 3.74949e-18 4.68559e-19 5.36697e-20 5.64751e-21 5.47039e-22 4.88629e-23 4.03098e-24 3.07537e-25 2.17241e-26 1.42224e-27 8.63665e-29 4.86799e-30 2.54806e-31 1.23904e-32 5.59858e-34 2.35082e-35 9.17245e-37 3.32493e-38 1.1183e-39 0
0 3.90445e-40 1.18581e-38 3.34333e-37 8.76183e-36 2.13484e-34 4.83647e-33 1.01873e-31 1.9947e-30 3.62936e-29 6.13353e-28 9.62156e-27 1.39989e-25 1.88733e-24 2.35517e-23 2.7168e-22 2.89269e-21 2.83802e-20 2.56067e-19 2.12009e-18 1.60667e-17 1.11131e-16 6.99312e-16 3.98874e-15 2.05352e-14 9.49666e-14 3.92322e-13 1.43861e-12 4.64806e-12 1.31204e-11 3.20464e-11 6.70171e-11 1.18745e-10 1.76971e-10 2.22689e-10 2.44086e-10 2.50871e-10 2.63041e-10 2.85944e-10 3.1105e-10 3.34273e-10 3.5448e-10 3.69516e-10 3.81588e-10 3.91284e-10 3.98948e-10 4.05783e-10 4.10783e-10 4.14964e-10 4.17137e-10 4.18191e-10 4.17137e-10 4.14964e-10 4.10783e-10 4.05783e-10 3.98948e-10 3.91284e-10 3.81588e-10 3.69516e-10 3.5448e-10 3.34273e-10 3.1105e-10 2.85944e-10 2.63041e-10 2.50871e-10 2.44086e-10 2.22689e-10 1.76971e-10 1.18745e-10 6.70171e-11 3.20464e-11 1.31204e-11 4.64806e-12 1.43861e-12 3.92322e-13 9.49666e-14 2.05352e-14 3.98874e-15 6.99312e-16 1.11131e-16 1.60667e-17 2.12009e-18 2.56067e-19 2.83802e-20 2.89269e-21 2.7168e-22 2.35517e-23 1.88733e-24 1.39989e-25 9.62156e-27 6.13353e-28 3.62936e-29 1.9947e-30 1.01873e-31 4.83647e-33 2.13484e-34 8.76183e-36 3.34333e-37 1.18462e-38 0
0 3.89934e-39 1.12433e-37 3.01196e-36 7.50562e-35 1.74003e-33 3.75271e-32 7.52804e-31 1.40421e-29 2.43447e-28 3.92047e-27 5.8602e-26 8.12338e-25 1.04315e-23 1.23939e-22 1.36047e-21 1.37746e-20 1.28399e-19 1.09952e-18 8.62889e-18 6.18886e-17 4.04394e-16 2.39871e-15 1.2863e-14 6.20652e-14 2.67993e-13 1.029e-12 3.48746e-12 1.03433e-11 2.65757e-11 5.84776e-11 1.08834e-10 1.69429e-10 2.20022e-10 2.44086e-10 2.50084e-10 2.64508e-10 2.95693e-10 3.25964e-10 3.46386e-10 3.6324e-10 3.7619e-10 3.869e-10 3.99149e-10 4.0989e-10 4.21109e-10 4.30795e-10 4.38803e-10 4.45099e-10 4.48523e-10 4.50125e-10 4.48523e-10 4.45099e-10 4.38803e-10 4.30795e-10 4.21109e-10 4.0989e-10 3.99149e-10 3.869e-10 3.7619e-10 3.6324e-10 3.46386e-10 3.25964e-10 2.95693e-10 2.64508e-10 2.50084e-10 2.44086e-10 2.20022e-10 1.69429e-10 1.08834e-10 5.84776e-11 2.65757e-11 1.03433e-11 3.48746e-12 1.029e-12 2.67993e-13 6.20652e-14 1.2863e-14 2.39871e-15 4.04394e-16 6.18886e-17 8.62889e-18 1.09952e-18 1.28399e-19 1.37746e-20 1.36047e-21 1.23939e-22 1.04315e-23 8.12338e-25 5.8602e-26 3.92047e-27 2.43447e-28 1.40421e-29 7.52804e-31 3.75271e-32 1.74003e-33 7.50562e-35 3.01196e-36 1.12307e-37 0
0 3.47333e-38 9.51876e-37 2.42526e-35 5.7518e-34 1.26975e-32 2.60881e-31 4.9872e-30 8.86712e-29 1.46548e-27 2.24978e-26 3.20552e-25 4.23457e-24 5.18034e-23 5.86068e-22 6.12196e-21 5.89389e-20 5.21902e-19 4.24067e-18 3.15341e-17 2.13949e-16 1.31983e-15 7.37357e-15 3.71368e-14 1.67725e-13 6.75125e-13 2.40449e-12 7.51314e-12 2.03901e-11 4.7502e-11 9.37404e-11 1.5461e-10 2.11402e-10 2.42845e-10 2.50871e-10 2.64508e-10 2.99739e-10 3.33952e-10 3.4931e-10 3.61882e-10 3.7898e-10 3.93913e-10 4.12564e-10 4.30852e-10 4.46184e-10 4.61665e-10 4.72132e-10 4.82304e-10 4.87867e-10 4.92522e-10 4.93105e-10 4.92522e-10 4.87867e-10 4.82304e-10 4.72132e-10 4.61665e-10 4.46184e-10 4.30852e-10 4.12564e-10 3.93913e-10 3.7898e-10 3.61882e-10 3.4931e-10 3.33952e-10 2.99739e-10 2.64508e-10 2.50871e-10 2.42845e-10 2.11402e-10 1.5461e-10 9.37404e-11 4.7502e-11 2.03901e-11 7.51314e-12 2.40449e-12 6.75125e-13 1.67725e-13 3.71368e-14 7.37357e-15 1.31983e-15 2.13949e-16 3.15341e-17 4.24067e-18 5.21902e-19 5.89389e-20 6.12196e-21 5.86068e-22 5.18034e-23 4.23457e-24 3.20552e-25 2.24978e-26 1.46548e-27 8.86712e-29 4.9872e-30 2.60881e-31 1.26975e-32 5.7518e-34 2.42525e-35 9.50695e-37 0
0 2.75202e-37 7.17595e-36 1.74059e-34 3.93213e-33 8.27241e-32 1.62032e-30 2.95376e-29 5.00872e-28 7.89535e-27 1.15601e-25 1.57063e-24 1.97797e-23 2.30585e-22 2.48456e-21 2.47016e-20 2.26155e-19 1.90247e-18 1.46674e-17 1.03336e-16 6.63093e-16 3.86076e-15 2.03072e-14 9.60084e-14 4.05597e-13 1.52058e-12 5.01784e-12 1.44352e-11 3.57907e-11 7.5476e-11 1.33453e-10 1.95532e-10 2.38056e-10 2.52527e-10 2.63041e-10 2.95693e-10 3.33952e-10 3.49078e-10 3.58549e-10 3.84148e-10 4.08083e-10 4.28432e-10 4.51544e-10 4.66388e-10 4.81785e-10 4.93765e-10 5.03031e-10 5.12229e-10 5.16627e-10 5.21861e-10 5.21411e-10 5.21861e-10 5.16627e-10 5.12229e-10 5.03031e-10 4.93765e-10 4.81785e-10 4.66388e-10 4.51544e-10 4.28432e-10 4.08083e-10 3.84148e-10 3.58549e-10 3.49078e-10 3.33952e-10 2.95693e-10 2.63041e-10 2.52527e-10 2.38056e-10 1.95532e-10 1.33453e-10 7.5476e-11 3.57907e-11 1.44352e-11 5.01784e-12 1.52058e-12 4.05597e-13 9.60084e-14 2.03072e-14 3.86076e-15 6.63093e-16 1.03336e-16 1.46674e-17 1.90247e-18 2.26155e-19 2.47016e-20 2.48456e-21 2.30585e-22 1.97797e-23 1.57063e-24 1.15601e-25 7.89535e-27 5.00872e-28 2.95376e-29 1.62032e-30 8.27241e-32 3.93213e-33 1.74058e-34 7.1661e-36 0
0 1.93344e-36 4.8018e-35 1.10988e-33 2.39045e-32 4.79655e-31 8.96345e-30 1.55924e-28 2.52333e-27 3.79605e-26 5.30386e-25 6.87526e-24 8.25815e-23 9.17806e-22 9.42283e-21 8.91995e-20 7.76908e-19 6.21087e-18 4.5448e-17 3.03455e-16 1.84217e-15 1.01258e-14 5.01564e-14 2.22647e-13 8.80012e-13 3.07349e-12 9.39991e-12 2.49065e-11 5.64596e-11 1.0796e-10 1.71777e-10 2.2618e-10 2.52564e-10 2.61952e-10 2.85944e-10 3.25964e-10 3.4931e-10 3.58549e-10 3.87303e-10 4.20422e-10 4.3655e-10 4.56689e-10 4.74243e-10 4.87015e-10 5.05501e-10 5.16904e-10 5.32141e-10 5.41217e-10 5.50473e-10 5.54713e-10 5.5701e-10 5.54713e-10 5.50473e-10 5.41217e-10 5.32141e-10 5.16904e-10 5.05501e-10 4.87015e-10 4.74243e-10 4.56689e-10 4.3655e-10 4.20422e-10 3.87303e-10 3.58549e-10 3.4931e-10 3.25964e-10 2.85944e-10 2.61952e-10 2.52564e-10 2.2618e-10 1.71777e-10 1.0796e-10 5.64596e-11 2.49065e-11 9.39991e-12 3.07349e-12 8.80012e-13 2.22647e-13 5.01564e-14 1.01258e-14 1.84217e-15 3.03455e-16 4.5448e-17 6.21087e-18 7.76908e-19 8.91995e-20 9.42283e-21 9.17806e-22 8.25815e-23 6.87526e-24 5.30386e-25 3.79605e-26 2.52333e-27 1.55924e-28 8.96345e-30 4.79655e-31 2.39045e-32 1.10988e-33 4.79454e-35 0
0 1.19998e-35 2.84161e-34 6.26508e-33 1.2877e-31 2.4666e-30 4.40141e-29 7.31221e-28 1.13022e-26 1.62392e-25 2.16679e-24 2.68171e-23 3.07442e-22 3.25985e-21 3.19118e-20 2.87839e-19 2.38674e-18 1.81465e-17 1.26134e-16 7.9884e-16 4.59203e-15 2.38529e-14 1.11388e-13 4.64833e-13 1.72137e-12 5.61013e-12 1.59343e-11 3.89881e-11 8.10924e-11 1.41372e-10 2.04385e-10 2.46556e-10 2.61904e-10 2.76089e-10 3.1105e-10 3.46386e-10 3.61882e-10 3.84148e-10 4.20422e-10 4.37872e-10 4.51603e-10 4.78689e-10 4.97033e-10 5.19973e-10 5.41562e-10 5.57703e-10 5.75973e-10 5.85556e-10 5.97598e-10 6.00314e-10 6.05021e-10 6.00314e-10 5.97598e-10 5.85556e-10 5.75973e-10 5.57703e-10 5.41562e-10 5.19973e-10 4.97033e-10 4.78689e-10 4.51603e-10 4.37872e-10 4.20422e-10 3.84148e-10 3.61882e-10 3.46386e-10 3.1105e-10 2.76089e-10 2.61904e-10 2.46556e-10 2.04385e-10 1.41372e-10 8.10924e-11 3.89881e-11 1.59343e-11 5.61013e-12 1.72137e-12 4.64833e-13 1.11388e-13 2.38529e-14 4.59203e-15 7.9884e-16 1.26134e-16 1.81465e-17 2.38674e-18 2.87839e-19 3.19118e-20 3.25985e-21 3.07442e-22 2.68171e-23 2.16679e-24 1.62392e-25 1.13022e-26 7.31221e-28 4.40141e-29 2.4666e-30 1.2877e-31 6.26507e-33 2.83688e-34 0
0 6.55164e-35 1.48101e-33 3.1181e-32 6.12246e-31 1.12072e-29 1.91152e-28 3.03592e-27 4.4863e-26 6.16262e-25 7.86043e-24 9.29785e-23 1.01846e-21 1.03137e-20 9.63777e-20 8.29289e-19 6.55471e-18 4.74599e-17 3.13811e-16 1.88813e-15 1.02953e-14 5.06345e-14 2.23399e-13 8.78566e-13 3.05687e-12 9.3272e-12 2.46981e-11 5.60691e-11 1.07651e-10 1.72542e-10 2.29628e-10 2.5948e-10 2.70612e-10 2.93753e-10 3.34273e-10 3.6324e-10 3.7898e-10 4.08083e-10 4.3655e-10 4.51603e-10 4.81449e-10 5.12214e-10 5.31008e-10 5.5699e-10 5.74671e-10 5.92607e-10 6.08737e-10 6.2051e-10 6.31642e-10 6.36369e-10 6.399e-10 6.36369e-10 6.31642e-10 6.2051e-10 6.08737e-10 5.92607e-10 5.74671e-10 5.5699e-10 5.31008e-10 5.12214e-10 4.81449e-10 4.51603e-10 4.3655e-10 4.08083e-10 3.7898e-10 3.6324e-10 3.34273e-10 2.93753e-10 2.70612e-10 2.5948e-10 2.29628e-10 1.72542e-10 1.07651e-10 5.60691e-11 2.46981e-11 9.3272e-12 3.05687e-12 8.78566e-13 2.23399e-13 5.06345e-14 1.02953e-14 1.88813e-15 3.13811e-16 4.74599e-17 6.55471e-18 8.29289e-19 9.63777e-20 1.03137e-20 1.01846e-21 9.29785e-23 7.86043e-24 6.16262e-25 4.4863e-26 3.03592e-27 1.91152e-28 1.12072e-29 6.12246e-31 3.11809e-32 1.4783e-33 0
