0 1.07818e-35 1.16216e-34 1.18391e-33 1.14779e-32 1.05854e-31 9.28158e-31 7.73317e-30 6.11864e-29 4.59452e-28 3.27209e-27 2.20856e-26 1.41183e-25 8.54125e-25 4.88646e-24 2.64158e-23 1.34831e-22 6.49279e-22 2.94749e-21 1.26046e-20 5.07402e-20 1.92153e-19 6.84182e-19 2.28948e-18 7.19806e-18 2.12599e-17 5.89963e-17 1.53873e-16 3.77448e-16 8.71615e-16 1.89722e-15 3.89871e-15 7.57789e-15 1.3961e-14 2.44356e-14 4.07306e-14 6.48169e-14 9.87187e-14 1.44246e-13 2.02677e-13 2.74439e-13 3.5884e-13 4.53904e-13 5.56353e-13 6.6174e-13 7.64752e-13 8.59623e-13 9.40641e-13 1.00267e-12 1.04163e-12 1.05492e-12 1.04163e-12 1.00267e-12 9.40641e-13 8.59623e-13 7.64752e-13 6.6174e-13 5.56353e-13 4.53904e-13 3.5884e-13 2.74439e-13 2.02677e-13 1.44246e-13 9.87187e-14 6.48169e-14 4.07306e-14 2.44356e-14 1.3961e-14 7.57789e-15 3.89871e-15 1.89722e-15 8.71615e-16 3.77448e-16 1.53873e-16 5.89963e-17 2.12599e-17 7.19806e-18 2.28948e-18 6.84182e-19 1.92153e-19 5.07402e-20 1.26046e-20 2.94749e-21 6.49279e-22 1.34831e-22 2.64158e-23 4.88646e-24 8.54125e-25 1.41183e-25 2.20856e-26 3.27209e-27 4.59452e-28 6.11864e-29 7.73317e-30 9.28158e-31 1.05854e-31 1.14779e-32 1.18383e-33 1.15255e-34 0
0 5.92748e-35 6.21365e-34 6.15294e-33 5.79787e-32 5.1964e-31 4.42734e-30 3.58372e-29 2.75427e-28 2.00851e-27 1.3888e-26 9.099e-26 5.64435e-25 3.31259e-24 1.83788e-23 9.63192e-23 4.76441e-22 2.22259e-21 9.77067e-21 4.04462e-20 1.5755e-19 5.77131e-19 1.9871e-18 6.42811e-18 1.9533e-17 5.5753e-17 1.49512e-16 3.76889e-16 8.93777e-16 1.99625e-15 4.20542e-15 8.37113e-15 1.57774e-14 2.82202e-14 4.80206e-14 7.79376e-14 1.2096e-13 1.79979e-13 2.57368e-13 3.54535e-13 4.715e-13 6.06592e-13 7.56298e-13 9.15331e-13 1.07689e-12 1.23314e-12 1.37576e-12 1.4967e-12 1.58881e-12 1.64647e-12 1.6661e-12 1.64647e-12 1.58881e-12 1.4967e-12 1.37576e-12 1.23314e-12 1.07689e-12 9.15331e-13 7.56298e-13 6.06592e-13 4.715e-13 3.54535e-13 2.57368e-13 1.79979e-13 1.2096e-13 7.79376e-14 4.80206e-14 2.82202e-14 1.57774e-14 8.37113e-15 4.20542e-15 1.99625e-15 8.93777e-16 3.76889e-16 1.49512e-16 5.5753e-17 1.9533e-17 6.42811e-18 1.9871e-18 5.77131e-19 1.5755e-19 4.04462e-20 9.77067e-21 2.22259e-21 4.76441e-22 9.63192e-23 1.83788e-23 3.31259e-24 5.64435e-25 9.099e-26 1.3888e-26 2.00851e-27 2.75427e-28 3.58372e-29 4.42734e-30 5.1964e-31 5.79786e-32 6.15247e-33 6.15932e-34 0
0 6.11e-34 6.22284e-33 5.98306e-32 5.47297e-31 4.76078e-30 3.9358e-29 3.09043e-28 2.3033e-27 1.62829e-26 1.09106e-25 6.92428e-25 4.15886e-24 2.3621e-23 1.26763e-22 6.42238e-22 3.06933e-21 1.38253e-20 5.86462e-20 2.34101e-19 8.7873e-19 3.09973e-18 1.02704e-17 3.19511e-17 9.33142e-17 2.55856e-16 6.58835e-16 1.59429e-15 3.62908e-15 7.78118e-15 1.57418e-14 3.01094e-14 5.45756e-14 9.39825e-14 1.54177e-13 2.4161e-13 3.62693e-13 5.22956e-13 7.26138e-13 9.73332e-13 1.26234e-12 1.58731e-12 1.9388e-12 2.30416e-12 2.6683e-12 3.01469e-12 3.32657e-12 3.58813e-12 3.78567e-12 3.90864e-12 3.95039e-12 3.90864e-12 3.78567e-12 3.58813e-12 3.32657e-12 3.01469e-12 2.6683e-12 2.30416e-12 1.9388e-12 1.58731e-12 1.26234e-12 9.73332e-13 7.26138e-13 5.22956e-13 3.62693e-13 2.4161e-13 1.54177e-13 9.39825e-14 5.45756e-14 3.01094e-14 1.57418e-14 7.78118e-15 3.62908e-15 1.59429e-15 6.58835e-16 2.55856e-16 9.33142e-17 3.19511e-17 1.02704e-17 3.09973e-18 8.7873e-19 2.34101e-19 5.86462e-20 1.38253e-20 3.06933e-21 6.42238e-22 1.26763e-22 2.3621e-23 4.15886e-24 6.92428e-25 1.09106e-25 1.62829e-26 2.3033e-27 3.09043e-28 3.9358e-29 4.76078e-30 5.47297e-31 5.98254e-32 6.16518e-33 0
0 6.04346e-33 5.98211e-32 5.58634e-31 4.96227e-30 4.19078e-29 3.36282e-28 2.56227e-27 1.8525e-26 1.26997e-25 8.24908e-25 5.07284e-24 2.95107e-23 1.62266e-22 8.42606e-22 4.12852e-21 1.90704e-20 8.2975e-20 3.39778e-19 1.30846e-18 4.7351e-18 1.60927e-17 5.13392e-17 1.5369e-16 4.31688e-16 1.13786e-15 2.81578e-15 6.54707e-15 1.432e-14 2.95095e-14 5.74043e-14 1.05653e-13 1.84454e-13 3.06312e-13 4.85262e-13 7.35533e-13 1.06982e-12 1.49736e-12 2.0222e-12 2.64175e-12 3.34613e-12 4.1181e-12 4.93382e-12 5.7642e-12 6.5767e-12 7.33742e-12 8.01328e-12 8.57404e-12 8.99417e-12 9.2543e-12 9.34238e-12 9.2543e-12 8.99417e-12 8.57404e-12 8.01328e-12 7.33742e-12 6.5767e-12 5.7642e-12 4.93382e-12 4.1181e-12 3.34613e-12 2.64175e-12 2.0222e-12 1.49736e-12 1.06982e-12 7.35533e-13 4.85262e-13 3.06312e-13 1.84454e-13 1.05653e-13 5.74043e-14 2.95095e-14 1.432e-14 6.54707e-15 2.81578e-15 1.13786e-15 4.31688e-16 1.5369e-16 5.13392e-17 1.60927e-17 4.7351e-18 1.30846e-18 3.39778e-19 8.2975e-20 1.90704e-20 4.12852e-21 8.42606e-22 1.62266e-22 2.95107e-23 5.07284e-24 8.24908e-25 1.26997e-25 1.8525e-26 2.56227e-27 3.36282e-28 4.19078e-29 4.96227e-30 5.5858e-31 5.92339e-32 0
0 5.68861e-32 5.47198e-31 4.96226e-30 4.27953e-29 3.50805e-28 2.73155e-27 2.01897e-26 1.41552e-25 9.40669e-25 5.92044e-24 3.52622e-23 1.9858e-22 1.05646e-21 5.30486e-21 2.51191e-20 1.12061e-19 4.70579e-19 1.85852e-18 6.89772e-18 2.40397e-17 7.86261e-17 2.4122e-16 6.9398e-16 1.87219e-15 4.73732e-15 1.125e-14 2.50976e-14 5.26712e-14 1.04174e-13 1.94599e-13 3.44214e-13 5.78157e-13 9.24919e-13 1.41369e-12 2.07089e-12 2.91637e-12 3.95992e-12 5.19875e-12 6.6161e-12 8.18143e-12 9.85185e-12 1.15747e-11 1.32909e-11 1.49382e-11 1.64553e-11 1.77846e-11 1.88753e-11 1.96856e-11 2.01845e-11 2.0353e-11 2.01845e-11 1.96856e-11 1.88753e-11 1.77846e-11 1.64553e-11 1.49382e-11 1.32909e-11 1.15747e-11 9.85185e-12 8.18143e-12 6.6161e-12 5.19875e-12 3.95992e-12 2.91637e-12 2.07089e-12 1.41369e-12 9.24919e-13 5.78157e-13 3.44214e-13 1.94599e-13 1.04174e-13 5.26712e-14 2.50976e-14 1.125e-14 4.73732e-15 1.87219e-15 6.9398e-16 2.4122e-16 7.86261e-17 2.40397e-17 6.89772e-18 1.85852e-18 4.70579e-19 1.12061e-19 2.51191e-20 5.30486e-21 1.05646e-21 1.9858e-22 3.52622e-23 5.92044e-24 9.40669e-25 1.41552e-25 2.01897e-26 2.73155e-27 3.50805e-28 4.27952e-29 4.96172e-30 5.41509e-31 0
0 5.09267e-31 4.75981e-30 4.19077e-29 3.50805e-28 2.79041e-27 2.10769e-26 1.51067e-25 1.02667e-24 6.61062e-24 4.02947e-23 2.32313e-22 1.2657e-21 6.51061e-21 3.15894e-20 1.44436e-19 6.21751e-19 2.51743e-18 9.57879e-18 3.42224e-17 1.14718e-16 3.60585e-16 1.06227e-15 2.93237e-15 7.58525e-15 1.83929e-14 4.18393e-14 8.93886e-14 1.79659e-13 3.40393e-13 6.09481e-13 1.03423e-12 1.6684e-12 2.56702e-12 3.77965e-12 5.34321e-12 7.27573e-12 9.57201e-12 1.22019e-11 1.51113e-11 1.82256e-11 2.14547e-11 2.4699e-11 2.78554e-11 3.08227e-11 3.35066e-11 3.58229e-11 3.77004e-11 3.90825e-11 3.99283e-11 4.0213e-11 3.99283e-11 3.90825e-11 3.77004e-11 3.58229e-11 3.35066e-11 3.08227e-11 2.78554e-11 2.4699e-11 2.14547e-11 1.82256e-11 1.51113e-11 1.22019e-11 9.57201e-12 7.27573e-12 5.34321e-12 3.77965e-12 2.56702e-12 1.6684e-12 1.03423e-12 6.09481e-13 3.40393e-13 1.79659e-13 8.93886e-14 4.18393e-14 1.83929e-14 7.58525e-15 2.93237e-15 1.06227e-15 3.60585e-16 1.14718e-16 3.42224e-17 9.57879e-18 2.51743e-18 6.21751e-19 1.44436e-19 3.15894e-20 6.51061e-21 1.2657e-21 2.32313e-22 4.02947e-23 6.61062e-24 1.02667e-24 1.51067e-25 2.10769e-26 2.79041e-27 3.50805e-28 4.19026e-29 4.70737e-30 0
0 4.3337e-30 3.9349e-29 3.36281e-28 2.73155e-27 2.10769e-26 1.54378e-25 1.07255e-24 7.06251e-24 4.40397e-23 2.59835e-22 1.44919e-21 7.63341e-21 3.79366e-20 1.77712e-19 7.83899e-19 3.25279e-18 1.26847e-17 4.64436e-17 1.5952e-16 5.13583e-16 1.54897e-15 4.37445e-15 1.15656e-14 2.86308e-14 6.63946e-14 1.44367e-13 2.94744e-13 5.66089e-13 1.02522e-12 1.75573e-12 2.85218e-12 4.41012e-12 6.51347e-12 9.22166e-12 1.2559e-11 1.65087e-11 2.10116e-11 2.59704e-11 3.12576e-11 3.67256e-11 4.22173e-11 4.75765e-11 5.26549e-11 5.73189e-11 6.14526e-11 6.49597e-11 6.77634e-11 6.98059e-11 7.1047e-11 7.14633e-11 7.1047e-11 6.98059e-11 6.77634e-11 6.49597e-11 6.14526e-11 5.73189e-11 5.26549e-11 4.75765e-11 4.22173e-11 3.67256e-11 3.12576e-11 2.59704e-11 2.10116e-11 1.65087e-11 1.2559e-11 9.22166e-12 6.51347e-12 4.41012e-12 2.85218e-12 1.75573e-12 1.02522e-12 5.66089e-13 2.94744e-13 1.44367e-13 6.63946e-14 2.86308e-14 1.15656e-14 4.37445e-15 1.54897e-15 5.13583e-16 1.5952e-16 4.64436e-17 1.26847e-17 3.25279e-18 7.83899e-19 1.77712e-19 3.79366e-20 7.63341e-21 1.44919e-21 2.59835e-22 4.40397e-23 7.06251e-24 1.07255e-24 1.54378e-25 2.10769e-26 2.73155e-27 3.36235e-28 3.88894e-29 0
0 3.50339e-29 3.08963e-28 2.56226e-27 2.01897e-26 1.51067e-25 1.07255e-24 7.21985e-24 4.60399e-23 2.77879e-22 1.58596e-21 8.55121e-21 4.35143e-20 2.08766e-19 9.43321e-19 4.01025e-18 1.60228e-17 6.01052e-17 2.11477e-16 6.9726e-16 2.15258e-15 6.21845e-15 1.68027e-14 4.24612e-14 1.00373e-13 2.22088e-13 4.6048e-13 8.96162e-13 1.64061e-12 2.83298e-12 4.62879e-12 7.18124e-12 1.06182e-11 1.50204e-11 2.0405e-11 2.67186e-11 3.38409e-11 4.15961e-11 4.97703e-11 5.81317e-11 6.64482e-11 7.45031e-11 8.21048e-11 8.90927e-11 9.53387e-11 1.00745e-10 1.05241e-10 1.08777e-10 1.11321e-10 1.12854e-10 1.13367e-10 1.12854e-10 1.11321e-10 1.08777e-10 1.05241e-10 1.00745e-10 9.53387e-11 8.90927e-11 8.21048e-11 7.45031e-11 6.64482e-11 5.81317e-11 4.97703e-11 4.15961e-11 3.38409e-11 2.67186e-11 2.0405e-11 1.50204e-11 1.06182e-11 7.18124e-12 4.62879e-12 2.83298e-12 1.64061e-12 8.96162e-13 4.6048e-13 2.22088e-13 1.00373e-13 4.24612e-14 1.68027e-14 6.21845e-15 2.15258e-15 6.9726e-16 2.11477e-16 6.01052e-17 1.60228e-17 4.01025e-18 9.43321e-19 2.08766e-19 4.35143e-20 8.55121e-21 1.58596e-21 2.77879e-22 4.60399e-23 7.21985e-24 1.07255e-24 1.51067e-25 2.01897e-26 2.56186e-27 3.05137e-28 0
0 2.6888e-28 2.30264e-27 1.8525e-26 1.41552e-25 1.02667e-24 7.06251e-24 4.60399e-23 2.84166e-22 1.65908e-21 9.15367e-21 4.76778e-20 2.34192e-19 1.08366e-18 4.71837e-18 1.93101e-17 7.41964e-17 2.67367e-16 9.0262e-16 2.85202e-15 8.42728e-15 2.32716e-14 6.0033e-14 1.44659e-13 3.25706e-13 6.85779e-13 1.35208e-12 2.50108e-12 4.35168e-12 7.14388e-12 1.11045e-11 1.64072e-11 2.3137e-11 3.12681e-11 4.06606e-11 5.10755e-11 6.22038e-11 7.37011e-11 8.52229e-11 9.64529e-11 1.07123e-10 1.17021e-10 1.25996e-10 1.33949e-10 1.40826e-10 1.46609e-10 1.513e-10 1.54916e-10 1.57478e-10 1.59007e-10 1.59515e-10 1.59007e-10 1.57478e-10 1.54916e-10 1.513e-10 1.46609e-10 1.40826e-10 1.33949e-10 1.25996e-10 1.17021e-10 1.07123e-10 9.64529e-11 8.52229e-11 7.37011e-11 6.22038e-11 5.10755e-11 4.06606e-11 3.12681e-11 2.3137e-11 1.64072e-11 1.11045e-11 7.14388e-12 4.35168e-12 2.50108e-12 1.35208e-12 6.85779e-13 3.25706e-13 1.44659e-13 6.0033e-14 2.32716e-14 8.42728e-15 2.85202e-15 9.0262e-16 2.67367e-16 7.41964e-17 1.93101e-17 4.71837e-18 1.08366e-18 2.34192e-19 4.76778e-20 9.15367e-21 1.65908e-21 2.84166e-22 4.60399e-23 7.06251e-24 1.02667e-24 1.41551e-25 1.85217e-26 2.27238e-27 0
0 1.95787e-27 1.62776e-26 1.26997e-25 9.40669e-25 6.61062e-24 4.40397e-23 2.77879e-22 1.65908e-21 9.36371e-21 4.99056e-20 2.50901e-19 1.18854e-18 5.29892e-18 2.22075e-17 8.73839e-17 3.22447e-16 1.11446e-15 3.60383e-15 1.0892e-14 3.074e-14 8.09578e-14 1.98883e-13 4.55731e-13 9.7449e-13 1.9464e-12 3.63725e-12 6.37369e-12 1.05041e-11 1.63386e-11 2.40818e-11 3.37795e-11 4.52937e-11 5.8314e-11 7.23994e-11 8.70394e-11 1.01717e-10 1.15966e-10 1.29402e-10 1.41749e-10 1.52834e-10 1.62577e-10 1.70975e-10 1.78075e-10 1.8396e-10 1.88724e-10 1.92467e-10 1.95276e-10 1.97228e-10 1.98376e-10 1.98755e-10 1.98376e-10 1.97228e-10 1.95276e-10 1.92467e-10 1.88724e-10 1.8396e-10 1.78075e-10 1.70975e-10 1.62577e-10 1.52834e-10 1.41749e-10 1.29402e-10 1.15966e-10 1.01717e-10 8.70394e-11 7.23994e-11 5.8314e-11 4.52937e-11 3.37795e-11 2.40818e-11 1.63386e-11 1.05041e-11 6.37369e-12 3.63725e-12 1.9464e-12 9.7449e-13 4.55731e-13 1.98883e-13 8.09578e-14 3.074e-14 1.0892e-14 3.60383e-15 1.11446e-15 3.22447e-16 8.73839e-17 2.22075e-17 5.29892e-18 1.18854e-18 2.50901e-19 4.99056e-20 9.36371e-21 1.65908e-21 2.77879e-22 4.40397e-23 6.61062e-24 9.40666e-25 1.26972e-25 1.60505e-26 0
0 1.35164e-26 1.09066e-25 8.24904e-25 5.92044e-24 4.02947e-23 2.59835e-22 1.58596e-21 9.15367e-21 4.99056e-20 2.56729e-19 1.24471e-18 5.68074e-18 2.4375e-17 9.82041e-17 3.71019e-16 1.31273e-15 4.34424e-15 1.343e-14 3.87417e-14 1.04184e-13 2.60991e-13 6.08808e-13 1.32243e-12 2.67638e-12 5.05271e-12 8.91536e-12 1.4742e-11 2.29227e-11 3.36527e-11 4.68583e-11 6.21802e-11 7.90211e-11 9.66408e-11 1.1427e-10 1.31211e-10 1.46916e-10 1.61014e-10 1.73316e-10 1.8379e-10 1.92519e-10 1.99665e-10 2.05424e-10 2.10002e-10 2.13592e-10 2.16365e-10 2.1846e-10 2.19984e-10 2.2102e-10 2.2162e-10 2.21817e-10 2.2162e-10 2.2102e-10 2.19984e-10 2.1846e-10 2.16365e-10 2.13592e-10 2.10002e-10 2.05424e-10 1.99665e-10 1.92519e-10 1.8379e-10 1.73316e-10 1.61014e-10 1.46916e-10 1.31211e-10 1.1427e-10 9.66408e-11 7.90211e-11 6.21802e-11 4.68583e-11 3.36527e-11 2.29227e-11 1.4742e-11 8.91536e-12 5.05271e-12 2.67638e-12 1.32243e-12 6.08808e-13 2.60991e-13 1.04184e-13 3.87417e-14 1.343e-14 4.34424e-15 1.31273e-15 3.71019e-16 9.82041e-17 2.4375e-17 5.68074e-18 1.24471e-18 2.56729e-19 4.99056e-20 9.15367e-21 1.58596e-21 2.59835e-22 4.02947e-23 5.92042e-24 8.24721e-25 1.0745e-25 0
0 8.84045e-26 6.9214e-25 5.07281e-24 3.52622e-23 2.32313e-22 1.44919e-21 8.55121e-21 4.76778e-20 2.50901e-19 1.24471e-18 5.81399e-18 2.55362e-17 1.05324e-16 4.07367e-16 1.47542e-15 4.99683e-15 1.58021e-14 4.66007e-14 1.27994e-13 3.27073e-13 7.76991e-13 1.71523e-12 3.5188e-12 6.71338e-12 1.19288e-11 1.97862e-11 3.07342e-11 4.48871e-11 6.19304e-11 8.11369e-11 1.01491e-10 1.21873e-10 1.41252e-10 1.58826e-10 1.74096e-10 1.86866e-10 1.97196e-10 2.05322e-10 2.1158e-10 2.16335e-10 2.1993e-10 2.22659e-10 2.24754e-10 2.26384e-10 2.27662e-10 2.28659e-10 2.29415e-10 2.29949e-10 2.30269e-10 2.30375e-10 2.30269e-10 2.29949e-10 2.29415e-10 2.28659e-10 2.27662e-10 2.26384e-10 2.24754e-10 2.22659e-10 2.1993e-10 2.16335e-10 2.1158e-10 2.05322e-10 1.97196e-10 1.86866e-10 1.74096e-10 1.58826e-10 1.41252e-10 1.21873e-10 1.01491e-10 8.11369e-11 6.19304e-11 4.48871e-11 3.07342e-11 1.97862e-11 1.19288e-11 6.71338e-12 3.5188e-12 1.71523e-12 7.76991e-13 3.27073e-13 1.27994e-13 4.66007e-14 1.58021e-14 4.99683e-15 1.47542e-15 4.07367e-16 1.05324e-16 2.55362e-17 5.81399e-18 1.24471e-18 2.50901e-19 4.76778e-20 8.55121e-21 1.44919e-21 2.32313e-22 3.52621e-23 5.07154e-24 6.81241e-25 0
0 5.47394e-25 4.1569e-24 2.95105e-23 1.9858e-22 1.2657e-21 7.63341e-21 4.35143e-20 2.34192e-19 1.18854e-18 5.68074e-18 2.55362e-17 1.0781e-16 4.26845e-16 1.58247e-15 5.48499e-15 1.77463e-14 5.35124e-14 1.50164e-13 3.91594e-13 9.47881e-13 2.12782e-12 4.42775e-12 8.54198e-12 1.52913e-11 2.54462e-11 3.94742e-11 5.73046e-11 7.82249e-11 1.00974e-10 1.24001e-10 1.45796e-10 1.65171e-10 1.81416e-10 1.94327e-10 2.04116e-10 2.11265e-10 2.1638e-10 2.20065e-10 2.22835e-10 2.25084e-10 2.27071e-10 2.28943e-10 2.30752e-10 2.3249e-10 2.34113e-10 2.35558e-10 2.3676e-10 2.37663e-10 2.38223e-10 2.38413e-10 2.38223e-10 2.37663e-10 2.3676e-10 2.35558e-10 2.34113e-10 2.3249e-10 2.30752e-10 2.28943e-10 2.27071e-10 2.25084e-10 2.22835e-10 2.20065e-10 2.1638e-10 2.11265e-10 2.04116e-10 1.94327e-10 1.81416e-10 1.65171e-10 1.45796e-10 1.24001e-10 1.00974e-10 7.82249e-11 5.73046e-11 3.94742e-11 2.54462e-11 1.52913e-11 8.54198e-12 4.42775e-12 2.12782e-12 9.47881e-13 3.91594e-13 1.50164e-13 5.35124e-14 1.77463e-14 5.48499e-15 1.58247e-15 4.26845e-16 1.0781e-16 2.55362e-17 5.68074e-18 1.18854e-18 2.34192e-19 4.35143e-20 7.63341e-21 1.2657e-21 1.98579e-22 2.95021e-23 4.08729e-24 0
0 3.20627e-24 2.36085e-23 1.62265e-22 1.05646e-21 6.51061e-21 3.79366e-20 2.08766e-19 1.08366e-18 5.29892e-18 2.4375e-17 1.05324e-16 4.26845e-16 1.61984e-15 5.74652e-15 1.90247e-14 5.86746e-14 1.68283e-13 4.48072e-13 1.10584e-12 2.52629e-12 5.33682e-12 1.04202e-11 1.88083e-11 3.14196e-11 4.86867e-11 7.02285e-11 9.47572e-11 1.20315e-10 1.44763e-10 1.663e-10 1.8383e-10 1.97071e-10 2.06426e-10 2.12738e-10 2.17004e-10 2.20156e-10 2.22918e-10 2.25761e-10 2.28918e-10 2.32433e-10 2.36224e-10 2.40141e-10 2.44012e-10 2.4767e-10 2.50973e-10 2.53807e-10 2.56086e-10 2.57751e-10 2.58764e-10 2.59104e-10 2.58764e-10 2.57751e-10 2.56086e-10 2.53807e-10 2.50973e-10 2.4767e-10 2.44012e-10 2.40141e-10 2.36224e-10 2.32433e-10 2.28918e-10 2.25761e-10 2.22918e-10 2.20156e-10 2.17004e-10 2.12738e-10 2.06426e-10 1.97071e-10 1.8383e-10 1.663e-10 1.44763e-10 1.20315e-10 9.47572e-11 7.02285e-11 4.86867e-11 3.14196e-11 1.88083e-11 1.04202e-11 5.33682e-12 2.52629e-12 1.10584e-12 4.48072e-13 1.68283e-13 5.86746e-14 1.90247e-14 5.74652e-15 1.61984e-15 4.26845e-16 1.05324e-16 2.4375e-17 5.29892e-18 1.08366e-18 2.08766e-19 3.79366e-20 6.51061e-21 1.05645e-21 1.62212e-22 2.31877e-23 0
0 1.77512e-23 1.26687e-22 8.42597e-22 5.30486e-21 3.15894e-20 1.77712e-19 9.43321e-19 4.71837e-18 2.22075e-17 9.82041e-17 4.07367e-16 1.58247e-15 5.74652e-15 1.94708e-14 6.14375e-14 1.80174e-13 4.9011e-13 1.23421e-12 2.87205e-12 6.16609e-12 1.21993e-11 2.22293e-11 3.7319e-11 5.78106e-11 8.28834e-11 1.105e-10 1.37879e-10 1.62325e-10 1.81993e-10 1.96276e-10 2.05719e-10 2.11617e-10 2.15515e-10 2.1879e-10 2.22413e-10 2.26893e-10 2.32334e-10 2.38567e-10 2.45277e-10 2.52114e-10 2.58759e-10 2.64962e-10 2.7055e-10 2.75421e-10 2.79524e-10 2.82849e-10 2.85404e-10 2.87209e-10 2.88283e-10 2.88639e-10 2.88283e-10 2.87209e-10 2.85404e-10 2.82849e-10 2.79524e-10 2.75421e-10 2.7055e-10 2.64962e-10 2.58759e-10 2.52114e-10 2.45277e-10 2.38567e-10 2.32334e-10 2.26893e-10 2.22413e-10 2.1879e-10 2.15515e-10 2.11617e-10 2.05719e-10 1.96276e-10 1.81993e-10 1.62325e-10 1.37879e-10 1.105e-10 8.28834e-11 5.78106e-11 3.7319e-11 2.22293e-11 1.21993e-11 6.16609e-12 2.87205e-12 1.23421e-12 4.9011e-13 1.80174e-13 6.14375e-14 1.94708e-14 5.74652e-15 1.58247e-15 4.07367e-16 9.82041e-17 2.22075e-17 4.71837e-18 9.43321e-19 1.77712e-19 3.15894e-20 5.30482e-21 8.42288e-22 1.24282e-22 0
0 9.28177e-23 6.41797e-22 4.12847e-21 2.51191e-20 1.44436e-19 7.83899e-19 4.01025e-18 1.93101e-17 8.73839e-17 3.71019e-16 1.47542e-15 5.48499e-15 1.90247e-14 6.14375e-14 1.84319e-13 5.12563e-13 1.31815e-12 3.12775e-12 6.83318e-12 1.3719e-11 2.52774e-11 4.27169e-11 6.62499e-11 9.45088e-11 1.24559e-10 1.52722e-10 1.75875e-10 1.92502e-10 2.02964e-10 2.09006e-10 2.12898e-10 2.16663e-10 2.21615e-10 2.28259e-10 2.36452e-10 2.45665e-10 2.55245e-10 2.6459e-10 2.73254e-10 2.80967e-10 2.87616e-10 2.93203e-10 2.97801e-10 3.01514e-10 3.04455e-10 3.06725e-10 3.08409e-10 3.09568e-10 3.10247e-10 3.1047e-10 3.10247e-10 3.09568e-10 3.08409e-10 3.06725e-10 3.04455e-10 3.01514e-10 2.97801e-10 2.93203e-10 2.87616e-10 2.80967e-10 2.73254e-10 2.6459e-10 2.55245e-10 2.45665e-10 2.36452e-10 2.28259e-10 2.21615e-10 2.16663e-10 2.12898e-10 2.09006e-10 2.02964e-10 1.92502e-10 1.75875e-10 1.52722e-10 1.24559e-10 9.45088e-11 6.62499e-11 4.27169e-11 2.52774e-11 1.3719e-11 6.83318e-12 3.12775e-12 1.31815e-12 5.12563e-13 1.84319e-13 6.14375e-14 1.90247e-14 5.48499e-15 1.47542e-15 3.71019e-16 8.73839e-17 1.93101e-17 4.01025e-18 7.83899e-19 1.44436e-19 2.51189e-20 4.12674e-21 6.2881e-22 0
0 4.57988e-22 3.06693e-21 1.90701e-20 1.12061e-19 6.21751e-19 3.25279e-18 1.60228e-17 7.41964e-17 3.22447e-16 1.31273e-15 4.99683e-15 1.77463e-14 5.86746e-14 1.80174e-13 5.12563e-13 1.34735e-12 3.2638e-12 7.26629e-12 1.48299e-11 2.76844e-11 4.71968e-11 7.3445e-11 1.04457e-10 1.36303e-10 1.64382e-10 1.85336e-10 1.98414e-10 2.05421e-10 2.095e-10 2.1366e-10 2.19825e-10 2.28567e-10 2.39388e-10 2.51244e-10 2.63029e-10 2.73876e-10 2.83285e-10 2.91092e-10 2.97384e-10 3.0238e-10 3.06344e-10 3.0952e-10 3.12106e-10 3.14239e-10 3.16003e-10 3.17441e-10 3.18567e-10 3.19379e-10 3.19872e-10 3.20037e-10 3.19872e-10 3.19379e-10 3.18567e-10 3.17441e-10 3.16003e-10 3.14239e-10 3.12106e-10 3.0952e-10 3.06344e-10 3.0238e-10 2.97384e-10 2.91092e-10 2.83285e-10 2.73876e-10 2.63029e-10 2.51244e-10 2.39388e-10 2.28567e-10 2.19825e-10 2.1366e-10 2.095e-10 2.05421e-10 1.98414e-10 1.85336e-10 1.64382e-10 1.36303e-10 1.04457e-10 7.3445e-11 4.71968e-11 2.76844e-11 1.48299e-11 7.26629e-12 3.2638e-12 1.34735e-12 5.12563e-13 1.80174e-13 5.86746e-14 1.77463e-14 4.99683e-15 1.31273e-15 3.22447e-16 7.41964e-17 1.60228e-17 3.25279e-18 6.21751e-19 1.1206e-19 1.9061e-20 3.00071e-21 0
0 2.1308e-21 1.3813e-20 8.29734e-20 4.70579e-19 2.51743e-18 1.26847e-17 6.01052e-17 2.67367e-16 1.11446e-15 4.34424e-15 1.58021e-14 5.35124e-14 1.68283e-13 4.9011e-13 1.31815e-12 3.2638e-12 7.41645e-12 1.54167e-11 2.92272e-11 5.04014e-11 7.89278e-11 1.12247e-10 1.45405e-10 1.72873e-10 1.91243e-10 2.00933e-10 2.05567e-10 2.09635e-10 2.16303e-10 2.2656e-10 2.39574e-10 2.53615e-10 2.6697e-10 2.78496e-10 2.8775e-10 2.94858e-10 3.00273e-10 3.04539e-10 3.08143e-10 3.11428e-10 3.1459e-10 3.17695e-10 3.20721e-10 3.23595e-10 3.26224e-10 3.28514e-10 3.3038e-10 3.3176e-10 3.32606e-10 3.32891e-10 3.32606e-10 3.3176e-10 3.3038e-10 3.28514e-10 3.26224e-10 3.23595e-10 3.20721e-10 3.17695e-10 3.1459e-10 3.11428e-10 3.08143e-10 3.04539e-10 3.00273e-10 2.94858e-10 2.8775e-10 2.78496e-10 2.6697e-10 2.53615e-10 2.39574e-10 2.2656e-10 2.16303e-10 2.09635e-10 2.05567e-10 2.00933e-10 1.91243e-10 1.72873e-10 1.45405e-10 1.12247e-10 7.89278e-11 5.04014e-11 2.92272e-11 1.54167e-11 7.41645e-12 3.2638e-12 1.31815e-12 4.9011e-13 1.68283e-13 5.35124e-14 1.58021e-14 4.34424e-15 1.11446e-15 2.67367e-16 6.01052e-17 1.26847e-17 2.51743e-18 4.70573e-19 8.29283e-20 1.34945e-20 0
0 9.34006e-21 5.85866e-20 3.3977e-19 1.85852e-18 9.57879e-18 4.64436e-17 2.11477e-16 9.0262e-16 3.60383e-15 1.343e-14 4.66007e-14 1.50164e-13 4.48072e-13 1.23421e-12 3.12775e-12 7.26629e-12 1.54167e-11 2.97586e-11 5.20717e-11 8.2355e-11 1.17573e-10 1.51793e-10 1.78555e-10 1.94483e-10 2.01422e-10 2.05031e-10 2.10898e-10 2.21526e-10 2.36096e-10 2.52058e-10 2.66816e-10 2.78792e-10 2.87686e-10 2.94103e-10 2.99025e-10 3.03395e-10 3.07861e-10 3.12735e-10 3.18051e-10 3.23655e-10 3.29321e-10 3.34811e-10 3.39924e-10 3.44508e-10 3.48462e-10 3.51728e-10 3.54276e-10 3.56096e-10 3.57187e-10 3.57551e-10 3.57187e-10 3.56096e-10 3.54276e-10 3.51728e-10 3.48462e-10 3.44508e-10 3.39924e-10 3.34811e-10 3.29321e-10 3.23655e-10 3.18051e-10 3.12735e-10 3.07861e-10 3.03395e-10 2.99025e-10 2.94103e-10 2.87686e-10 2.78792e-10 2.66816e-10 2.52058e-10 2.36096e-10 2.21526e-10 2.10898e-10 2.05031e-10 2.01422e-10 1.94483e-10 1.78555e-10 1.51793e-10 1.17573e-10 8.2355e-11 5.20717e-11 2.97586e-11 1.54167e-11 7.26629e-12 3.12775e-12 1.23421e-12 4.48072e-13 1.50164e-13 4.66007e-14 1.343e-14 3.60383e-15 9.0262e-16 2.11477e-16 4.64436e-17 9.57878e-18 1.85849e-18 3.39559e-19 5.71427e-20 0
0 3.85425e-20 2.33829e-19 1.30842e-18 6.89772e-18 3.42224e-17 1.5952e-16 6.9726e-16 2.85202e-15 1.0892e-14 3.87417e-14 1.27994e-13 3.91594e-13 1.10584e-12 2.87205e-12 6.83318e-12 1.48299e-11 2.92272e-11 5.20717e-11 8.35203e-11 1.20269e-10 1.55549e-10 1.81941e-10 1.96e-10 2.01016e-10 2.04745e-10 2.13568e-10 2.28516e-10 2.46286e-10 2.62828e-10 2.75712e-10 2.846e-10 2.90717e-10 2.95792e-10 3.01174e-10 3.07571e-10 3.15054e-10 3.23265e-10 3.31713e-10 3.39908e-10 3.47493e-10 3.54257e-10 3.60105e-10 3.65048e-10 3.6913e-10 3.72433e-10 3.75026e-10 3.76978e-10 3.78337e-10 3.7914e-10 3.79405e-10 3.7914e-10 3.78337e-10 3.76978e-10 3.75026e-10 3.72433e-10 3.6913e-10 3.65048e-10 3.60105e-10 3.54257e-10 3.47493e-10 3.39908e-10 3.31713e-10 3.23265e-10 3.15054e-10 3.07571e-10 3.01174e-10 2.95792e-10 2.90717e-10 2.846e-10 2.75712e-10 2.62828e-10 2.46286e-10 2.28516e-10 2.13568e-10 2.04745e-10 2.01016e-10 1.96e-10 1.81941e-10 1.55549e-10 1.20269e-10 8.35203e-11 5.20717e-11 2.92272e-11 1.48299e-11 6.83318e-12 2.87205e-12 1.10584e-12 3.91594e-13 1.27994e-13 3.87417e-14 1.0892e-14 2.85202e-15 6.9726e-16 1.5952e-16 3.42224e-17 6.89758e-18 1.30749e-18 2.27663e-19 0
0 1.49624e-19 8.77558e-19 4.73493e-18 2.40397e-17 1.14718e-16 5.13583e-16 2.15258e-15 8.42728e-15 3.074e-14 1.04184e-13 3.27073e-13 9.47881e-13 2.52629e-12 6.16609e-12 1.3719e-11 2.76844e-11 5.04014e-11 8.2355e-11 1.20269e-10 1.56785e-10 1.83498e-10 1.96578e-10 2.00456e-10 2.04909e-10 2.16986e-10 2.35736e-10 2.54996e-10 2.69874e-10 2.79535e-10 2.85804e-10 2.91297e-10 2.98067e-10 3.06755e-10 3.16925e-10 3.27709e-10 3.38146e-10 3.47586e-10 3.5573e-10 3.62523e-10 3.68135e-10 3.72763e-10 3.76626e-10 3.79891e-10 3.82663e-10 3.85014e-10 3.86953e-10 3.88492e-10 3.89602e-10 3.90283e-10 3.90506e-10 3.90283e-10 3.89602e-10 3.88492e-10 3.86953e-10 3.85014e-10 3.82663e-10 3.79891e-10 3.76626e-10 3.72763e-10 3.68135e-10 3.62523e-10 3.5573e-10 3.47586e-10 3.38146e-10 3.27709e-10 3.16925e-10 3.06755e-10 2.98067e-10 2.91297e-10 2.85804e-10 2.79535e-10 2.69874e-10 2.54996e-10 2.35736e-10 2.16986e-10 2.04909e-10 2.00456e-10 1.96578e-10 1.83498e-10 1.56785e-10 1.20269e-10 8.2355e-11 5.04014e-11 2.76844e-11 1.3719e-11 6.16609e-12 2.52629e-12 9.47881e-13 3.27073e-13 1.04184e-13 3.074e-14 8.42728e-15 2.15258e-15 5.13583e-16 1.14718e-16 2.40391e-17 4.73105e-18 8.52774e-19 0
0 5.4607e-19 3.09498e-18 1.60921e-17 7.8626e-17 3.60585e-16 1.54897e-15 6.21845e-15 2.32716e-14 8.09578e-14 2.60991e-13 7.76991e-13 2.12782e-12 5.33682e-12 1.21993e-11 2.52774e-11 4.71968e-11 7.89278e-11 1.17573e-10 1.55549e-10 1.83498e-10 1.96715e-10 2.00111e-10 2.05256e-10 2.20089e-10 2.41737e-10 2.6108e-10 2.73044e-10 2.79748e-10 2.85585e-10 2.93356e-10 3.03963e-10 3.16481e-10 3.2907e-10 3.40463e-10 3.50014e-10 3.57647e-10 3.63843e-10 3.69054e-10 3.73741e-10 3.78214e-10 3.8256e-10 3.86836e-10 3.90921e-10 3.94746e-10 3.9817e-10 4.01107e-10 4.03469e-10 4.05194e-10 4.06249e-10 4.06599e-10 4.06249e-10 4.05194e-10 4.03469e-10 4.01107e-10 3.9817e-10 3.94746e-10 3.90921e-10 3.86836e-10 3.8256e-10 3.78214e-10 3.73741e-10 3.69054e-10 3.63843e-10 3.57647e-10 3.50014e-10 3.40463e-10 3.2907e-10 3.16481e-10 3.03963e-10 2.93356e-10 2.85585e-10 2.79748e-10 2.73044e-10 2.6108e-10 2.41737e-10 2.20089e-10 2.05256e-10 2.00111e-10 1.96715e-10 1.83498e-10 1.55549e-10 1.17573e-10 7.89278e-11 4.71968e-11 2.52774e-11 1.21993e-11 5.33682e-12 2.12782e-12 7.76991e-13 2.60991e-13 8.09578e-14 2.32716e-14 6.21845e-15 1.54897e-15 3.60585e-16 7.86236e-17 1.60769e-17 3.00128e-18 0
0 1.87261e-18 1.02523e-17 5.13365e-17 2.4122e-16 1.06227e-15 4.37445e-15 1.68027e-14 6.0033e-14 1.98883e-13 6.08808e-13 1.71523e-12 4.42775e-12 1.04202e-11 2.22293e-11 4.27169e-11 7.3445e-11 1.12247e-10 1.51793e-10 1.81941e-10 1.96578e-10 2.00111e-10 2.05425e-10 2.21915e-10 2.45599e-10 2.64536e-10 2.73565e-10 2.78533e-10 2.86405e-10 2.98326e-10 3.12452e-10 3.26593e-10 3.38518e-10 3.47666e-10 3.54885e-10 3.60933e-10 3.66792e-10 3.73032e-10 3.79651e-10 3.86671e-10 3.93711e-10 4.00545e-10 4.06935e-10 4.12662e-10 4.17701e-10 4.2191e-10 4.25372e-10 4.28001e-10 4.29899e-10 4.30999e-10 4.3139e-10 4.30999e-10 4.29899e-10 4.28001e-10 4.25372e-10 4.2191e-10 4.17701e-10 4.12662e-10 4.06935e-10 4.00545e-10 3.93711e-10 3.86671e-10 3.79651e-10 3.73032e-10 3.66792e-10 3.60933e-10 3.54885e-10 3.47666e-10 3.38518e-10 3.26593e-10 3.12452e-10 2.98326e-10 2.86405e-10 2.78533e-10 2.73565e-10 2.64536e-10 2.45599e-10 2.21915e-10 2.05425e-10 2.00111e-10 1.96578e-10 1.81941e-10 1.51793e-10 1.12247e-10 7.3445e-11 4.27169e-11 2.22293e-11 1.04202e-11 4.42775e-12 1.71523e-12 6.08808e-13 1.98883e-13 6.0033e-14 1.68027e-14 4.37445e-15 1.06227e-15 2.41211e-16 5.12806e-17 9.91924e-18 0
0 6.03137e-18 3.18862e-17 1.5368e-16 6.93978e-16 2.93237e-15 1.15656e-14 4.24612e-14 1.44659e-13 4.55731e-13 1.32243e-12 3.5188e-12 8.54198e-12 1.88083e-11 3.7319e-11 6.62499e-11 1.04457e-10 1.45405e-10 1.78555e-10 1.96e-10 2.00456e-10 2.05256e-10 2.21915e-10 2.46918e-10 2.65989e-10 2.73059e-10 2.77411e-10 2.88675e-10 3.04939e-10 3.20314e-10 3.32929e-10 3.42375e-10 3.4926e-10 3.56029e-10 3.63681e-10 3.7224e-10 3.81845e-10 3.91538e-10 4.00877e-10 4.0953e-10 4.17061e-10 4.23701e-10 4.29244e-10 4.33984e-10 4.37902e-10 4.41131e-10 4.43746e-10 4.4572e-10 4.47172e-10 4.47988e-10 4.48307e-10 4.47988e-10 4.47172e-10 4.4572e-10 4.43746e-10 4.41131e-10 4.37902e-10 4.33984e-10 4.29244e-10 4.23701e-10 4.17061e-10 4.0953e-10 4.00877e-10 3.91538e-10 3.81845e-10 3.7224e-10 3.63681e-10 3.56029e-10 3.4926e-10 3.42375e-10 3.32929e-10 3.20314e-10 3.04939e-10 2.88675e-10 2.77411e-10 2.73059e-10 2.65989e-10 2.46918e-10 2.21915e-10 2.05256e-10 2.00456e-10 1.96e-10 1.78555e-10 1.45405e-10 1.04457e-10 6.62499e-11 3.7319e-11 1.88083e-11 8.54198e-12 3.5188e-12 1.32243e-12 4.55731e-13 1.44659e-13 4.24612e-14 1.15656e-14 2.93237e-15 6.93946e-16 1.53486e-16 3.07739e-17 0
0 1.82408e-17 9.30953e-17 4.31653e-16 1.87219e-15 7.58525e-15 2.86308e-14 1.00373e-13 3.25706e-13 9.7449e-13 2.67638e-12 6.71338e-12 1.52913e-11 3.14196e-11 5.78106e-11 9.45088e-11 1.36303e-10 1.72873e-10 1.94483e-10 2.01016e-10 2.04909e-10 2.20089e-10 2.45599e-10 2.65989e-10 2.72745e-10 2.76871e-10 2.91133e-10 3.10849e-10 3.25235e-10 3.34313e-10 3.42234e-10 3.498e-10 3.58998e-10 3.70569e-10 3.82241e-10 3.93629e-10 4.0401e-10 4.1256e-10 4.20133e-10 4.26396e-10 4.31973e-10 4.37091e-10 4.41638e-10 4.4606e-10 4.49863e-10 4.53463e-10 4.56348e-10 4.58831e-10 4.60521e-10 4.61657e-10 4.61961e-10 4.61657e-10 4.60521e-10 4.58831e-10 4.56348e-10 4.53463e-10 4.49863e-10 4.4606e-10 4.41638e-10 4.37091e-10 4.31973e-10 4.26396e-10 4.20133e-10 4.1256e-10 4.0401e-10 3.93629e-10 3.82241e-10 3.70569e-10 3.58998e-10 3.498e-10 3.42234e-10 3.34313e-10 3.25235e-10 3.10849e-10 2.91133e-10 2.76871e-10 2.72745e-10 2.65989e-10 2.45599e-10 2.20089e-10 2.04909e-10 2.01016e-10 1.94483e-10 1.72873e-10 1.36303e-10 9.45088e-11 5.78106e-11 3.14196e-11 1.52913e-11 6.71338e-12 2.67638e-12 9.7449e-13 3.25706e-13 1.00373e-13 2.86308e-14 7.58524e-15 1.87208e-15 4.31024e-16 8.96057e-17 0
0 5.17982e-17 2.55163e-16 1.13775e-15 4.7373e-15 1.83929e-14 6.63946e-14 2.22088e-13 6.85779e-13 1.9464e-12 5.05271e-12 1.19288e-11 2.54462e-11 4.86867e-11 8.28834e-11 1.24559e-10 1.64382e-10 1.91243e-10 2.01422e-10 2.04745e-10 2.16986e-10 2.41737e-10 2.64536e-10 2.73059e-10 2.76871e-10 2.92183e-10 3.1422e-10 3.27225e-10 3.3267e-10 3.41361e-10 3.53062e-10 3.65315e-10 3.7926e-10 3.91577e-10 4.01154e-10 4.09972e-10 4.17002e-10 4.23783e-10 4.30854e-10 4.37517e-10 4.4487e-10 4.51622e-10 4.58394e-10 4.64534e-10 4.69982e-10 4.74852e-10 4.78633e-10 4.81888e-10 4.83906e-10 4.85426e-10 4.8567e-10 4.85426e-10 4.83906e-10 4.81888e-10 4.78633e-10 4.74852e-10 4.69982e-10 4.64534e-10 4.58394e-10 4.51622e-10 4.4487e-10 4.37517e-10 4.30854e-10 4.23783e-10 4.17002e-10 4.09972e-10 4.01154e-10 3.91577e-10 3.7926e-10 3.65315e-10 3.53062e-10 3.41361e-10 3.3267e-10 3.27225e-10 3.1422e-10 2.92183e-10 2.76871e-10 2.73059e-10 2.64536e-10 2.41737e-10 2.16986e-10 2.04745e-10 2.01422e-10 1.91243e-10 1.64382e-10 1.24559e-10 8.28834e-11 4.86867e-11 2.54462e-11 1.19288e-11 5.05271e-12 1.9464e-12 6.85779e-13 2.22088e-13 6.63945e-14 1.83928e-14 4.73696e-15 1.13583e-15 2.4488e-16 0
0 1.38139e-16 6.5677e-16 2.81543e-15 1.12499e-14 4.18393e-14 1.44367e-13 4.6048e-13 1.35208e-12 3.63725e-12 8.91536e-12 1.97862e-11 3.94742e-11 7.02285e-11 1.105e-10 1.52722e-10 1.85336e-10 2.00933e-10 2.05031e-10 2.13568e-10 2.35736e-10 2.6108e-10 2.73565e-10 2.77411e-10 2.91133e-10 3.1422e-10 3.27636e-10 3.30903e-10 3.41298e-10 3.5859e-10 3.72177e-10 3.84271e-10 3.95473e-10 4.02766e-10 4.10984e-10 4.20044e-10 4.28673e-10 4.39198e-10 4.48743e-10 4.58249e-10 4.67236e-10 4.74657e-10 4.81987e-10 4.87449e-10 4.92857e-10 4.96717e-10 5.00325e-10 5.02766e-10 5.04731e-10 5.05767e-10 5.06194e-10 5.05767e-10 5.04731e-10 5.02766e-10 5.00325e-10 4.96717e-10 4.92857e-10 4.87449e-10 4.81987e-10 4.74657e-10 4.67236e-10 4.58249e-10 4.48743e-10 4.39198e-10 4.28673e-10 4.20044e-10 4.10984e-10 4.02766e-10 3.95473e-10 3.84271e-10 3.72177e-10 3.5859e-10 3.41298e-10 3.30903e-10 3.27636e-10 3.1422e-10 2.91133e-10 2.77411e-10 2.73565e-10 2.6108e-10 2.35736e-10 2.13568e-10 2.05031e-10 2.00933e-10 1.85336e-10 1.52722e-10 1.105e-10 7.02285e-11 3.94742e-11 1.97862e-11 8.91536e-12 3.63725e-12 1.35208e-12 4.6048e-13 1.44367e-13 4.18391e-14 1.12489e-14 2.80992e-15 6.28304e-16 0
0 3.46143e-16 1.58851e-15 6.54605e-15 2.50974e-14 8.93886e-14 2.94744e-13 8.96162e-13 2.50108e-12 6.37369e-12 1.4742e-11 3.07342e-11 5.73046e-11 9.47572e-11 1.37879e-10 1.75875e-10 1.98414e-10 2.05567e-10 2.10898e-10 2.28516e-10 2.54996e-10 2.73044e-10 2.78533e-10 2.88675e-10 3.10849e-10 3.27225e-10 3.30903e-10 3.41482e-10 3.62874e-10 3.76651e-10 3.83879e-10 3.94742e-10 4.0392e-10 4.13475e-10 4.2707e-10 4.38275e-10 4.49839e-10 4.60837e-10 4.68956e-10 4.77865e-10 4.84249e-10 4.90958e-10 4.96769e-10 5.01802e-10 5.07056e-10 5.10697e-10 5.14926e-10 5.17136e-10 5.1991e-10 5.20526e-10 5.21618e-10 5.20526e-10 5.1991e-10 5.17136e-10 5.14926e-10 5.10697e-10 5.07056e-10 5.01802e-10 4.96769e-10 4.90958e-10 4.84249e-10 4.77865e-10 4.68956e-10 4.60837e-10 4.49839e-10 4.38275e-10 4.2707e-10 4.13475e-10 4.0392e-10 3.94742e-10 3.83879e-10 3.76651e-10 3.62874e-10 3.41482e-10 3.30903e-10 3.27225e-10 3.10849e-10 2.88675e-10 2.78533e-10 2.73044e-10 2.54996e-10 2.28516e-10 2.10898e-10 2.05567e-10 1.98414e-10 1.75875e-10 1.37879e-10 9.47572e-11 5.73046e-11 3.07342e-11 1.4742e-11 6.37369e-12 2.50108e-12 8.96162e-13 2.94744e-13 8.93881e-14 2.50946e-14 6.53119e-15 1.51446e-15 0
0 8.15616e-16 3.61386e-15 1.43172e-14 5.26707e-14 1.79659e-13 5.66089e-13 1.64061e-12 4.35168e-12 1.05041e-11 2.29227e-11 4.48871e-11 7.82249e-11 1.20315e-10 1.62325e-10 1.92502e-10 2.05421e-10 2.09635e-10 2.21526e-10 2.46286e-10 2.69874e-10 2.79748e-10 2.86405e-10 3.04939e-10 3.25235e-10 3.3267e-10 3.41298e-10 3.62874e-10 3.78066e-10 3.81596e-10 3.92982e-10 4.08531e-10 4.19409e-10 4.34086e-10 4.46634e-10 4.54957e-10 4.65739e-10 4.7302e-10 4.81381e-10 4.90225e-10 4.9735e-10 5.06655e-10 5.13165e-10 5.21249e-10 5.26953e-10 5.32918e-10 5.37349e-10 5.40971e-10 5.43724e-10 5.45065e-10 5.45864e-10 5.45065e-10 5.43724e-10 5.40971e-10 5.37349e-10 5.32918e-10 5.26953e-10 5.21249e-10 5.13165e-10 5.06655e-10 4.9735e-10 4.90225e-10 4.81381e-10 4.7302e-10 4.65739e-10 4.54957e-10 4.46634e-10 4.34086e-10 4.19409e-10 4.08531e-10 3.92982e-10 3.81596e-10 3.78066e-10 3.62874e-10 3.41298e-10 3.3267e-10 3.25235e-10 3.04939e-10 2.86405e-10 2.79748e-10 2.69874e-10 2.46286e-10 2.21526e-10 2.09635e-10 2.05421e-10 1.92502e-10 1.62325e-10 1.20315e-10 7.82249e-11 4.48871e-11 2.29227e-11 1.05041e-11 4.35168e-12 1.64061e-12 5.66089e-13 1.79657e-13 5.26634e-14 1.42795e-14 3.43275e-15 0
0 1.80925e-15 7.74351e-15 2.95023e-14 1.04172e-13 3.40393e-13 1.02522e-12 2.83298e-12 7.14388e-12 1.63386e-11 3.36527e-11 6.19304e-11 1.00974e-10 1.44763e-10 1.81993e-10 2.02964e-10 2.095e-10 2.16303e-10 2.36096e-10 2.62828e-10 2.79535e-10 2.85585e-10 2.98326e-10 3.20314e-10 3.34313e-10 3.41361e-10 3.5859e-10 3.76651e-10 3.81596e-10 3.92277e-10 4.13508e-10 4.25342e-10 4.35154e-10 4.48707e-10 4.55766e-10 4.66295e-10 4.78225e-10 4.87308e-10 5.00497e-10 5.09804e-10 5.20395e-10 5.29617e-10 5.36903e-10 5.45135e-10 5.49843e-10 5.5644e-10 5.59218e-10 5.63885e-10 5.64938e-10 5.67608e-10 5.66866e-10 5.67608e-10 5.64938e-10 5.63885e-10 5.59218e-10 5.5644e-10 5.49843e-10 5.45135e-10 5.36903e-10 5.29617e-10 5.20395e-10 5.09804e-10 5.00497e-10 4.87308e-10 4.78225e-10 4.66295e-10 4.55766e-10 4.48707e-10 4.35154e-10 4.25342e-10 4.13508e-10 3.92277e-10 3.81596e-10 3.76651e-10 3.5859e-10 3.41361e-10 3.34313e-10 3.20314e-10 2.98326e-10 2.85585e-10 2.79535e-10 2.62828e-10 2.36096e-10 2.16303e-10 2.095e-10 2.02964e-10 1.81993e-10 1.44763e-10 1.00974e-10 6.19304e-11 3.36527e-11 1.63386e-11 7.14388e-12 2.83298e-12 1.02522e-12 3.4039e-13 1.04154e-13 2.94124e-14 7.32654e-15 0
0 3.78387e-15 1.56539e-14 5.73871e-14 1.94596e-13 6.0948e-13 1.75573e-12 4.62879e-12 1.11045e-11 2.40818e-11 4.68583e-11 8.11369e-11 1.24001e-10 1.663e-10 1.96276e-10 2.09006e-10 2.1366e-10 2.2656e-10 2.52058e-10 2.75712e-10 2.85804e-10 2.93356e-10 3.12452e-10 3.32929e-10 3.42234e-10 3.53062e-10 3.72177e-10 3.83879e-10 3.92982e-10 4.13508e-10 4.277e-10 4.32456e-10 4.46668e-10 4.59548e-10 4.69718e-10 4.86399e-10 4.97258e-10 5.08998e-10 5.20749e-10 5.28212e-10 5.38958e-10 5.45174e-10 5.53899e-10 5.60066e-10 5.66521e-10 5.72292e-10 5.76433e-10 5.81014e-10 5.82812e-10 5.85555e-10 5.85015e-10 5.85555e-10 5.82812e-10 5.81014e-10 5.76433e-10 5.72292e-10 5.66521e-10 5.60066e-10 5.53899e-10 5.45174e-10 5.38958e-10 5.28212e-10 5.20749e-10 5.08998e-10 4.97258e-10 4.86399e-10 4.69718e-10 4.59548e-10 4.46668e-10 4.32456e-10 4.277e-10 4.13508e-10 3.92982e-10 3.83879e-10 3.72177e-10 3.53062e-10 3.42234e-10 3.32929e-10 3.12452e-10 2.93356e-10 2.85804e-10 2.75712e-10 2.52058e-10 2.2656e-10 2.1366e-10 2.09006e-10 1.96276e-10 1.663e-10 1.24001e-10 8.11369e-11 4.68583e-11 2.40818e-11 1.11045e-11 4.62879e-12 1.75573e-12 6.09472e-13 1.94554e-13 5.7185e-14 1.47492e-14 0
0 7.47457e-15 2.99162e-14 1.05614e-13 3.44206e-13 1.03423e-12 2.85218e-12 7.18124e-12 1.64072e-11 3.37795e-11 6.21802e-11 1.01491e-10 1.45796e-10 1.8383e-10 2.05719e-10 2.12898e-10 2.19825e-10 2.39574e-10 2.66816e-10 2.846e-10 2.91297e-10 3.03963e-10 3.26593e-10 3.42375e-10 3.498e-10 3.65315e-10 3.84271e-10 3.94742e-10 4.08531e-10 4.25342e-10 4.32456e-10 4.45308e-10 4.65256e-10 4.75824e-10 4.8933e-10 5.03015e-10 5.1051e-10 5.23447e-10 5.3252e-10 5.42912e-10 5.5432e-10 5.62821e-10 5.74134e-10 5.81197e-10 5.90593e-10 5.96087e-10 6.02829e-10 6.06408e-10 6.10345e-10 6.11667e-10 6.12879e-10 6.11667e-10 6.10345e-10 6.06408e-10 6.02829e-10 5.96087e-10 5.90593e-10 5.81197e-10 5.74134e-10 5.62821e-10 5.5432e-10 5.42912e-10 5.3252e-10 5.23447e-10 5.1051e-10 5.03015e-10 4.8933e-10 4.75824e-10 4.65256e-10 4.45308e-10 4.32456e-10 4.25342e-10 4.08531e-10 3.94742e-10 3.84271e-10 3.65315e-10 3.498e-10 3.42375e-10 3.26593e-10 3.03963e-10 2.91297e-10 2.846e-10 2.66816e-10 2.39574e-10 2.19825e-10 2.12898e-10 2.05719e-10 1.8383e-10 1.45796e-10 1.01491e-10 6.21802e-11 3.37795e-11 1.64072e-11 7.18124e-12 2.85218e-12 1.03421e-12 3.44113e-13 1.05185e-13 2.80635e-14 0
0 1.39754e-14 5.41744e-14 1.8437e-13 5.7814e-13 1.6684e-12 4.41012e-12 1.06182e-11 2.3137e-11 4.52937e-11 7.90211e-11 1.21873e-10 1.65171e-10 1.97071e-10 2.11617e-10 2.16663e-10 2.28567e-10 2.53615e-10 2.78792e-10 2.90717e-10 2.98067e-10 3.16481e-10 3.38518e-10 3.4926e-10 3.58998e-10 3.7926e-10 3.95473e-10 4.0392e-10 4.19409e-10 4.35154e-10 4.46668e-10 4.65256e-10 4.78879e-10 4.86453e-10 5.02008e-10 5.13227e-10 5.24987e-10 5.41167e-10 5.51569e-10 5.65866e-10 5.76785e-10 5.87005e-10 5.97544e-10 6.04741e-10 6.13671e-10 6.18786e-10 6.25459e-10 6.28615e-10 6.32766e-10 6.33697e-10 6.35255e-10 6.33697e-10 6.32766e-10 6.28615e-10 6.25459e-10 6.18786e-10 6.13671e-10 6.04741e-10 5.97544e-10 5.87005e-10 5.76785e-10 5.65866e-10 5.51569e-10 5.41167e-10 5.24987e-10 5.13227e-10 5.02008e-10 4.86453e-10 4.78879e-10 4.65256e-10 4.46668e-10 4.35154e-10 4.19409e-10 4.0392e-10 3.95473e-10 3.7926e-10 3.58998e-10 3.4926e-10 3.38518e-10 3.16481e-10 2.98067e-10 2.90717e-10 2.78792e-10 2.53615e-10 2.28567e-10 2.16663e-10 2.11617e-10 1.97071e-10 1.65171e-10 1.21873e-10 7.90211e-11 4.52937e-11 2.3137e-11 1.06182e-11 4.41011e-12 1.66836e-12 5.77948e-13 1.83511e-13 5.0586e-14 0
0 2.47907e-14 9.31945e-14 3.06143e-13 9.24884e-13 2.56702e-12 6.51347e-12 1.50204e-11 3.12681e-11 5.8314e-11 9.66408e-11 1.41252e-10 1.81416e-10 2.06426e-10 2.15515e-10 2.21615e-10 2.39388e-10 2.6697e-10 2.87686e-10 2.95792e-10 3.06755e-10 3.2907e-10 3.47666e-10 3.56029e-10 3.70569e-10 3.91577e-10 4.02766e-10 4.13475e-10 4.34086e-10 4.48707e-10 4.59548e-10 4.75824e-10 4.86453e-10 5.00313e-10 5.19451e-10 5.3059e-10 5.46432e-10 5.60253e-10 5.69569e-10 5.84175e-10 5.92369e-10 6.04339e-10 6.1404e-10 6.22665e-10 6.32729e-10 6.38523e-10 6.4706e-10 6.50251e-10 6.56079e-10 6.56469e-10 6.5916e-10 6.56469e-10 6.56079e-10 6.50251e-10 6.4706e-10 6.38523e-10 6.32729e-10 6.22665e-10 6.1404e-10 6.04339e-10 5.92369e-10 5.84175e-10 5.69569e-10 5.60253e-10 5.46432e-10 5.3059e-10 5.19451e-10 5.00313e-10 4.86453e-10 4.75824e-10 4.59548e-10 4.48707e-10 4.34086e-10 4.13475e-10 4.02766e-10 3.91577e-10 3.70569e-10 3.56029e-10 3.47666e-10 3.2907e-10 3.06755e-10 2.95792e-10 2.87686e-10 2.6697e-10 2.39388e-10 2.21615e-10 2.15515e-10 2.06426e-10 1.81416e-10 1.41252e-10 9.66408e-11 5.8314e-11 3.12681e-11 1.50204e-11 6.51346e-12 2.56693e-12 9.24508e-13 3.04513e-13 8.6608e-14 0
