0 0 0 0 0 0 0 0 8.40779e-45 1.54143e-43 2.53075e-42 3.81139e-41 5.38585e-40 7.15764e-39 8.94414e-38 1.05044e-36 1.15889e-35 1.20029e-34 1.16635e-33 1.06256e-32 9.06823e-32 7.24399e-31 5.41168e-30 3.77726e-29 2.46084e-28 1.49489e-27 8.45858e-27 4.45331e-26 2.17924e-25 9.90177e-25 4.17326e-24 1.63005e-23 5.89589e-23 1.97358e-22 6.11139e-22 1.75043e-21 4.63811e-21 1.13748e-20 2.58419e-20 5.44506e-20 1.06569e-19 1.94078e-19 3.2951e-19 5.22606e-19 7.75802e-19 1.07996e-18 1.41213e-18 1.73692e-18 2.01201e-18 2.19679e-18 2.26195e-18 2.19679e-18 2.01201e-18 1.73692e-18 1.41213e-18 1.07996e-18 7.75802e-19 5.22606e-19 3.2951e-19 1.94078e-19 1.06569e-19 5.44506e-20 2.58419e-20 1.13748e-20 4.63811e-21 1.75043e-21 6.11139e-22 1.97358e-22 5.89589e-23 1.63005e-23 4.17326e-24 9.90177e-25 2.17924e-25 4.45331e-26 8.45858e-27 1.49489e-27 2.46084e-28 3.77726e-29 5.41168e-30 7.24399e-31 9.06823e-32 1.06256e-32 1.16635e-33 1.20029e-34 1.15889e-35 1.05044e-36 8.94414e-38 7.15764e-39 5.38585e-40 3.81139e-41 2.53075e-42 1.54143e-43 8.40779e-45 0 0 0 0 0 0 0
0 0 0 0 0 0 0 2.8026e-45 9.10844e-44 1.54563e-42 2.38487e-41 3.45613e-40 4.71309e-39 6.04717e-38 7.2971e-37 8.27721e-36 8.82082e-35 8.82579e-34 8.28554e-33 7.29268e-32 6.01319e-31 4.64088e-30 3.3495e-29 2.25853e-28 1.42137e-27 8.34015e-27 4.55795e-26 2.31759e-25 1.09527e-24 4.80602e-24 1.95626e-23 7.38043e-23 2.57902e-22 8.34322e-22 2.49811e-21 6.92317e-21 1.77656e-20 4.22426e-20 9.31746e-20 1.90917e-19 3.64039e-19 6.47232e-19 1.0752e-18 1.67248e-18 2.44106e-18 3.34949e-18 4.32826e-18 5.27496e-18 6.07028e-18 6.60164e-18 6.78851e-18 6.60164e-18 6.07028e-18 5.27496e-18 4.32826e-18 3.34949e-18 2.44106e-18 1.67248e-18 1.0752e-18 6.47232e-19 3.64039e-19 1.90917e-19 9.31746e-20 4.22426e-20 1.77656e-20 6.92317e-21 2.49811e-21 8.34322e-22 2.57902e-22 7.38043e-23 1.95626e-23 4.80602e-24 1.09527e-24 2.31759e-25 4.55795e-26 8.34015e-27 1.42137e-27 2.25853e-28 3.3495e-29 4.64088e-30 6.01319e-31 7.29268e-32 8.28554e-33 8.82579e-34 8.82082e-35 8.27721e-36 7.2971e-37 6.04717e-38 4.71309e-39 3.45613e-40 2.38487e-41 1.54563e-42 9.10844e-44 2.8026e-45 0 0 0 0 0 0
0 0 0 0 0 0 2.8026e-45 1.03696e-43 1.79927e-42 2.83945e-41 4.2154e-40 5.89246e-39 7.7543e-38 9.60292e-37 1.11859e-35 1.22494e-34 1.26029e-33 1.21746e-32 1.10345e-31 9.37631e-31 7.46321e-30 5.55969e-29 3.87258e-28 2.5197e-27 1.52987e-26 8.65894e-26 4.56373e-25 2.23751e-24 1.01942e-23 4.31187e-23 1.69168e-22 6.15152e-22 2.0721e-21 6.46326e-21 1.86668e-20 4.99316e-20 1.23776e-19 2.84631e-19 6.08015e-19 1.20859e-18 2.23997e-18 3.8794e-18 6.29274e-18 9.58218e-18 1.37275e-17 1.85398e-17 2.3647e-17 2.85276e-17 3.25906e-17 3.52887e-17 3.62347e-17 3.52887e-17 3.25906e-17 2.85276e-17 2.3647e-17 1.85398e-17 1.37275e-17 9.58218e-18 6.29274e-18 3.8794e-18 2.23997e-18 1.20859e-18 6.08015e-19 2.84631e-19 1.23776e-19 4.99316e-20 1.86668e-20 6.46326e-21 2.0721e-21 6.15152e-22 1.69168e-22 4.31187e-23 1.01942e-23 2.23751e-24 4.56373e-25 8.65894e-26 1.52987e-26 2.5197e-27 3.87258e-28 5.55969e-29 7.46321e-30 9.37631e-31 1.10345e-31 1.21746e-32 1.26029e-33 1.22494e-34 1.11859e-35 9.60292e-37 7.7543e-38 5.89246e-39 4.2154e-40 2.83945e-41 1.79927e-42 1.03696e-43 2.8026e-45 0 0 0 0 0
0 0 0 0 0 4.2039e-45 1.12104e-43 2.00666e-42 3.24218e-41 4.92945e-40 7.0606e-39 9.52624e-38 1.21024e-36 1.4471e-35 1.6277e-34 1.72128e-33 1.71023e-32 1.59544e-31 1.39639e-30 1.14573e-29 8.80499e-29 6.33215e-28 4.25727e-27 2.67322e-26 1.56608e-25 8.55082e-25 4.34671e-24 2.05503e-23 9.02708e-23 3.68081e-22 1.39204e-21 4.87959e-21 1.58467e-20 4.76687e-20 1.32835e-19 3.43071e-19 8.21901e-19 1.82881e-18 3.78574e-18 7.30514e-18 1.31698e-17 2.22356e-17 3.52461e-17 5.25799e-17 7.39898e-17 9.84182e-17 1.23973e-16 1.48112e-16 1.68034e-16 1.81188e-16 1.85786e-16 1.81188e-16 1.68034e-16 1.48112e-16 1.23973e-16 9.84182e-17 7.39898e-17 5.25799e-17 3.52461e-17 2.22356e-17 1.31698e-17 7.30514e-18 3.78574e-18 1.82881e-18 8.21901e-19 3.43071e-19 1.32835e-19 4.76687e-20 1.58467e-20 4.87959e-21 1.39204e-21 3.68081e-22 9.02708e-23 2.05503e-23 4.34671e-24 8.55082e-25 1.56608e-25 2.67322e-26 4.25727e-27 6.33215e-28 8.80499e-29 1.14573e-29 1.39639e-30 1.59544e-31 1.71023e-32 1.72128e-33 1.6277e-34 1.4471e-35 1.21024e-36 9.52624e-38 7.0606e-39 4.92945e-40 3.24218e-41 2.00666e-42 1.12104e-43 4.2039e-45 0 0 0 0
0 0 0 0 4.2039e-45 1.14906e-43 2.13838e-42 3.54192e-41 5.51184e-40 8.08509e-39 1.11776e-37 1.45588e-36 1.7858e-35 2.06184e-34 2.23951e-33 2.28698e-32 2.19428e-31 1.97662e-30 1.67039e-29 1.32315e-28 9.8155e-28 6.81261e-27 4.41963e-26 2.67722e-25 1.5127e-24 7.96397e-24 3.90261e-23 1.77821e-22 7.52644e-22 2.95659e-21 1.07712e-20 3.63713e-20 1.13799e-19 3.299e-19 8.86404e-19 2.20898e-18 5.11156e-18 1.09999e-17 2.20566e-17 4.13031e-17 7.24111e-17 1.19163e-16 1.8456e-16 2.69709e-16 3.72778e-16 4.88354e-16 6.07519e-16 7.18787e-16 8.09821e-16 8.69577e-16 8.90407e-16 8.69577e-16 8.09821e-16 7.18787e-16 6.07519e-16 4.88354e-16 3.72778e-16 2.69709e-16 1.8456e-16 1.19163e-16 7.24111e-17 4.13031e-17 2.20566e-17 1.09999e-17 5.11156e-18 2.20898e-18 8.86404e-19 3.299e-19 1.13799e-19 3.63713e-20 1.07712e-20 2.95659e-21 7.52644e-22 1.77821e-22 3.90261e-23 7.96397e-24 1.5127e-24 2.67722e-25 4.41963e-26 6.81261e-27 9.8155e-28 1.32315e-28 1.67039e-29 1.97662e-30 2.19428e-31 2.28698e-32 2.23951e-33 2.06184e-34 1.7858e-35 1.45588e-36 1.11776e-37 8.08509e-39 5.51184e-40 3.54192e-41 2.13838e-42 1.14906e-43 4.2039e-45 0 0 0
0 0 0 4.2039e-45 1.14906e-43 2.18743e-42 3.70181e-41 5.89351e-40 8.84873e-39 1.25281e-37 1.67203e-36 2.10267e-35 2.49039e-34 2.77653e-33 2.91219e-32 2.87168e-31 2.66041e-30 2.31379e-29 1.88758e-28 1.44316e-27 1.03312e-26 6.91807e-26 4.32894e-25 2.52862e-24 1.3773e-23 6.98798e-23 3.29906e-22 1.44779e-21 5.90043e-21 2.23134e-20 7.82459e-20 2.54315e-19 7.65976e-19 2.13825e-18 5.5352e-18 1.33002e-17 2.97063e-17 6.1788e-17 1.19948e-16 2.17878e-16 3.71326e-16 5.95438e-16 9.00882e-16 1.28944e-15 1.75027e-15 2.25803e-15 2.77395e-15 3.25007e-15 3.6362e-15 3.88818e-15 3.97576e-15 3.88818e-15 3.6362e-15 3.25007e-15 2.77395e-15 2.25803e-15 1.75027e-15 1.28944e-15 9.00882e-16 5.95438e-16 3.71326e-16 2.17878e-16 1.19948e-16 6.1788e-17 2.97063e-17 1.33002e-17 5.5352e-18 2.13825e-18 7.65976e-19 2.54315e-19 7.82459e-20 2.23134e-20 5.90043e-21 1.44779e-21 3.29906e-22 6.98798e-23 1.3773e-23 2.52862e-24 4.32894e-25 6.91807e-26 1.03312e-26 1.44316e-27 1.88758e-28 2.31379e-29 2.66041e-30 2.87168e-31 2.91219e-32 2.77653e-33 2.49039e-34 2.10267e-35 1.67203e-36 1.25281e-37 8.84873e-39 5.89351e-40 3.70181e-41 2.18743e-42 1.14906e-43 4.2039e-45 0 0
0 0 2.8026e-45 1.12104e-43 2.13838e-42 3.70181e-41 6.02649e-40 9.25698e-39 1.3415e-37 1.83352e-36 2.36259e-35 2.8688e-34 3.28095e-33 3.53218e-32 3.57729e-31 3.40596e-30 3.04631e-29 2.55747e-28 2.01362e-27 1.48552e-26 1.02588e-25 6.62513e-25 3.99687e-24 2.25013e-23 1.18082e-22 5.77004e-22 2.6226e-21 1.10767e-20 4.34324e-20 1.57983e-19 5.32774e-19 1.6652e-18 4.82363e-18 1.29543e-17 3.22795e-17 7.47224e-17 1.60965e-16 3.23375e-16 6.07396e-16 1.06967e-15 1.77143e-15 2.76694e-15 4.08834e-15 5.73007e-15 7.63718e-15 9.70143e-15 1.17679e-14 1.36525e-14 1.51674e-14 1.61501e-14 1.64906e-14 1.61501e-14 1.51674e-14 1.36525e-14 1.17679e-14 9.70143e-15 7.63718e-15 5.73007e-15 4.08834e-15 2.76694e-15 1.77143e-15 1.06967e-15 6.07396e-16 3.23375e-16 1.60965e-16 7.47224e-17 3.22795e-17 1.29543e-17 4.82363e-18 1.6652e-18 5.32774e-19 1.57983e-19 4.34324e-20 1.10767e-20 2.6226e-21 5.77004e-22 1.18082e-22 2.25013e-23 3.99687e-24 6.62513e-25 1.02588e-25 1.48552e-26 2.01362e-27 2.55747e-28 3.04631e-29 3.40596e-30 3.57729e-31 3.53218e-32 3.28095e-33 2.8688e-34 2.36259e-35 1.83352e-36 1.3415e-37 9.25698e-39 6.02649e-40 3.70181e-41 2.13838e-42 1.12104e-43 2.8026e-45 0
0 2.8026e-45 1.03696e-43 2.00666e-42 3.54192e-41 5.89351e-40 9.25698e-39 1.37242e-37 1.91998e-36 2.53359e-35 3.15223e-34 3.69596e-33 4.08158e-32 4.24283e-31 4.14879e-30 3.81339e-29 3.29219e-28 2.66734e-27 2.0263e-26 1.44194e-25 9.6023e-25 5.97775e-24 3.4751e-23 1.88445e-22 9.52162e-22 4.47783e-21 1.95793e-20 7.95186e-20 2.99712e-19 1.0476e-18 3.39414e-18 1.0191e-17 2.83616e-17 7.32004e-17 1.75398e-16 3.90778e-16 8.11184e-16 1.57278e-15 2.85636e-15 4.87402e-15 7.83934e-15 1.19225e-14 1.71981e-14 2.35964e-14 3.08736e-14 3.86087e-14 4.62361e-14 5.31083e-14 5.85823e-14 6.2112e-14 6.33315e-14 6.2112e-14 5.85823e-14 5.31083e-14 4.62361e-14 3.86087e-14 3.08736e-14 2.35964e-14 1.71981e-14 1.19225e-14 7.83934e-15 4.87402e-15 2.85636e-15 1.57278e-15 8.11184e-16 3.90778e-16 1.75398e-16 7.32004e-17 2.83616e-17 1.0191e-17 3.39414e-18 1.0476e-18 2.99712e-19 7.95186e-20 1.95793e-20 4.47783e-21 9.52162e-22 1.88445e-22 3.4751e-23 5.97775e-24 9.6023e-25 1.44194e-25 2.0263e-26 2.66734e-27 3.29219e-28 3.81339e-29 4.14879e-30 4.24283e-31 4.08158e-32 3.69596e-33 3.15223e-34 2.53359e-35 1.91998e-36 1.37242e-37 9.25698e-39 5.89351e-40 3.54192e-41 2.00666e-42 1.03696e-43 0
0 8.96831e-44 1.79927e-42 3.24218e-41 5.51184e-40 8.84873e-39 1.3415e-37 1.91998e-36 2.59328e-35 3.3042e-34 3.96955e-33 4.49413e-32 4.79208e-31 4.80945e-30 4.53998e-29 4.02778e-28 3.35564e-27 2.623e-26 1.9219e-25 1.31868e-24 8.46402e-24 5.0766e-23 2.84215e-22 1.48356e-21 7.21207e-21 3.26157e-20 1.37071e-19 5.34804e-19 1.93559e-18 6.49418e-18 2.01912e-17 5.81704e-17 1.55346e-16 3.84869e-16 8.8577e-16 1.89731e-15 3.79141e-15 7.08817e-15 1.24368e-14 2.05486e-14 3.20801e-14 4.74808e-14 6.68355e-14 8.97369e-14 1.15225e-13 1.41819e-13 1.67638e-13 1.90615e-13 2.08747e-13 2.20367e-13 2.24369e-13 2.20367e-13 2.08747e-13 1.90615e-13 1.67638e-13 1.41819e-13 1.15225e-13 8.97369e-14 6.68355e-14 4.74808e-14 3.20801e-14 2.05486e-14 1.24368e-14 7.08817e-15 3.79141e-15 1.89731e-15 8.8577e-16 3.84869e-16 1.55346e-16 5.81704e-17 2.01912e-17 6.49418e-18 1.93559e-18 5.34804e-19 1.37071e-19 3.26157e-20 7.21207e-21 1.48356e-21 2.84215e-22 5.0766e-23 8.46402e-24 1.31868e-24 1.9219e-25 2.623e-26 3.35564e-27 4.02778e-28 4.53998e-29 4.80945e-30 4.79208e-31 4.49413e-32 3.96955e-33 3.3042e-34 2.59328e-35 1.91998e-36 1.3415e-37 8.84873e-39 5.51184e-40 3.24218e-41 1.79366e-42 0
0 1.53863e-42 2.83945e-41 4.92945e-40 8.08509e-39 1.25281e-37 1.83352e-36 2.53359e-35 3.3042e-34 4.06514e-33 4.71567e-32 5.15491e-31 5.30685e-30 5.14152e-29 4.68445e-28 4.01042e-27 3.22335e-26 2.43001e-25 1.7166e-24 1.13512e-23 7.01866e-23 4.05341e-22 2.18395e-21 1.09651e-20 5.12425e-20 2.2264e-19 8.98408e-19 3.36377e-18 1.16767e-17 3.75587e-17 1.11914e-16 3.08955e-16 7.90658e-16 1.87778e-15 4.14556e-15 8.52657e-15 1.63838e-14 2.95041e-14 4.99679e-14 7.98755e-14 1.20954e-13 1.74114e-13 2.39043e-13 3.13936e-13 3.95448e-13 4.78878e-13 5.58595e-13 6.2863e-13 6.83372e-13 7.18227e-13 7.30194e-13 7.18227e-13 6.83372e-13 6.2863e-13 5.58595e-13 4.78878e-13 3.95448e-13 3.13936e-13 2.39043e-13 1.74114e-13 1.20954e-13 7.98755e-14 4.99679e-14 2.95041e-14 1.63838e-14 8.52657e-15 4.14556e-15 1.87778e-15 7.90658e-16 3.08955e-16 1.11914e-16 3.75587e-17 1.16767e-17 3.36377e-18 8.98408e-19 2.2264e-19 5.12425e-20 1.09651e-20 2.18395e-21 4.05341e-22 7.01866e-23 1.13512e-23 1.7166e-24 2.43001e-25 3.22335e-26 4.01042e-27 4.68445e-28 5.14152e-29 5.30685e-30 5.15491e-31 4.71567e-32 4.06514e-33 3.3042e-34 2.53359e-35 1.83352e-36 1.25281e-37 8.08509e-39 4.9294e-40 2.8316e-41 0
0 2.37268e-41 4.21536e-40 7.0606e-39 1.11776e-37 1.67203e-36 2.36259e-35 3.15223e-34 3.96955e-33 4.71567e-32 5.28181e-31 5.57437e-30 5.53973e-29 5.18017e-28 4.55426e-27 3.76132e-26 2.91551e-25 2.11893e-24 1.44246e-23 9.18757e-23 5.46917e-22 3.03919e-21 1.57467e-20 7.59798e-20 3.41008e-19 1.42197e-18 5.50317e-18 1.97483e-17 6.56626e-17 2.02196e-16 5.76553e-16 1.52283e-15 3.72877e-15 8.4761e-15 1.79233e-14 3.53484e-14 6.52256e-14 1.13007e-13 1.84539e-13 2.85135e-13 4.1846e-13 5.85438e-13 7.83422e-13 1.00583e-12 1.24233e-12 1.47962e-12 1.7026e-12 1.8959e-12 2.04549e-12 2.1401e-12 2.17247e-12 2.1401e-12 2.04549e-12 1.8959e-12 1.7026e-12 1.47962e-12 1.24233e-12 1.00583e-12 7.83422e-13 5.85438e-13 4.1846e-13 2.85135e-13 1.84539e-13 1.13007e-13 6.52256e-14 3.53484e-14 1.79233e-14 8.4761e-15 3.72877e-15 1.52283e-15 5.76553e-16 2.02196e-16 6.56626e-17 1.97483e-17 5.50317e-18 1.42197e-18 3.41008e-19 7.59798e-20 1.57467e-20 3.03919e-21 5.46917e-22 9.18757e-23 1.44246e-23 2.11893e-24 2.91551e-25 3.76132e-26 4.55426e-27 5.18017e-28 5.53973e-29 5.57437e-30 5.28181e-31 4.71567e-32 3.96955e-33 3.15223e-34 2.36259e-35 1.67203e-36 1.11776e-37 7.06054e-39 4.20273e-40 0
0 3.43626e-40 5.89236e-39 9.52624e-38 1.45588e-36 2.10267e-35 2.8688e-34 3.69596e-33 4.49413e-32 5.15491e-31 5.57437e-30 5.67915e-29 5.4472e-28 4.91505e-27 4.16853e-26 3.32006e-25 2.48084e-24 1.73739e-23 1.13913e-22 6.98438e-22 3.99993e-21 2.13706e-20 1.06385e-19 4.92833e-19 2.12199e-18 8.4821e-18 3.14423e-17 1.07989e-16 3.434e-16 1.01068e-15 2.75318e-15 6.94521e-15 1.62424e-14 3.52767e-14 7.13263e-14 1.34666e-13 2.38267e-13 3.96622e-13 6.23726e-13 9.30497e-13 1.32217e-12 1.79617e-12 2.341e-12 2.93628e-12 3.55404e-12 4.16099e-12 4.72143e-12 5.20051e-12 5.56735e-12 5.79775e-12 5.87631e-12 5.79775e-12 5.56735e-12 5.20051e-12 4.72143e-12 4.16099e-12 3.55404e-12 2.93628e-12 2.341e-12 1.79617e-12 1.32217e-12 9.30497e-13 6.23726e-13 3.96622e-13 2.38267e-13 1.34666e-13 7.13263e-14 3.52767e-14 1.62424e-14 6.94521e-15 2.75318e-15 1.01068e-15 3.434e-16 1.07989e-16 3.14423e-17 8.4821e-18 2.12199e-18 4.92833e-19 1.06385e-19 2.13706e-20 3.99993e-21 6.98438e-22 1.13913e-22 1.73739e-23 2.48084e-24 3.32006e-25 4.16853e-26 4.91505e-27 5.4472e-28 5.67915e-29 5.57437e-30 5.15491e-31 4.49413e-32 3.69596e-33 2.8688e-34 2.10267e-35 1.45588e-36 9.52614e-38 5.87335e-39 0
0 4.68389e-39 7.75415e-38 1.21024e-36 1.7858e-35 2.49039e-34 3.28095e-33 4.08158e-32 4.79208e-31 5.30685e-30 5.53973e-29 5.4472e-28 5.04151e-27 4.38824e-26 3.58903e-25 2.75553e-24 1.98396e-23 1.33811e-22 8.44471e-22 4.98074e-21 2.74207e-20 1.40729e-19 6.72427e-19 2.98741e-18 1.23249e-17 4.71616e-17 1.67202e-16 5.4872e-16 1.66589e-15 4.6775e-15 1.21489e-14 2.92112e-14 6.51136e-14 1.34845e-13 2.60185e-13 4.69394e-13 7.9496e-13 1.26938e-12 1.91963e-12 2.76142e-12 3.79457e-12 5.00037e-12 6.34147e-12 7.76424e-12 9.20295e-12 1.05852e-11 1.1838e-11 1.28929e-11 1.36916e-11 1.41895e-11 1.43586e-11 1.41895e-11 1.36916e-11 1.28929e-11 1.1838e-11 1.05852e-11 9.20295e-12 7.76424e-12 6.34147e-12 5.00037e-12 3.79457e-12 2.76142e-12 1.91963e-12 1.26938e-12 7.9496e-13 4.69394e-13 2.60185e-13 1.34845e-13 6.51136e-14 2.92112e-14 1.21489e-14 4.6775e-15 1.66589e-15 5.4872e-16 1.67202e-16 4.71616e-17 1.23249e-17 2.98741e-18 6.72427e-19 1.40729e-19 2.74207e-20 4.98074e-21 8.44471e-22 1.33811e-22 1.98396e-23 2.75553e-24 3.58903e-25 4.38824e-26 5.04151e-27 5.4472e-28 5.53973e-29 5.30685e-30 4.79208e-31 4.08158e-32 3.28095e-33 2.49039e-34 1.7858e-35 1.21023e-36 7.72729e-38 0
0 6.00695e-38 9.60271e-37 1.4471e-35 2.06184e-34 2.77653e-33 3.53218e-32 4.24283e-31 4.80945e-30 5.14152e-29 5.18017e-28 4.91505e-27 4.38824e-26 3.68341e-25 2.90398e-24 2.14825e-23 1.48955e-22 9.6695e-22 5.86964e-21 3.32758e-20 1.75948e-19 8.66551e-19 3.96974e-18 1.68926e-17 6.66843e-17 2.43895e-16 8.25576e-16 2.58409e-15 7.47493e-15 1.99799e-14 4.93672e-14 1.12875e-13 2.39247e-13 4.71319e-13 8.65879e-13 1.48943e-12 2.40967e-12 3.68412e-12 5.34852e-12 7.40756e-12 9.83015e-12 1.25498e-11 1.54694e-11 1.847e-11 2.14203e-11 2.41872e-11 2.66443e-11 2.86798e-11 3.02021e-11 3.11432e-11 3.14616e-11 3.11432e-11 3.02021e-11 2.86798e-11 2.66443e-11 2.41872e-11 2.14203e-11 1.847e-11 1.54694e-11 1.25498e-11 9.83015e-12 7.40756e-12 5.34852e-12 3.68412e-12 2.40967e-12 1.48943e-12 8.65879e-13 4.71319e-13 2.39247e-13 1.12875e-13 4.93672e-14 1.99799e-14 7.47493e-15 2.58409e-15 8.25576e-16 2.43895e-16 6.66843e-17 1.68926e-17 3.96974e-18 8.66551e-19 1.75948e-19 3.32758e-20 5.86964e-21 9.6695e-22 1.48955e-22 2.14825e-23 2.90398e-24 3.68341e-25 4.38824e-26 4.91505e-27 5.18017e-28 5.14152e-29 4.80945e-30 4.24283e-31 3.53218e-32 2.77653e-33 2.06184e-34 1.44708e-35 9.56702e-37 0
0 7.24503e-37 1.11856e-35 1.6277e-34 2.23951e-33 2.91219e-32 3.57729e-31 4.14879e-30 4.53998e-29 4.68445e-28 4.55426e-27 4.16853e-26 3.58903e-25 2.90398e-24 2.20596e-23 1.57152e-22 1.04873e-21 6.54791e-21 3.82016e-20 2.07978e-19 1.05513e-18 4.98109e-18 2.18497e-17 8.89296e-17 3.35366e-16 1.17032e-15 3.775e-15 1.12455e-14 3.09225e-14 7.84877e-14 1.84004e-13 3.98978e-13 8.01915e-13 1.49869e-12 2.61457e-12 4.2774e-12 6.59522e-12 9.6338e-12 1.34002e-11 1.7836e-11 2.28207e-11 2.81839e-11 3.37226e-11 3.92192e-11 4.44588e-11 4.92422e-11 5.3395e-11 5.67731e-11 5.92648e-11 6.07911e-11 6.1305e-11 6.07911e-11 5.92648e-11 5.67731e-11 5.3395e-11 4.92422e-11 4.44588e-11 3.92192e-11 3.37226e-11 2.81839e-11 2.28207e-11 1.7836e-11 1.34002e-11 9.6338e-12 6.59522e-12 4.2774e-12 2.61457e-12 1.49869e-12 8.01915e-13 3.98978e-13 1.84004e-13 7.84877e-14 3.09225e-14 1.12455e-14 3.775e-15 1.17032e-15 3.35366e-16 8.89296e-17 2.18497e-17 4.98109e-18 1.05513e-18 2.07978e-19 3.82016e-20 6.54791e-21 1.04873e-21 1.57152e-22 2.20596e-23 2.90398e-24 3.58903e-25 4.16853e-26 4.55426e-27 4.68445e-28 4.53998e-29 4.14879e-30 3.57729e-31 2.91219e-32 2.23951e-33 1.62767e-34 1.11411e-35 0
0 8.21387e-36 1.2249e-34 1.72128e-33 2.28698e-32 2.87168e-31 3.40596e-30 3.81339e-29 4.02778e-28 4.01042e-27 3.76132e-26 3.32006e-25 2.75553e-24 2.14825e-23 1.57152e-22 1.07749e-21 6.91564e-21 4.14973e-20 2.32478e-19 1.21422e-18 5.90368e-18 2.66806e-17 1.11904e-16 4.34915e-16 1.564e-15 5.19696e-15 1.59383e-14 4.50758e-14 1.17508e-13 2.82406e-13 6.26249e-13 1.28365e-12 2.43867e-12 4.30988e-12 7.11799e-12 1.1043e-11 1.61832e-11 2.25287e-11 2.99551e-11 3.82382e-11 4.70827e-11 5.61574e-11 6.51282e-11 7.36849e-11 8.15583e-11 8.85278e-11 9.44226e-11 9.91174e-11 1.02525e-10 1.0459e-10 1.05282e-10 1.0459e-10 1.02525e-10 9.91174e-11 9.44226e-11 8.85278e-11 8.15583e-11 7.36849e-11 6.51282e-11 5.61574e-11 4.70827e-11 3.82382e-11 2.99551e-11 2.25287e-11 1.61832e-11 1.1043e-11 7.11799e-12 4.30988e-12 2.43867e-12 1.28365e-12 6.26249e-13 2.82406e-13 1.17508e-13 4.50758e-14 1.59383e-14 5.19696e-15 1.564e-15 4.34915e-16 1.11904e-16 2.66806e-17 5.90368e-18 1.21422e-18 2.32478e-19 4.14973e-20 6.91564e-21 1.07749e-21 1.57152e-22 2.14825e-23 2.75553e-24 3.32006e-25 3.76132e-26 4.01042e-27 4.02778e-28 3.81339e-29 3.40596e-30 2.87168e-31 2.28698e-32 1.72124e-33 1.21967e-34 0
0 8.74845e-35 1.26025e-33 1.71023e-32 2.19428e-31 2.66041e-30 3.04631e-29 3.29219e-28 3.35564e-27 3.22335e-26 2.91551e-25 2.48084e-24 1.98396e-23 1.48955e-22 1.04873e-21 6.91564e-21 4.26574e-20 2.45781e-19 1.32087e-18 6.61095e-18 3.07659e-17 1.32912e-16 5.32142e-16 1.97127e-15 6.74582e-15 2.12944e-14 6.19317e-14 1.65807e-13 4.08492e-13 9.26391e-13 1.93619e-12 3.73765e-12 6.68624e-12 1.11326e-11 1.73432e-11 2.54297e-11 3.53096e-11 4.6712e-11 5.92195e-11 7.23328e-11 8.55377e-11 9.83609e-11 1.10406e-10 1.2137e-10 1.31042e-10 1.39293e-10 1.46055e-10 1.51303e-10 1.55039e-10 1.57273e-10 1.58017e-10 1.57273e-10 1.55039e-10 1.51303e-10 1.46055e-10 1.39293e-10 1.31042e-10 1.2137e-10 1.10406e-10 9.83609e-11 8.55377e-11 7.23328e-11 5.92195e-11 4.6712e-11 3.53096e-11 2.54297e-11 1.73432e-11 1.11326e-11 6.68624e-12 3.73765e-12 1.93619e-12 9.26391e-13 4.08492e-13 1.65807e-13 6.19317e-14 2.12944e-14 6.74582e-15 1.97127e-15 5.32142e-16 1.32912e-16 3.07659e-17 6.61095e-18 1.32087e-18 2.45781e-19 4.26574e-20 6.91564e-21 1.04873e-21 1.48955e-22 1.98396e-23 2.48084e-24 2.91551e-25 3.22335e-26 3.35564e-27 3.29219e-28 3.04631e-29 2.66041e-30 2.19428e-31 1.71019e-32 1.25448e-33 0
0 8.74818e-34 1.21741e-32 1.59544e-31 1.97662e-30 2.31379e-29 2.55747e-28 2.66734e-27 2.623e-26 2.43001e-25 2.11893e-24 1.73739e-23 1.33811e-22 9.6695e-22 6.54791e-21 4.14973e-20 2.45781e-19 1.35844e-18 6.99547e-18 3.35087e-17 1.49045e-16 6.14501e-16 2.3442e-15 8.25954e-15 2.68327e-14 8.02497e-14 2.20665e-13 5.57383e-13 1.29295e-12 2.75582e-12 5.4054e-12 9.78374e-12 1.64068e-11 2.56239e-11 3.74993e-11 5.17667e-11 6.78688e-11 8.50622e-11 1.02547e-10 1.19586e-10 1.35578e-10 1.50103e-10 1.62915e-10 1.73917e-10 1.83122e-10 1.90615e-10 1.96512e-10 2.00942e-10 2.04016e-10 2.05824e-10 2.0642e-10 2.05824e-10 2.04016e-10 2.00942e-10 1.96512e-10 1.90615e-10 1.83122e-10 1.73917e-10 1.62915e-10 1.50103e-10 1.35578e-10 1.19586e-10 1.02547e-10 8.50622e-11 6.78688e-11 5.17667e-11 3.74993e-11 2.56239e-11 1.64068e-11 9.78374e-12 5.4054e-12 2.75582e-12 1.29295e-12 5.57383e-13 2.20665e-13 8.02497e-14 2.68327e-14 8.25954e-15 2.3442e-15 6.14501e-16 1.49045e-16 3.35087e-17 6.99547e-18 1.35844e-18 2.45781e-19 4.14973e-20 6.54791e-21 9.6695e-22 1.33811e-22 1.73739e-23 2.11893e-24 2.43001e-25 2.623e-26 2.66734e-27 2.55747e-28 2.31379e-29 1.97662e-30 1.59541e-31 1.21144e-32 0
0 8.20745e-33 1.1034e-31 1.39639e-30 1.67039e-29 1.88758e-28 2.01362e-27 2.0263e-26 1.9219e-25 1.7166e-24 1.44246e-23 1.13913e-22 8.44471e-22 5.86964e-21 3.82016e-20 2.32478e-19 1.32087e-18 6.99547e-18 3.44758e-17 1.57825e-16 6.69858e-16 2.63084e-15 9.54237e-15 3.19017e-14 9.8118e-14 2.77153e-13 7.1799e-13 1.70431e-12 3.70615e-12 7.3888e-12 1.35323e-11 2.28454e-11 3.57265e-11 5.20768e-11 7.12628e-11 9.22425e-11 1.13792e-10 1.34742e-10 1.54159e-10 1.71425e-10 1.86247e-10 1.98598e-10 2.08638e-10 2.16631e-10 2.22876e-10 2.27667e-10 2.31256e-10 2.33848e-10 2.35597e-10 2.36606e-10 2.36936e-10 2.36606e-10 2.35597e-10 2.33848e-10 2.31256e-10 2.27667e-10 2.22876e-10 2.16631e-10 2.08638e-10 1.98598e-10 1.86247e-10 1.71425e-10 1.54159e-10 1.34742e-10 1.13792e-10 9.22425e-11 7.12628e-11 5.20768e-11 3.57265e-11 2.28454e-11 1.35323e-11 7.3888e-12 3.70615e-12 1.70431e-12 7.1799e-13 2.77153e-13 9.8118e-14 3.19017e-14 9.54237e-15 2.63084e-15 6.69858e-16 1.57825e-16 3.44758e-17 6.99547e-18 1.32087e-18 2.32478e-19 3.82016e-20 5.86964e-21 8.44471e-22 1.13913e-22 1.44246e-23 1.7166e-24 1.9219e-25 2.0263e-26 2.01362e-27 1.88758e-28 1.67039e-29 1.39636e-30 1.0976e-31 0
0 7.21903e-32 9.37582e-31 1.14573e-29 1.32315e-28 1.44316e-27 1.48552e-26 1.44194e-25 1.31868e-24 1.13512e-23 9.18757e-23 6.98438e-22 4.98074e-21 3.32758e-20 2.07978e-19 1.21422e-18 6.61095e-18 3.35087e-17 1.57825e-16 6.89387e-16 2.78693e-15 1.04049e-14 3.57966e-14 1.13238e-13 3.28681e-13 8.73686e-13 2.12354e-12 4.71482e-12 9.56131e-12 1.7729e-11 3.0136e-11 4.71635e-11 6.83737e-11 9.25158e-11 1.17831e-10 1.42495e-10 1.65012e-10 1.84426e-10 2.00367e-10 2.12933e-10 2.22533e-10 2.29718e-10 2.35046e-10 2.39006e-10 2.41982e-10 2.44242e-10 2.45964e-10 2.47247e-10 2.48144e-10 2.48678e-10 2.48855e-10 2.48678e-10 2.48144e-10 2.47247e-10 2.45964e-10 2.44242e-10 2.41982e-10 2.39006e-10 2.35046e-10 2.29718e-10 2.22533e-10 2.12933e-10 2.00367e-10 1.84426e-10 1.65012e-10 1.42495e-10 1.17831e-10 9.25158e-11 6.83737e-11 4.71635e-11 3.0136e-11 1.7729e-11 9.56131e-12 4.71482e-12 2.12354e-12 8.73686e-13 3.28681e-13 1.13238e-13 3.57966e-14 1.04049e-14 2.78693e-15 6.89387e-16 1.57825e-16 3.35087e-17 6.61095e-18 1.21422e-18 2.07978e-19 3.32758e-20 4.98074e-21 6.98438e-22 9.18757e-23 1.13512e-23 1.31868e-24 1.44194e-25 1.48552e-26 1.44316e-27 1.32315e-28 1.14569e-29 9.32294e-31 0
0 5.94811e-31 7.46276e-30 8.80499e-29 9.8155e-28 1.03312e-26 1.02588e-25 9.6023e-25 8.46402e-24 7.01866e-23 5.46917e-22 3.99993e-21 2.74207e-20 1.75948e-19 1.05513e-18 5.90368e-18 3.07659e-17 1.49045e-16 6.69858e-16 2.78693e-15 1.07092e-14 3.7917e-14 1.23393e-13 3.68176e-13 1.00481e-12 2.50278e-12 5.67945e-12 1.17291e-11 2.20442e-11 3.7761e-11 5.91559e-11 8.52333e-11 1.13833e-10 1.42263e-10 1.68098e-10 1.8975e-10 2.06639e-10 2.19051e-10 2.278e-10 2.33895e-10 2.38281e-10 2.41697e-10 2.44631e-10 2.47346e-10 2.49929e-10 2.52356e-10 2.54542e-10 2.56383e-10 2.57777e-10 2.58648e-10 2.58943e-10 2.58648e-10 2.57777e-10 2.56383e-10 2.54542e-10 2.52356e-10 2.49929e-10 2.47346e-10 2.44631e-10 2.41697e-10 2.38281e-10 2.33895e-10 2.278e-10 2.19051e-10 2.06639e-10 1.8975e-10 1.68098e-10 1.42263e-10 1.13833e-10 8.52333e-11 5.91559e-11 3.7761e-11 2.20442e-11 1.17291e-11 5.67945e-12 2.50278e-12 1.00481e-12 3.68176e-13 1.23393e-13 3.7917e-14 1.07092e-14 2.78693e-15 6.69858e-16 1.49045e-16 3.07659e-17 5.90368e-18 1.05513e-18 1.75948e-19 2.74207e-20 3.99993e-21 5.46917e-22 7.01866e-23 8.46402e-24 9.6023e-25 1.02588e-25 1.03312e-26 9.81549e-28 8.80466e-29 7.41764e-30 0
0 4.58706e-30 5.55931e-29 6.33214e-28 6.81261e-27 6.91807e-26 6.62513e-25 5.97775e-24 5.0766e-23 4.05341e-22 3.03919e-21 2.13706e-20 1.40729e-19 8.66551e-19 4.98109e-18 2.66806e-17 1.32912e-16 6.14501e-16 2.63084e-15 1.04049e-14 3.7917e-14 1.26975e-13 3.89645e-13 1.09259e-12 2.79168e-12 6.48326e-12 1.36565e-11 2.60602e-11 4.50593e-11 7.07455e-11 1.01345e-10 1.33496e-10 1.63423e-10 1.88278e-10 2.06868e-10 2.19578e-10 2.278e-10 2.33258e-10 2.37477e-10 2.41518e-10 2.45941e-10 2.50886e-10 2.5623e-10 2.6171e-10 2.67031e-10 2.71922e-10 2.76165e-10 2.796e-10 2.82118e-10 2.83652e-10 2.84167e-10 2.83652e-10 2.82118e-10 2.796e-10 2.76165e-10 2.71922e-10 2.67031e-10 2.6171e-10 2.5623e-10 2.50886e-10 2.45941e-10 2.41518e-10 2.37477e-10 2.33258e-10 2.278e-10 2.19578e-10 2.06868e-10 1.88278e-10 1.63423e-10 1.33496e-10 1.01345e-10 7.07455e-11 4.50593e-11 2.60602e-11 1.36565e-11 6.48326e-12 2.79168e-12 1.09259e-12 3.89645e-13 1.26975e-13 3.7917e-14 1.04049e-14 2.63084e-15 6.14501e-16 1.32912e-16 2.66806e-17 4.98109e-18 8.66551e-19 1.40729e-19 2.13706e-20 3.03919e-21 4.05341e-22 5.0766e-23 5.97775e-24 6.62513e-25 6.91807e-26 6.81261e-27 6.33188e-28 5.52328e-29 0
0 3.30787e-29 3.87227e-28 4.25727e-27 4.41963e-26 4.32894e-25 3.99687e-24 3.4751e-23 2.84215e-22 2.18395e-21 1.57467e-20 1.06385e-19 6.72427e-19 3.96974e-18 2.18497e-17 1.11904e-16 5.32142e-16 2.3442e-15 9.54237e-15 3.57966e-14 1.23393e-13 3.89645e-13 1.12349e-12 2.94814e-12 7.01748e-12 1.51059e-11 2.93349e-11 5.1324e-11 8.09476e-11 1.15488e-10 1.50144e-10 1.79985e-10 2.02092e-10 2.16374e-10 2.2483e-10 2.30218e-10 2.34977e-10 2.40638e-10 2.47763e-10 2.56209e-10 2.65447e-10 2.7485e-10 2.83867e-10 2.92093e-10 2.99288e-10 3.05334e-10 3.10207e-10 3.13928e-10 3.16541e-10 3.18089e-10 3.18601e-10 3.18089e-10 3.16541e-10 3.13928e-10 3.10207e-10 3.05334e-10 2.99288e-10 2.92093e-10 2.83867e-10 2.7485e-10 2.65447e-10 2.56209e-10 2.47763e-10 2.40638e-10 2.34977e-10 2.30218e-10 2.2483e-10 2.16374e-10 2.02092e-10 1.79985e-10 1.50144e-10 1.15488e-10 8.09476e-11 5.1324e-11 2.93349e-11 1.51059e-11 7.01748e-12 2.94814e-12 1.12349e-12 3.89645e-13 1.23393e-13 3.57966e-14 9.54237e-15 2.3442e-15 5.32142e-16 1.11904e-16 2.18497e-17 3.96974e-18 6.72427e-19 1.06385e-19 1.57467e-20 2.18395e-21 2.84215e-22 3.4751e-23 3.99687e-24 4.32894e-25 4.41962e-26 4.25706e-27 3.84537e-28 0
0 2.22845e-28 2.51947e-27 2.67322e-26 2.67722e-25 2.52862e-24 2.25013e-23 1.88445e-22 1.48356e-21 1.09651e-20 7.59798e-20 4.92833e-19 2.98741e-18 1.68926e-17 8.89296e-17 4.34915e-16 1.97127e-15 8.25954e-15 3.19017e-14 1.13238e-13 3.68176e-13 1.09259e-12 2.94814e-12 7.20487e-12 1.58847e-11 3.14788e-11 5.59109e-11 8.88931e-11 1.26723e-10 1.63008e-10 1.9164e-10 2.10051e-10 2.20029e-10 2.25728e-10 2.31093e-10 2.38519e-10 2.4864e-10 2.60797e-10 2.73809e-10 2.86533e-10 2.98137e-10 3.08192e-10 3.16581e-10 3.23394e-10 3.28821e-10 3.33067e-10 3.36321e-10 3.38722e-10 3.40378e-10 3.41346e-10 3.41666e-10 3.41346e-10 3.40378e-10 3.38722e-10 3.36321e-10 3.33067e-10 3.28821e-10 3.23394e-10 3.16581e-10 3.08192e-10 2.98137e-10 2.86533e-10 2.73809e-10 2.60797e-10 2.4864e-10 2.38519e-10 2.31093e-10 2.25728e-10 2.20029e-10 2.10051e-10 1.9164e-10 1.63008e-10 1.26723e-10 8.88931e-11 5.59109e-11 3.14788e-11 1.58847e-11 7.20487e-12 2.94814e-12 1.09259e-12 3.68176e-13 1.13238e-13 3.19017e-14 8.25954e-15 1.97127e-15 4.34915e-16 8.89296e-17 1.68926e-17 2.98741e-18 4.92833e-19 7.59798e-20 1.09651e-20 1.48356e-21 1.88445e-22 2.25013e-23 2.52862e-24 2.67722e-25 2.67307e-26 2.5007e-27 0
0 1.40108e-27 1.52971e-26 1.56607e-25 1.5127e-24 1.3773e-23 1.18082e-22 9.52162e-22 7.21207e-21 5.12425e-20 3.41008e-19 2.12199e-18 1.23249e-17 6.66843e-17 3.35366e-16 1.564e-15 6.74582e-15 2.68327e-14 9.8118e-14 3.28681e-13 1.00481e-12 2.79168e-12 7.01748e-12 1.58847e-11 3.2225e-11 5.83342e-11 9.3926e-11 1.34451e-10 1.71907e-10 1.98953e-10 2.13652e-10 2.20327e-10 2.25607e-10 2.33947e-10 2.46415e-10 2.61802e-10 2.77942e-10 2.92911e-10 3.05669e-10 3.15923e-10 3.23925e-10 3.30182e-10 3.35173e-10 3.39305e-10 3.42817e-10 3.45833e-10 3.48383e-10 3.50439e-10 3.5196e-10 3.52891e-10 3.53208e-10 3.52891e-10 3.5196e-10 3.50439e-10 3.48383e-10 3.45833e-10 3.42817e-10 3.39305e-10 3.35173e-10 3.30182e-10 3.23925e-10 3.15923e-10 3.05669e-10 2.92911e-10 2.77942e-10 2.61802e-10 2.46415e-10 2.33947e-10 2.25607e-10 2.20327e-10 2.13652e-10 1.98953e-10 1.71907e-10 1.34451e-10 9.3926e-11 5.83342e-11 3.2225e-11 1.58847e-11 7.01748e-12 2.79168e-12 1.00481e-12 3.28681e-13 9.8118e-14 2.68327e-14 6.74582e-15 1.564e-15 3.35366e-16 6.66843e-17 1.23249e-17 2.12199e-18 3.41008e-19 5.12425e-20 7.21207e-21 9.52162e-22 1.18082e-22 1.3773e-23 1.5127e-24 1.56597e-25 1.51749e-26 0
0 8.21249e-27 8.65791e-26 8.55081e-25 7.96397e-24 6.98798e-23 5.77004e-22 4.47783e-21 3.26157e-20 2.2264e-19 1.42197e-18 8.4821e-18 4.71616e-17 2.43895e-16 1.17032e-15 5.19696e-15 2.12944e-14 8.02497e-14 2.77153e-13 8.73686e-13 2.50278e-12 6.48326e-12 1.51059e-11 3.14788e-11 5.83342e-11 9.56478e-11 1.38371e-10 1.77045e-10 2.02953e-10 2.14693e-10 2.19426e-10 2.2641e-10 2.39703e-10 2.57551e-10 2.76357e-10 2.93166e-10 3.06414e-10 3.16252e-10 3.23668e-10 3.29684e-10 3.35211e-10 3.40685e-10 3.46231e-10 3.51785e-10 3.57107e-10 3.62012e-10 3.66259e-10 3.69719e-10 3.72254e-10 3.73808e-10 3.74326e-10 3.73808e-10 3.72254e-10 3.69719e-10 3.66259e-10 3.62012e-10 3.57107e-10 3.51785e-10 3.46231e-10 3.40685e-10 3.35211e-10 3.29684e-10 3.23668e-10 3.16252e-10 3.06414e-10 2.93166e-10 2.76357e-10 2.57551e-10 2.39703e-10 2.2641e-10 2.19426e-10 2.14693e-10 2.02953e-10 1.77045e-10 1.38371e-10 9.56478e-11 5.83342e-11 3.14788e-11 1.51059e-11 6.48326e-12 2.50278e-12 8.73686e-13 2.77153e-13 8.02497e-14 2.12944e-14 5.19696e-15 1.17032e-15 2.43895e-16 4.71616e-17 8.4821e-18 1.42197e-18 2.2264e-19 3.26157e-20 4.47783e-21 5.77004e-22 6.98798e-23 7.96396e-24 8.55018e-25 8.58368e-26 0
0 4.48315e-26 4.56311e-25 4.3467e-24 3.90261e-23 3.29906e-22 2.6226e-21 1.95793e-20 1.37071e-19 8.98408e-19 5.50317e-18 3.14423e-17 1.67202e-16 8.25576e-16 3.775e-15 1.59383e-14 6.19317e-14 2.20665e-13 7.1799e-13 2.12354e-12 5.67945e-12 1.36565e-11 2.93349e-11 5.59109e-11 9.3926e-11 1.38371e-10 1.78715e-10 2.04649e-10 2.14688e-10 2.18564e-10 2.28299e-10 2.47007e-10 2.68858e-10 2.8785e-10 3.02063e-10 3.11897e-10 3.19167e-10 3.26092e-10 3.33654e-10 3.42156e-10 3.51426e-10 3.60792e-10 3.69862e-10 3.78149e-10 3.85429e-10 3.91592e-10 3.96555e-10 4.00397e-10 4.0307e-10 4.04693e-10 4.05203e-10 4.04693e-10 4.0307e-10 4.00397e-10 3.96555e-10 3.91592e-10 3.85429e-10 3.78149e-10 3.69862e-10 3.60792e-10 3.51426e-10 3.42156e-10 3.33654e-10 3.26092e-10 3.19167e-10 3.11897e-10 3.02063e-10 2.8785e-10 2.68858e-10 2.47007e-10 2.28299e-10 2.18564e-10 2.14688e-10 2.04649e-10 1.78715e-10 1.38371e-10 9.3926e-11 5.59109e-11 2.93349e-11 1.36565e-11 5.67945e-12 2.12354e-12 7.1799e-13 2.20665e-13 6.19317e-14 1.59383e-14 3.775e-15 8.25576e-16 1.67202e-16 3.14423e-17 5.50317e-18 8.98408e-19 1.37071e-19 1.95793e-20 2.6226e-21 3.29906e-22 3.90261e-23 4.34633e-24 4.52113e-25 0
0 2.2768e-25 2.23716e-24 2.05503e-23 1.77821e-22 1.44779e-21 1.10767e-20 7.95186e-20 5.34804e-19 3.36377e-18 1.97483e-17 1.07989e-16 5.4872e-16 2.58409e-15 1.12455e-14 4.50758e-14 1.65807e-13 5.57383e-13 1.70431e-12 4.71482e-12 1.17291e-11 2.60602e-11 5.1324e-11 8.88931e-11 1.34451e-10 1.77045e-10 2.04649e-10 2.14583e-10 2.18133e-10 2.30247e-10 2.53558e-10 2.77643e-10 2.94159e-10 3.04428e-10 3.12428e-10 3.20532e-10 3.30748e-10 3.42997e-10 3.55796e-10 3.68459e-10 3.79937e-10 3.89848e-10 3.983e-10 4.05157e-10 4.10883e-10 4.15419e-10 4.19084e-10 4.21841e-10 4.23813e-10 4.24984e-10 4.25374e-10 4.24984e-10 4.23813e-10 4.21841e-10 4.19084e-10 4.15419e-10 4.10883e-10 4.05157e-10 3.983e-10 3.89848e-10 3.79937e-10 3.68459e-10 3.55796e-10 3.42997e-10 3.30748e-10 3.20532e-10 3.12428e-10 3.04428e-10 2.94159e-10 2.77643e-10 2.53558e-10 2.30247e-10 2.18133e-10 2.14583e-10 2.04649e-10 1.77045e-10 1.34451e-10 8.88931e-11 5.1324e-11 2.60602e-11 1.17291e-11 4.71482e-12 1.70431e-12 5.57383e-13 1.65807e-13 4.50758e-14 1.12455e-14 2.58409e-15 5.4872e-16 1.07989e-16 1.97483e-17 3.36377e-18 5.34804e-19 7.95186e-20 1.10767e-20 1.44779e-21 1.77821e-22 2.05483e-23 2.21507e-24 0
0 1.07459e-24 1.01924e-23 9.02706e-23 7.52644e-22 5.90043e-21 4.34324e-20 2.99712e-19 1.93559e-18 1.16767e-17 6.56626e-17 3.434e-16 1.66589e-15 7.47493e-15 3.09225e-14 1.17508e-13 4.08492e-13 1.29295e-12 3.70615e-12 9.56131e-12 2.20442e-11 4.50593e-11 8.09476e-11 1.26723e-10 1.71907e-10 2.02953e-10 2.14688e-10 2.18133e-10 2.31065e-10 2.57363e-10 2.82804e-10 2.96156e-10 3.03083e-10 3.12566e-10 3.25212e-10 3.39989e-10 3.56075e-10 3.70407e-10 3.82456e-10 3.92633e-10 4.00619e-10 4.07718e-10 4.13876e-10 4.19493e-10 4.24765e-10 4.29316e-10 4.33485e-10 4.36654e-10 4.39218e-10 4.40596e-10 4.4122e-10 4.40596e-10 4.39218e-10 4.36654e-10 4.33485e-10 4.29316e-10 4.24765e-10 4.19493e-10 4.13876e-10 4.07718e-10 4.00619e-10 3.92633e-10 3.82456e-10 3.70407e-10 3.56075e-10 3.39989e-10 3.25212e-10 3.12566e-10 3.03083e-10 2.96156e-10 2.82804e-10 2.57363e-10 2.31065e-10 2.18133e-10 2.14688e-10 2.02953e-10 1.71907e-10 1.26723e-10 8.09476e-11 4.50593e-11 2.20442e-11 9.56131e-12 3.70615e-12 1.29295e-12 4.08492e-13 1.17508e-13 3.09225e-14 7.47493e-15 1.66589e-15 3.434e-16 6.56626e-17 1.16767e-17 1.93559e-18 2.99712e-19 4.34324e-20 5.90043e-21 7.52643e-22 9.02604e-23 1.00843e-23 0
0 4.70873e-24 4.31096e-23 3.6808e-22 2.95659e-21 2.23134e-20 1.57983e-19 1.0476e-18 6.49418e-18 3.75587e-17 2.02196e-16 1.01068e-15 4.6775e-15 1.99799e-14 7.84877e-14 2.82406e-13 9.26391e-13 2.75582e-12 7.3888e-12 1.7729e-11 3.7761e-11 7.07455e-11 1.15488e-10 1.63008e-10 1.98953e-10 2.14693e-10 2.18564e-10 2.30247e-10 2.57363e-10 2.8445e-10 2.96231e-10 3.01124e-10 3.14216e-10 3.33066e-10 3.50134e-10 3.65797e-10 3.78549e-10 3.87643e-10 3.96544e-10 4.04784e-10 4.13124e-10 4.22255e-10 4.30681e-10 4.3938e-10 4.469e-10 4.53787e-10 4.5944e-10 4.63882e-10 4.6718e-10 4.69017e-10 4.69779e-10 4.69017e-10 4.6718e-10 4.63882e-10 4.5944e-10 4.53787e-10 4.469e-10 4.3938e-10 4.30681e-10 4.22255e-10 4.13124e-10 4.04784e-10 3.96544e-10 3.87643e-10 3.78549e-10 3.65797e-10 3.50134e-10 3.33066e-10 3.14216e-10 3.01124e-10 2.96231e-10 2.8445e-10 2.57363e-10 2.30247e-10 2.18564e-10 2.14693e-10 1.98953e-10 1.63008e-10 1.15488e-10 7.07455e-11 3.7761e-11 1.7729e-11 7.3888e-12 2.75582e-12 9.26391e-13 2.82406e-13 7.84877e-14 1.99799e-14 4.6775e-15 1.01068e-15 2.02196e-16 3.75587e-17 6.49418e-18 1.0476e-18 1.57983e-19 2.23134e-20 2.95659e-21 3.68032e-22 4.26191e-23 0
0 1.91379e-23 1.69127e-22 1.39204e-21 1.07712e-20 7.82459e-20 5.32774e-19 3.39414e-18 2.01912e-17 1.11914e-16 5.76553e-16 2.75318e-15 1.21489e-14 4.93672e-14 1.84004e-13 6.26249e-13 1.93619e-12 5.4054e-12 1.35323e-11 3.0136e-11 5.91559e-11 1.01345e-10 1.50144e-10 1.9164e-10 2.13652e-10 2.19426e-10 2.28299e-10 2.53558e-10 2.82804e-10 2.96231e-10 3.00312e-10 3.16034e-10 3.40348e-10 3.56936e-10 3.68172e-10 3.79769e-10 3.88843e-10 3.99476e-10 4.12454e-10 4.24286e-10 4.37306e-10 4.48684e-10 4.58831e-10 4.68151e-10 4.75189e-10 4.81985e-10 4.86482e-10 4.90831e-10 4.93133e-10 4.95176e-10 4.95338e-10 4.95176e-10 4.93133e-10 4.90831e-10 4.86482e-10 4.81985e-10 4.75189e-10 4.68151e-10 4.58831e-10 4.48684e-10 4.37306e-10 4.24286e-10 4.12454e-10 3.99476e-10 3.88843e-10 3.79769e-10 3.68172e-10 3.56936e-10 3.40348e-10 3.16034e-10 3.00312e-10 2.96231e-10 2.82804e-10 2.53558e-10 2.28299e-10 2.19426e-10 2.13652e-10 1.9164e-10 1.50144e-10 1.01345e-10 5.91559e-11 3.0136e-11 1.35323e-11 5.4054e-12 1.93619e-12 6.26249e-13 1.84004e-13 4.93672e-14 1.21489e-14 2.75318e-15 5.76553e-16 1.11914e-16 2.01912e-17 3.39414e-18 5.32774e-19 7.82459e-20 1.07712e-20 1.39182e-21 1.67061e-22 0
0 7.20864e-23 6.14982e-22 4.87957e-21 3.63713e-20 2.54315e-19 1.6652e-18 1.0191e-17 5.81704e-17 3.08955e-16 1.52283e-15 6.94521e-15 2.92112e-14 1.12875e-13 3.98978e-13 1.28365e-12 3.73765e-12 9.78374e-12 2.28454e-11 4.71635e-11 8.52333e-11 1.33496e-10 1.79985e-10 2.10051e-10 2.20327e-10 2.2641e-10 2.47007e-10 2.77643e-10 2.96156e-10 3.01124e-10 3.16034e-10 3.43267e-10 3.59662e-10 3.658e-10 3.78676e-10 3.93359e-10 4.06702e-10 4.23966e-10 4.37894e-10 4.4997e-10 4.6192e-10 4.70088e-10 4.79347e-10 4.86117e-10 4.93014e-10 4.9896e-10 5.03671e-10 5.0822e-10 5.10627e-10 5.1311e-10 5.13054e-10 5.1311e-10 5.10627e-10 5.0822e-10 5.03671e-10 4.9896e-10 4.93014e-10 4.86117e-10 4.79347e-10 4.70088e-10 4.6192e-10 4.4997e-10 4.37894e-10 4.23966e-10 4.06702e-10 3.93359e-10 3.78676e-10 3.658e-10 3.59662e-10 3.43267e-10 3.16034e-10 3.01124e-10 2.96156e-10 2.77643e-10 2.47007e-10 2.2641e-10 2.20327e-10 2.10051e-10 1.79985e-10 1.33496e-10 8.52333e-11 4.71635e-11 2.28454e-11 9.78374e-12 3.73765e-12 1.28365e-12 3.98978e-13 1.12875e-13 2.92112e-14 6.94521e-15 1.52283e-15 3.08955e-16 5.81704e-17 1.0191e-17 1.6652e-18 2.54314e-19 3.63712e-20 4.87872e-21 6.06917e-22 0
0 2.51468e-22 2.07144e-21 1.58467e-20 1.13799e-19 7.65976e-19 4.82363e-18 2.83616e-17 1.55346e-16 7.90658e-16 3.72877e-15 1.62424e-14 6.51136e-14 2.39247e-13 8.01915e-13 2.43867e-12 6.68624e-12 1.64068e-11 3.57265e-11 6.83737e-11 1.13833e-10 1.63423e-10 2.02092e-10 2.20029e-10 2.25607e-10 2.39703e-10 2.68858e-10 2.94159e-10 3.03083e-10 3.14216e-10 3.40348e-10 3.59662e-10 3.64132e-10 3.78186e-10 4.00898e-10 4.15269e-10 4.30382e-10 4.45065e-10 4.53626e-10 4.65787e-10 4.75531e-10 4.85473e-10 4.969e-10 5.05248e-10 5.15857e-10 5.22483e-10 5.30471e-10 5.34883e-10 5.3959e-10 5.4129e-10 5.4268e-10 5.4129e-10 5.3959e-10 5.34883e-10 5.30471e-10 5.22483e-10 5.15857e-10 5.05248e-10 4.969e-10 4.85473e-10 4.75531e-10 4.65787e-10 4.53626e-10 4.45065e-10 4.30382e-10 4.15269e-10 4.00898e-10 3.78186e-10 3.64132e-10 3.59662e-10 3.40348e-10 3.14216e-10 3.03083e-10 2.94159e-10 2.68858e-10 2.39703e-10 2.25607e-10 2.20029e-10 2.02092e-10 1.63423e-10 1.13833e-10 6.83737e-11 3.57265e-11 1.64068e-11 6.68624e-12 2.43867e-12 8.01915e-13 2.39247e-13 6.51136e-14 1.62424e-14 3.72877e-15 7.90658e-16 1.55346e-16 2.83616e-17 4.82363e-18 7.65976e-19 1.13798e-19 1.58435e-20 2.04229e-21 0
0 8.12029e-22 6.46088e-21 4.76685e-20 3.299e-19 2.13825e-18 1.29543e-17 7.32004e-17 3.84869e-16 1.87778e-15 8.4761e-15 3.52767e-14 1.34845e-13 4.71319e-13 1.49869e-12 4.30988e-12 1.11326e-11 2.56239e-11 5.20768e-11 9.25158e-11 1.42263e-10 1.88278e-10 2.16374e-10 2.25728e-10 2.33947e-10 2.57551e-10 2.8785e-10 3.04428e-10 3.12566e-10 3.33066e-10 3.56936e-10 3.658e-10 3.78186e-10 4.04728e-10 4.20393e-10 4.2874e-10 4.45011e-10 4.5615e-10 4.68976e-10 4.85815e-10 4.97356e-10 5.12825e-10 5.23839e-10 5.34864e-10 5.4472e-10 5.5157e-10 5.59469e-10 5.62936e-10 5.68294e-10 5.68741e-10 5.71245e-10 5.68741e-10 5.68294e-10 5.62936e-10 5.59469e-10 5.5157e-10 5.4472e-10 5.34864e-10 5.23839e-10 5.12825e-10 4.97356e-10 4.85815e-10 4.68976e-10 4.5615e-10 4.45011e-10 4.2874e-10 4.20393e-10 4.04728e-10 3.78186e-10 3.658e-10 3.56936e-10 3.33066e-10 3.12566e-10 3.04428e-10 2.8785e-10 2.57551e-10 2.33947e-10 2.25728e-10 2.16374e-10 1.88278e-10 1.42263e-10 9.25158e-11 5.20768e-11 2.56239e-11 1.11326e-11 4.30988e-12 1.49869e-12 4.71319e-13 1.34845e-13 3.52767e-14 8.4761e-15 1.87778e-15 3.84869e-16 7.32004e-17 1.29543e-17 2.13825e-18 3.29899e-19 4.76574e-20 6.36339e-21 0
