0 3.02783e-20 1.45227e-19 6.38028e-19 2.66146e-18 1.05475e-17 3.96804e-17 1.41586e-16 4.78744e-16 1.5327e-15 4.64228e-15 1.32921e-14 3.59549e-14 9.18289e-14 2.21353e-13 5.03481e-13 1.08066e-12 2.18945e-12 4.18994e-12 7.58134e-12 1.29886e-11 2.11079e-11 3.26096e-11 4.80139e-11 6.75674e-11 9.1154e-11 1.18267e-10 1.48052e-10 1.79409e-10 2.11132e-10 2.42054e-10 2.71169e-10 2.97713e-10 3.21205e-10 3.41436e-10 3.58435e-10 3.72408e-10 3.83681e-10 3.92641e-10 3.99685e-10 4.05187e-10 4.09476e-10 4.12826e-10 4.15454e-10 4.1752e-10 4.19143e-10 4.20399e-10 4.2134e-10 4.21996e-10 4.22384e-10 4.22513e-10 4.22384e-10 4.21996e-10 4.2134e-10 4.20399e-10 4.19143e-10 4.1752e-10 4.15454e-10 4.12826e-10 4.09476e-10 4.05187e-10 3.99685e-10 3.92641e-10 3.83681e-10 3.72408e-10 3.58435e-10 3.41436e-10 3.21205e-10 2.97713e-10 2.71169e-10 2.42054e-10 2.11132e-10 1.79409e-10 1.48052e-10 1.18267e-10 9.1154e-11 6.75674e-11 4.80139e-11 3.26096e-11 2.11079e-11 1.29886e-11 7.58134e-12 4.18994e-12 2.18945e-12 1.08066e-12 5.03481e-13 2.21353e-13 9.18289e-14 3.59549e-14 1.32921e-14 4.64228e-15 1.5327e-15 4.78744e-16 1.41586e-16 3.96804e-17 1.05474e-17 2.66122e-18 6.36786e-19 1.38945e-19 0
0 7.39697e-20 3.45668e-19 1.47579e-18 5.97794e-18 2.29911e-17 8.3885e-17 2.90092e-16 9.50005e-16 2.94358e-15 8.62243e-15 2.38594e-14 6.23278e-14 1.53628e-13 3.57176e-13 7.83183e-13 1.6199e-12 3.16205e-12 5.83021e-12 1.0167e-11 1.67974e-11 2.6349e-11 3.93427e-11 5.60782e-11 7.6546e-11 1.00391e-10 1.26938e-10 1.55279e-10 1.84385e-10 2.13237e-10 2.40934e-10 2.66764e-10 2.90247e-10 3.11127e-10 3.2935e-10 3.45017e-10 3.58334e-10 3.69568e-10 3.79004e-10 3.8692e-10 3.93566e-10 3.99153e-10 4.03855e-10 4.07804e-10 4.11099e-10 4.13809e-10 4.15983e-10 4.1765e-10 4.18831e-10 4.19537e-10 4.19771e-10 4.19537e-10 4.18831e-10 4.1765e-10 4.15983e-10 4.13809e-10 4.11099e-10 4.07804e-10 4.03855e-10 3.99153e-10 3.93566e-10 3.8692e-10 3.79004e-10 3.69568e-10 3.58334e-10 3.45017e-10 3.2935e-10 3.11127e-10 2.90247e-10 2.66764e-10 2.40934e-10 2.13237e-10 1.84385e-10 1.55279e-10 1.26938e-10 1.00391e-10 7.6546e-11 5.60782e-11 3.93427e-11 2.6349e-11 1.67974e-11 1.0167e-11 5.83021e-12 3.16205e-12 1.6199e-12 7.83183e-13 3.57176e-13 1.53628e-13 6.23278e-14 2.38594e-14 8.62243e-15 2.94358e-15 9.50005e-16 2.90092e-16 8.3885e-17 2.29909e-17 5.97732e-18 1.47258e-18 3.29886e-19 0
0 3.16486e-19 1.43351e-18 5.91093e-18 2.30934e-17 8.55585e-17 3.00319e-16 9.97714e-16 3.13398e-15 9.29874e-15 2.60362e-14 6.87347e-14 1.70957e-13 4.00348e-13 8.82364e-13 1.82999e-12 3.57205e-12 6.566e-12 1.13776e-11 1.86142e-11 2.88141e-11 4.23152e-11 5.91437e-11 7.89649e-11 1.01116e-10 1.24714e-10 1.48811e-10 1.72539e-10 1.95227e-10 2.16448e-10 2.36023e-10 2.53967e-10 2.70424e-10 2.85598e-10 2.99693e-10 3.12878e-10 3.25269e-10 3.36927e-10 3.47868e-10 3.58073e-10 3.67506e-10 3.76125e-10 3.83891e-10 3.90771e-10 3.96744e-10 4.01797e-10 4.05924e-10 4.09128e-10 4.11412e-10 4.12779e-10 4.13235e-10 4.12779e-10 4.11412e-10 4.09128e-10 4.05924e-10 4.01797e-10 3.96744e-10 3.90771e-10 3.83891e-10 3.76125e-10 3.67506e-10 3.58073e-10 3.47868e-10 3.36927e-10 3.25269e-10 3.12878e-10 2.99693e-10 2.85598e-10 2.70424e-10 2.53967e-10 2.36023e-10 2.16448e-10 1.95227e-10 1.72539e-10 1.48811e-10 1.24714e-10 1.01116e-10 7.89649e-11 5.91437e-11 4.23152e-11 2.88141e-11 1.86142e-11 1.13776e-11 6.566e-12 3.57205e-12 1.82999e-12 8.82364e-13 4.00348e-13 1.70957e-13 6.87347e-14 2.60362e-14 9.29874e-15 3.13398e-15 9.97714e-16 3.00318e-16 8.55579e-17 2.30905e-17 5.89628e-18 1.36369e-18 0
0 1.33841e-18 5.88383e-18 2.34639e-17 8.8542e-17 3.16472e-16 1.07033e-15 3.4215e-15 1.03261e-14 2.93897e-14 7.87995e-14 1.9883e-13 4.71712e-13 1.05143e-12 2.2007e-12 4.32419e-12 7.97741e-12 1.38254e-11 2.25337e-11 3.45994e-11 5.01675e-11 6.89008e-11 8.99697e-11 1.12183e-10 1.34228e-10 1.5494e-10 1.73518e-10 1.89636e-10 2.03428e-10 2.15374e-10 2.26141e-10 2.36413e-10 2.46769e-10 2.57603e-10 2.69096e-10 2.81242e-10 2.93884e-10 3.06772e-10 3.19615e-10 3.32119e-10 3.44023e-10 3.55108e-10 3.65211e-10 3.74215e-10 3.82049e-10 3.88675e-10 3.94081e-10 3.98269e-10 4.01248e-10 4.03029e-10 4.03622e-10 4.03029e-10 4.01248e-10 3.98269e-10 3.94081e-10 3.88675e-10 3.82049e-10 3.74215e-10 3.65211e-10 3.55108e-10 3.44023e-10 3.32119e-10 3.19615e-10 3.06772e-10 2.93884e-10 2.81242e-10 2.69096e-10 2.57603e-10 2.46769e-10 2.36413e-10 2.26141e-10 2.15374e-10 2.03428e-10 1.89636e-10 1.73518e-10 1.5494e-10 1.34228e-10 1.12183e-10 8.99697e-11 6.89008e-11 5.01675e-11 3.45994e-11 2.25337e-11 1.38254e-11 7.97741e-12 4.32419e-12 2.2007e-12 1.05143e-12 4.71712e-13 1.9883e-13 7.87995e-14 2.93897e-14 1.03261e-14 3.4215e-15 1.07033e-15 3.16469e-16 8.85284e-17 2.33978e-17 5.5789e-18 0
0 5.38557e-18 2.29682e-17 8.85178e-17 3.22352e-16 1.11051e-15 3.61513e-15 1.11072e-14 3.21672e-14 8.77022e-14 2.24835e-13 5.41343e-13 1.22287e-12 2.58941e-12 5.13634e-12 9.5411e-12 1.65987e-11 2.70617e-11 4.13992e-11 5.95468e-11 8.07581e-11 1.03652e-10 1.26478e-10 1.47516e-10 1.65471e-10 1.79739e-10 1.90454e-10 1.98358e-10 2.04545e-10 2.10182e-10 2.16277e-10 2.23535e-10 2.32312e-10 2.42647e-10 2.54328e-10 2.66993e-10 2.8021e-10 2.9355e-10 3.06627e-10 3.19125e-10 3.30807e-10 3.41506e-10 3.51118e-10 3.59584e-10 3.66883e-10 3.73015e-10 3.77993e-10 3.81837e-10 3.84567e-10 3.86197e-10 3.86739e-10 3.86197e-10 3.84567e-10 3.81837e-10 3.77993e-10 3.73015e-10 3.66883e-10 3.59584e-10 3.51118e-10 3.41506e-10 3.30807e-10 3.19125e-10 3.06627e-10 2.9355e-10 2.8021e-10 2.66993e-10 2.54328e-10 2.42647e-10 2.32312e-10 2.23535e-10 2.16277e-10 2.10182e-10 2.04545e-10 1.98358e-10 1.90454e-10 1.79739e-10 1.65471e-10 1.47516e-10 1.26478e-10 1.03652e-10 8.07581e-11 5.95468e-11 4.13992e-11 2.70617e-11 1.65987e-11 9.5411e-12 5.13634e-12 2.58941e-12 1.22287e-12 5.41343e-13 2.24835e-13 8.77022e-14 3.21672e-14 1.11072e-14 3.61513e-15 1.11049e-15 3.22292e-16 8.82342e-17 2.17001e-17 0
0 2.05661e-17 8.50286e-17 3.16362e-16 1.11049e-15 3.68232e-15 1.1521e-14 3.3964e-14 9.421e-14 2.45533e-13 6.00416e-13 1.37577e-12 2.95027e-12 5.91488e-12 1.10781e-11 1.93755e-11 3.16489e-11 4.83205e-11 6.90677e-11 9.26674e-11 1.17142e-10 1.40212e-10 1.59904e-10 1.75056e-10 1.85553e-10 1.92224e-10 1.9649e-10 1.9993e-10 2.03902e-10 2.09317e-10 2.16574e-10 2.25633e-10 2.36147e-10 2.47616e-10 2.59519e-10 2.71394e-10 2.82887e-10 2.93756e-10 3.03858e-10 3.13125e-10 3.21541e-10 3.29112e-10 3.35859e-10 3.418e-10 3.46949e-10 3.51313e-10 3.54894e-10 3.57687e-10 3.59688e-10 3.60892e-10 3.61293e-10 3.60892e-10 3.59688e-10 3.57687e-10 3.54894e-10 3.51313e-10 3.46949e-10 3.418e-10 3.35859e-10 3.29112e-10 3.21541e-10 3.13125e-10 3.03858e-10 2.93756e-10 2.82887e-10 2.71394e-10 2.59519e-10 2.47616e-10 2.36147e-10 2.25633e-10 2.16574e-10 2.09317e-10 2.03902e-10 1.9993e-10 1.9649e-10 1.92224e-10 1.85553e-10 1.75056e-10 1.59904e-10 1.40212e-10 1.17142e-10 9.26674e-11 6.90677e-11 4.83205e-11 3.16489e-11 1.93755e-11 1.10781e-11 5.91488e-12 2.95027e-12 1.37577e-12 6.00416e-13 2.45533e-13 9.421e-14 3.3964e-14 1.1521e-14 3.68227e-15 1.11023e-15 3.15205e-16 8.00198e-17 0
0 7.44536e-17 2.9819e-16 1.06988e-15 3.61504e-15 1.1521e-14 3.45849e-14 9.76418e-14 2.58847e-13 6.43289e-13 1.49634e-12 3.25266e-12 6.59796e-12 1.24741e-11 2.19607e-11 3.59856e-11 5.48989e-11 7.80649e-11 1.03711e-10 1.29223e-10 1.51854e-10 1.6958e-10 1.81691e-10 1.8889e-10 1.92893e-10 1.95768e-10 1.99308e-10 2.04639e-10 2.12114e-10 2.21451e-10 2.31991e-10 2.42964e-10 2.53694e-10 2.63707e-10 2.72759e-10 2.80804e-10 2.87929e-10 2.94288e-10 3.00053e-10 3.05367e-10 3.10333e-10 3.15003e-10 3.19386e-10 3.23456e-10 3.27162e-10 3.30444e-10 3.33236e-10 3.35478e-10 3.37119e-10 3.38119e-10 3.38455e-10 3.38119e-10 3.37119e-10 3.35478e-10 3.33236e-10 3.30444e-10 3.27162e-10 3.23456e-10 3.19386e-10 3.15003e-10 3.10333e-10 3.05367e-10 3.00053e-10 2.94288e-10 2.87929e-10 2.80804e-10 2.72759e-10 2.63707e-10 2.53694e-10 2.42964e-10 2.31991e-10 2.21451e-10 2.12114e-10 2.04639e-10 1.99308e-10 1.95768e-10 1.92893e-10 1.8889e-10 1.81691e-10 1.6958e-10 1.51854e-10 1.29223e-10 1.03711e-10 7.80649e-11 5.48989e-11 3.59856e-11 2.19607e-11 1.24741e-11 6.59796e-12 3.25266e-12 1.49634e-12 6.43289e-13 2.58847e-13 9.76418e-14 3.45849e-14 1.15208e-14 3.61402e-15 1.06539e-15 2.79414e-16 0
0 2.5527e-16 9.8959e-16 3.4197e-15 1.11068e-14 3.39639e-14 9.76418e-14 2.63441e-13 6.6584e-13 1.57357e-12 3.47071e-12 7.13144e-12 1.36277e-11 2.41839e-11 3.98139e-11 6.07826e-11 8.6102e-11 1.13397e-10 1.39395e-10 1.60967e-10 1.76262e-10 1.85341e-10 1.8998e-10 1.92821e-10 1.96339e-10 2.02096e-10 2.10496e-10 2.20973e-10 2.3244e-10 2.43742e-10 2.53987e-10 2.62698e-10 2.69798e-10 2.75506e-10 2.802e-10 2.84291e-10 2.88134e-10 2.91982e-10 2.95976e-10 3.00153e-10 3.04476e-10 3.08855e-10 3.13172e-10 3.17304e-10 3.21129e-10 3.24543e-10 3.27453e-10 3.29788e-10 3.31494e-10 3.32532e-10 3.32881e-10 3.32532e-10 3.31494e-10 3.29788e-10 3.27453e-10 3.24543e-10 3.21129e-10 3.17304e-10 3.13172e-10 3.08855e-10 3.04476e-10 3.00153e-10 2.95976e-10 2.91982e-10 2.88134e-10 2.84291e-10 2.802e-10 2.75506e-10 2.69798e-10 2.62698e-10 2.53987e-10 2.43742e-10 2.3244e-10 2.20973e-10 2.10496e-10 2.02096e-10 1.96339e-10 1.92821e-10 1.8998e-10 1.85341e-10 1.76262e-10 1.60967e-10 1.39395e-10 1.13397e-10 8.6102e-11 6.07826e-11 3.98139e-11 2.41839e-11 1.36277e-11 7.13144e-12 3.47071e-12 1.57357e-12 6.6584e-13 2.63441e-13 9.76416e-14 3.39631e-14 1.11029e-14 3.40319e-15 9.22859e-16 0
0 8.28047e-16 3.10455e-15 1.03194e-14 3.21658e-14 9.42097e-14 2.58847e-13 6.6584e-13 1.60017e-12 3.58499e-12 7.47105e-12 1.44514e-11 2.58942e-11 4.29067e-11 6.56756e-11 9.28535e-11 1.2144e-10 1.47506e-10 1.67629e-10 1.80352e-10 1.8677e-10 1.89877e-10 1.93092e-10 1.98854e-10 2.07939e-10 2.1961e-10 2.32288e-10 2.44328e-10 2.54573e-10 2.62564e-10 2.6847e-10 2.72855e-10 2.76419e-10 2.79793e-10 2.83428e-10 2.87559e-10 2.92232e-10 2.9736e-10 3.02776e-10 3.08288e-10 3.13713e-10 3.18891e-10 3.237e-10 3.28049e-10 3.31878e-10 3.3515e-10 3.3784e-10 3.39939e-10 3.4144e-10 3.42341e-10 3.42641e-10 3.42341e-10 3.4144e-10 3.39939e-10 3.3784e-10 3.3515e-10 3.31878e-10 3.28049e-10 3.237e-10 3.18891e-10 3.13713e-10 3.08288e-10 3.02776e-10 2.9736e-10 2.92232e-10 2.87559e-10 2.83428e-10 2.79793e-10 2.76419e-10 2.72855e-10 2.6847e-10 2.62564e-10 2.54573e-10 2.44328e-10 2.32288e-10 2.1961e-10 2.07939e-10 1.98854e-10 1.93092e-10 1.89877e-10 1.8677e-10 1.80352e-10 1.67629e-10 1.47506e-10 1.2144e-10 9.28535e-11 6.56756e-11 4.29067e-11 2.58942e-11 1.44514e-11 7.47105e-12 3.58499e-12 1.60017e-12 6.6584e-13 2.58846e-13 9.42064e-14 3.21518e-14 1.02618e-14 2.87989e-15 0
0 2.53874e-15 9.19755e-15 2.93657e-14 8.76968e-14 2.45532e-13 6.43289e-13 1.57357e-12 3.58499e-12 7.58764e-12 1.48805e-11 2.69718e-11 4.50783e-11 6.93412e-11 9.80852e-11 1.277e-10 1.53613e-10 1.72182e-10 1.82504e-10 1.86898e-10 1.89592e-10 1.94484e-10 2.03419e-10 2.15866e-10 2.29773e-10 2.42832e-10 2.53462e-10 2.61189e-10 2.66497e-10 2.70381e-10 2.739e-10 2.77854e-10 2.82658e-10 2.88369e-10 2.94784e-10 3.01578e-10 3.08404e-10 3.14971e-10 3.21069e-10 3.26576e-10 3.31444e-10 3.35678e-10 3.39311e-10 3.42392e-10 3.44971e-10 3.47091e-10 3.48787e-10 3.50085e-10 3.51002e-10 3.51549e-10 3.5173e-10 3.51549e-10 3.51002e-10 3.50085e-10 3.48787e-10 3.47091e-10 3.44971e-10 3.42392e-10 3.39311e-10 3.35678e-10 3.31444e-10 3.26576e-10 3.21069e-10 3.14971e-10 3.08404e-10 3.01578e-10 2.94784e-10 2.88369e-10 2.82658e-10 2.77854e-10 2.739e-10 2.70381e-10 2.66497e-10 2.61189e-10 2.53462e-10 2.42832e-10 2.29773e-10 2.15866e-10 2.03419e-10 1.94484e-10 1.89592e-10 1.86898e-10 1.82504e-10 1.72182e-10 1.53613e-10 1.277e-10 9.80852e-11 6.93412e-11 4.50783e-11 2.69718e-11 1.48805e-11 7.58764e-12 3.58499e-12 1.57357e-12 6.43286e-13 2.4552e-13 8.76489e-14 2.91753e-14 8.48179e-15 0
0 7.34964e-15 2.57064e-14 7.87186e-14 2.24817e-13 6.00412e-13 1.49634e-12 3.47071e-12 7.47105e-12 1.48805e-11 2.73398e-11 4.61979e-11 7.16086e-11 1.01644e-10 1.3214e-10 1.57901e-10 1.7508e-10 1.834e-10 1.86483e-10 1.89726e-10 1.97137e-10 2.09423e-10 2.24394e-10 2.38857e-10 2.50435e-10 2.58407e-10 2.63554e-10 2.67405e-10 2.71443e-10 2.76607e-10 2.83165e-10 2.9084e-10 2.99071e-10 3.07251e-10 3.14886e-10 3.21675e-10 3.27502e-10 3.32396e-10 3.36472e-10 3.39883e-10 3.42777e-10 3.45277e-10 3.47472e-10 3.49416e-10 3.51132e-10 3.52623e-10 3.5388e-10 3.54885e-10 3.55619e-10 3.56066e-10 3.56217e-10 3.56066e-10 3.55619e-10 3.54885e-10 3.5388e-10 3.52623e-10 3.51132e-10 3.49416e-10 3.47472e-10 3.45277e-10 3.42777e-10 3.39883e-10 3.36472e-10 3.32396e-10 3.27502e-10 3.21675e-10 3.14886e-10 3.07251e-10 2.99071e-10 2.9084e-10 2.83165e-10 2.76607e-10 2.71443e-10 2.67405e-10 2.63554e-10 2.58407e-10 2.50435e-10 2.38857e-10 2.24394e-10 2.09423e-10 1.97137e-10 1.89726e-10 1.86483e-10 1.834e-10 1.7508e-10 1.57901e-10 1.3214e-10 1.01644e-10 7.16086e-11 4.61979e-11 2.73398e-11 1.48805e-11 7.47105e-12 3.47071e-12 1.49633e-12 6.00373e-13 2.24661e-13 7.81227e-14 2.35502e-14 0
0 2.00722e-14 6.77166e-14 1.98571e-13 5.41281e-13 1.37576e-12 3.25265e-12 7.13144e-12 1.44514e-11 2.69718e-11 4.61979e-11 7.23757e-11 1.03443e-10 1.34781e-10 1.60593e-10 1.76775e-10 1.83613e-10 1.86004e-10 1.90411e-10 2.00644e-10 2.15855e-10 2.3208e-10 2.45468e-10 2.54441e-10 2.59841e-10 2.63808e-10 2.6843e-10 2.7486e-10 2.83145e-10 2.92574e-10 3.02153e-10 3.1102e-10 3.18657e-10 3.24916e-10 3.29935e-10 3.34006e-10 3.37455e-10 3.4057e-10 3.43548e-10 3.46502e-10 3.49462e-10 3.52405e-10 3.55276e-10 3.58002e-10 3.60512e-10 3.62739e-10 3.6463e-10 3.66141e-10 3.67242e-10 3.6791e-10 3.68134e-10 3.6791e-10 3.67242e-10 3.66141e-10 3.6463e-10 3.62739e-10 3.60512e-10 3.58002e-10 3.55276e-10 3.52405e-10 3.49462e-10 3.46502e-10 3.43548e-10 3.4057e-10 3.37455e-10 3.34006e-10 3.29935e-10 3.24916e-10 3.18657e-10 3.1102e-10 3.02153e-10 2.92574e-10 2.83145e-10 2.7486e-10 2.6843e-10 2.63808e-10 2.59841e-10 2.54441e-10 2.45468e-10 2.3208e-10 2.15855e-10 2.00644e-10 1.90411e-10 1.86004e-10 1.83613e-10 1.76775e-10 1.60593e-10 1.34781e-10 1.03443e-10 7.23757e-11 4.61979e-11 2.69718e-11 1.44514e-11 7.13143e-12 3.25262e-12 1.37563e-12 5.40803e-13 1.96807e-13 6.15796e-14 0
0 5.16689e-14 1.6798e-13 4.70928e-13 1.22267e-12 2.95022e-12 6.59795e-12 1.36277e-11 2.58942e-11 4.50783e-11 7.16086e-11 1.03443e-10 1.35656e-10 1.61883e-10 1.77633e-10 1.83552e-10 1.85667e-10 1.91435e-10 2.04326e-10 2.21735e-10 2.38003e-10 2.49247e-10 2.5554e-10 2.59618e-10 2.64482e-10 2.71802e-10 2.81505e-10 2.92341e-10 3.0282e-10 3.11866e-10 3.19067e-10 3.24612e-10 3.29023e-10 3.32895e-10 3.36719e-10 3.40788e-10 3.45204e-10 3.49919e-10 3.54797e-10 3.59673e-10 3.64383e-10 3.68797e-10 3.72819e-10 3.7639e-10 3.79476e-10 3.82068e-10 3.84169e-10 3.85786e-10 3.86931e-10 3.87613e-10 3.8784e-10 3.87613e-10 3.86931e-10 3.85786e-10 3.84169e-10 3.82068e-10 3.79476e-10 3.7639e-10 3.72819e-10 3.68797e-10 3.64383e-10 3.59673e-10 3.54797e-10 3.49919e-10 3.45204e-10 3.40788e-10 3.36719e-10 3.32895e-10 3.29023e-10 3.24612e-10 3.19067e-10 3.11866e-10 3.0282e-10 2.92341e-10 2.81505e-10 2.71802e-10 2.64482e-10 2.59618e-10 2.5554e-10 2.49247e-10 2.38003e-10 2.21735e-10 2.04326e-10 1.91435e-10 1.85667e-10 1.83552e-10 1.77633e-10 1.61883e-10 1.35656e-10 1.03443e-10 7.16086e-11 4.50783e-11 2.58942e-11 1.36277e-11 6.59786e-12 2.94985e-12 1.22128e-12 4.65991e-13 1.51491e-13 0
0 1.25269e-13 3.92113e-13 1.04918e-12 2.58883e-12 5.91474e-12 1.24741e-11 2.41839e-11 4.29067e-11 6.93412e-11 1.01644e-10 1.34781e-10 1.61883e-10 1.77893e-10 1.83465e-10 1.85497e-10 1.92423e-10 2.0749e-10 2.26393e-10 2.41926e-10 2.50702e-10 2.55059e-10 2.59543e-10 2.67027e-10 2.77647e-10 2.89682e-10 3.00949e-10 3.1007e-10 3.16862e-10 3.21961e-10 3.2635e-10 3.30899e-10 3.36094e-10 3.42046e-10 3.48576e-10 3.55351e-10 3.62037e-10 3.68346e-10 3.74093e-10 3.79188e-10 3.83611e-10 3.87399e-10 3.90604e-10 3.93295e-10 3.95527e-10 3.97355e-10 3.98811e-10 3.99924e-10 4.00709e-10 4.01177e-10 4.01332e-10 4.01177e-10 4.00709e-10 3.99924e-10 3.98811e-10 3.97355e-10 3.95527e-10 3.93295e-10 3.90604e-10 3.87399e-10 3.83611e-10 3.79188e-10 3.74093e-10 3.68346e-10 3.62037e-10 3.55351e-10 3.48576e-10 3.42046e-10 3.36094e-10 3.30899e-10 3.2635e-10 3.21961e-10 3.16862e-10 3.1007e-10 3.00949e-10 2.89682e-10 2.77647e-10 2.67027e-10 2.59543e-10 2.55059e-10 2.50702e-10 2.41926e-10 2.26393e-10 2.0749e-10 1.92423e-10 1.85497e-10 1.83465e-10 1.77893e-10 1.61883e-10 1.34781e-10 1.01644e-10 6.93412e-11 4.29067e-11 2.41839e-11 1.24738e-11 5.91368e-12 2.585e-12 1.03613e-12 3.50316e-13 0
0 2.8587e-13 8.60812e-13 2.19457e-12 5.1347e-12 1.10777e-11 2.19606e-11 3.98139e-11 6.56756e-11 9.80852e-11 1.3214e-10 1.60593e-10 1.77633e-10 1.83465e-10 1.85448e-10 1.93022e-10 2.09601e-10 2.29522e-10 2.44142e-10 2.50749e-10 2.54201e-10 2.60527e-10 2.71355e-10 2.84427e-10 2.96722e-10 3.06288e-10 3.12937e-10 3.17939e-10 3.22816e-10 3.28579e-10 3.35597e-10 3.43578e-10 3.51921e-10 3.60039e-10 3.67455e-10 3.73947e-10 3.79481e-10 3.84145e-10 3.88113e-10 3.91542e-10 3.94582e-10 3.97325e-10 3.99828e-10 4.02114e-10 4.04171e-10 4.05984e-10 4.07517e-10 4.08748e-10 4.09644e-10 4.10193e-10 4.10375e-10 4.10193e-10 4.09644e-10 4.08748e-10 4.07517e-10 4.05984e-10 4.04171e-10 4.02114e-10 3.99828e-10 3.97325e-10 3.94582e-10 3.91542e-10 3.88113e-10 3.84145e-10 3.79481e-10 3.73947e-10 3.67455e-10 3.60039e-10 3.51921e-10 3.43578e-10 3.35597e-10 3.28579e-10 3.22816e-10 3.17939e-10 3.12937e-10 3.06288e-10 2.96722e-10 2.84427e-10 2.71355e-10 2.60527e-10 2.54201e-10 2.50749e-10 2.44142e-10 2.29522e-10 2.09601e-10 1.93022e-10 1.85448e-10 1.83465e-10 1.77633e-10 1.60593e-10 1.3214e-10 9.80852e-11 6.56756e-11 3.98137e-11 2.19598e-11 1.10749e-11 5.12475e-12 2.16198e-12 7.60912e-13 0
0 6.13788e-13 1.77664e-12 4.30841e-12 9.53671e-12 1.93743e-11 3.59853e-11 6.07825e-11 9.28535e-11 1.277e-10 1.57901e-10 1.76775e-10 1.83552e-10 1.85497e-10 1.93022e-10 2.10339e-10 2.31071e-10 2.45171e-10 2.50274e-10 2.53607e-10 2.62435e-10 2.76354e-10 2.90273e-10 3.0085e-10 3.07916e-10 3.13032e-10 3.18425e-10 3.25532e-10 3.34272e-10 3.4387e-10 3.53346e-10 3.61827e-10 3.69012e-10 3.74935e-10 3.7986e-10 3.84201e-10 3.8824e-10 3.92224e-10 3.96249e-10 4.0031e-10 4.04371e-10 4.08314e-10 4.12071e-10 4.15528e-10 4.18632e-10 4.21314e-10 4.23547e-10 4.25299e-10 4.26559e-10 4.27318e-10 4.2757e-10 4.27318e-10 4.26559e-10 4.25299e-10 4.23547e-10 4.21314e-10 4.18632e-10 4.15528e-10 4.12071e-10 4.08314e-10 4.04371e-10 4.0031e-10 3.96249e-10 3.92224e-10 3.8824e-10 3.84201e-10 3.7986e-10 3.74935e-10 3.69012e-10 3.61827e-10 3.53346e-10 3.4387e-10 3.34272e-10 3.25532e-10 3.18425e-10 3.13032e-10 3.07916e-10 3.0085e-10 2.90273e-10 2.76354e-10 2.62435e-10 2.53607e-10 2.50274e-10 2.45171e-10 2.31071e-10 2.10339e-10 1.93022e-10 1.85497e-10 1.83552e-10 1.76775e-10 1.57901e-10 1.277e-10 9.28534e-11 6.07819e-11 3.59832e-11 1.9367e-11 9.51222e-12 4.2316e-12 1.55157e-12 0
0 1.23968e-12 3.4471e-12 7.93895e-12 1.65876e-11 3.16459e-11 5.48981e-11 8.61018e-11 1.2144e-10 1.53613e-10 1.7508e-10 1.83613e-10 1.85667e-10 1.92423e-10 2.09601e-10 2.31071e-10 2.45457e-10 2.49889e-10 2.53368e-10 2.6448e-10 2.80739e-10 2.94124e-10 3.01975e-10 3.07299e-10 3.13121e-10 3.21001e-10 3.31166e-10 3.42054e-10 3.5199e-10 3.60369e-10 3.67021e-10 3.72435e-10 3.77409e-10 3.82372e-10 3.8772e-10 3.93497e-10 3.99535e-10 4.057e-10 4.11686e-10 4.1737e-10 4.2258e-10 4.27249e-10 4.31361e-10 4.34887e-10 4.3789e-10 4.40347e-10 4.42338e-10 4.43839e-10 4.44918e-10 4.45541e-10 4.45763e-10 4.45541e-10 4.44918e-10 4.43839e-10 4.42338e-10 4.40347e-10 4.3789e-10 4.34887e-10 4.31361e-10 4.27249e-10 4.2258e-10 4.1737e-10 4.11686e-10 4.057e-10 3.99535e-10 3.93497e-10 3.8772e-10 3.82372e-10 3.77409e-10 3.72435e-10 3.67021e-10 3.60369e-10 3.5199e-10 3.42054e-10 3.31166e-10 3.21001e-10 3.13121e-10 3.07299e-10 3.01975e-10 2.94124e-10 2.80739e-10 2.6448e-10 2.53368e-10 2.49889e-10 2.45457e-10 2.31071e-10 2.09601e-10 1.92423e-10 1.85667e-10 1.83613e-10 1.7508e-10 1.53613e-10 1.2144e-10 8.61004e-11 5.4893e-11 3.16282e-11 1.65307e-11 7.76807e-12 2.96925e-12 0
0 2.35551e-12 6.28919e-12 1.37366e-11 2.7035e-11 4.8313e-11 7.80629e-11 1.13397e-10 1.47506e-10 1.72182e-10 1.834e-10 1.86004e-10 1.91435e-10 2.0749e-10 2.29522e-10 2.45171e-10 2.49889e-10 2.53322e-10 2.65777e-10 2.83626e-10 2.96031e-10 3.01251e-10 3.06271e-10 3.14886e-10 3.25834e-10 3.37573e-10 3.4825e-10 3.56315e-10 3.62577e-10 3.68205e-10 3.73859e-10 3.80415e-10 3.87781e-10 3.95557e-10 4.03499e-10 4.10981e-10 4.17875e-10 4.24003e-10 4.29311e-10 4.33975e-10 4.37954e-10 4.41484e-10 4.44527e-10 4.47226e-10 4.49557e-10 4.51554e-10 4.53219e-10 4.54517e-10 4.55477e-10 4.56035e-10 4.56242e-10 4.56035e-10 4.55477e-10 4.54517e-10 4.53219e-10 4.51554e-10 4.49557e-10 4.47226e-10 4.44527e-10 4.41484e-10 4.37954e-10 4.33975e-10 4.29311e-10 4.24003e-10 4.17875e-10 4.10981e-10 4.03499e-10 3.95557e-10 3.87781e-10 3.80415e-10 3.73859e-10 3.68205e-10 3.62577e-10 3.56315e-10 3.4825e-10 3.37573e-10 3.25834e-10 3.14886e-10 3.06271e-10 3.01251e-10 2.96031e-10 2.83626e-10 2.65777e-10 2.53322e-10 2.49889e-10 2.45171e-10 2.29522e-10 2.0749e-10 1.91435e-10 1.86004e-10 1.834e-10 1.72182e-10 1.47505e-10 1.13393e-10 7.80505e-11 4.82723e-11 2.69099e-11 1.33777e-11 5.33286e-12 0
0 4.21241e-12 1.07971e-11 2.23395e-11 4.13384e-11 6.90499e-11 1.03706e-10 1.39394e-10 1.67628e-10 1.82504e-10 1.86483e-10 1.90411e-10 2.04326e-10 2.26393e-10 2.44142e-10 2.50274e-10 2.53368e-10 2.65777e-10 2.84619e-10 2.96686e-10 3.00127e-10 3.05776e-10 3.18044e-10 3.3121e-10 3.41916e-10 3.50589e-10 3.56937e-10 3.6261e-10 3.69825e-10 3.78097e-10 3.87167e-10 3.96616e-10 4.05168e-10 4.12883e-10 4.19532e-10 4.25124e-10 4.30229e-10 4.3473e-10 4.39109e-10 4.43297e-10 4.47357e-10 4.5135e-10 4.55046e-10 4.58597e-10 4.61692e-10 4.64512e-10 4.66779e-10 4.68664e-10 4.69951e-10 4.70795e-10 4.71026e-10 4.70795e-10 4.69951e-10 4.68664e-10 4.66779e-10 4.64512e-10 4.61692e-10 4.58597e-10 4.55046e-10 4.5135e-10 4.47357e-10 4.43297e-10 4.39109e-10 4.3473e-10 4.30229e-10 4.25124e-10 4.19532e-10 4.12883e-10 4.05168e-10 3.96616e-10 3.87167e-10 3.78097e-10 3.69825e-10 3.6261e-10 3.56937e-10 3.50589e-10 3.41916e-10 3.3121e-10 3.18044e-10 3.05776e-10 3.00127e-10 2.96686e-10 2.84619e-10 2.65777e-10 2.53368e-10 2.50274e-10 2.44142e-10 2.26393e-10 2.04326e-10 1.90411e-10 1.86483e-10 1.82504e-10 1.67626e-10 1.39386e-10 1.03678e-10 6.89617e-11 4.10786e-11 2.16277e-11 8.99239e-12 0
0 7.09571e-12 1.74613e-11 3.41969e-11 5.94156e-11 9.26273e-11 1.29211e-10 1.60964e-10 1.80351e-10 1.86898e-10 1.89726e-10 2.00644e-10 2.21735e-10 2.41926e-10 2.50749e-10 2.53607e-10 2.6448e-10 2.83626e-10 2.96686e-10 2.99633e-10 3.05726e-10 3.21022e-10 3.35338e-10 3.43179e-10 3.49687e-10 3.56799e-10 3.64277e-10 3.74247e-10 3.85103e-10 3.94631e-10 4.03489e-10 4.10732e-10 4.167e-10 4.22596e-10 4.2798e-10 4.33802e-10 4.39832e-10 4.45861e-10 4.52157e-10 4.5797e-10 4.63722e-10 4.68819e-10 4.73518e-10 4.77611e-10 4.81105e-10 4.84108e-10 4.86429e-10 4.88352e-10 4.89571e-10 4.90441e-10 4.90608e-10 4.90441e-10 4.89571e-10 4.88352e-10 4.86429e-10 4.84108e-10 4.81105e-10 4.77611e-10 4.73518e-10 4.68819e-10 4.63722e-10 4.5797e-10 4.52157e-10 4.45861e-10 4.39832e-10 4.33802e-10 4.2798e-10 4.22596e-10 4.167e-10 4.10732e-10 4.03489e-10 3.94631e-10 3.85103e-10 3.74247e-10 3.64277e-10 3.56799e-10 3.49687e-10 3.43179e-10 3.35338e-10 3.21022e-10 3.05726e-10 2.99633e-10 2.96686e-10 2.83626e-10 2.6448e-10 2.53607e-10 2.50749e-10 2.41926e-10 2.21735e-10 2.00644e-10 1.89725e-10 1.86896e-10 1.80346e-10 1.60945e-10 1.29152e-10 9.24461e-11 5.89048e-11 3.28625e-11 1.42471e-11 0
0 1.12721e-11 2.66427e-11 4.93757e-11 8.04892e-11 1.17056e-10 1.51829e-10 1.76255e-10 1.86768e-10 1.89592e-10 1.97137e-10 2.15855e-10 2.38003e-10 2.50702e-10 2.54201e-10 2.62435e-10 2.80739e-10 2.96031e-10 3.00127e-10 3.05726e-10 3.22228e-10 3.37429e-10 3.42575e-10 3.47684e-10 3.58156e-10 3.68682e-10 3.79474e-10 3.9068e-10 3.98548e-10 4.05238e-10 4.12123e-10 4.18171e-10 4.256e-10 4.33453e-10 4.41244e-10 4.49616e-10 4.56932e-10 4.6412e-10 4.7039e-10 4.75891e-10 4.8099e-10 4.8509e-10 4.89115e-10 4.92199e-10 4.9526e-10 4.97521e-10 4.99662e-10 5.01123e-10 5.02345e-10 5.02952e-10 5.03248e-10 5.02952e-10 5.02345e-10 5.01123e-10 4.99662e-10 4.97521e-10 4.9526e-10 4.92199e-10 4.89115e-10 4.8509e-10 4.8099e-10 4.75891e-10 4.7039e-10 4.6412e-10 4.56932e-10 4.49616e-10 4.41244e-10 4.33453e-10 4.256e-10 4.18171e-10 4.12123e-10 4.05238e-10 3.98548e-10 3.9068e-10 3.79474e-10 3.68682e-10 3.58156e-10 3.47684e-10 3.42575e-10 3.37429e-10 3.22228e-10 3.05726e-10 3.00127e-10 2.96031e-10 2.80739e-10 2.62435e-10 2.54201e-10 2.50702e-10 2.38003e-10 2.15854e-10 1.97136e-10 1.89589e-10 1.86757e-10 1.76216e-10 1.51707e-10 1.16703e-10 7.9538e-11 4.7009e-11 2.12341e-11 0
0 1.69147e-11 3.84314e-11 6.74213e-11 1.03129e-10 1.4004e-10 1.69526e-10 1.85326e-10 1.89873e-10 1.94483e-10 2.09422e-10 2.3208e-10 2.49247e-10 2.55059e-10 2.60527e-10 2.76354e-10 2.94124e-10 3.01251e-10 3.05776e-10 3.21022e-10 3.37429e-10 3.4207e-10 3.46325e-10 3.60491e-10 3.73915e-10 3.8238e-10 3.91775e-10 3.99127e-10 4.04955e-10 4.14024e-10 4.22889e-10 4.32011e-10 4.42171e-10 4.50204e-10 4.58287e-10 4.65177e-10 4.70911e-10 4.76919e-10 4.81583e-10 4.86878e-10 4.9132e-10 4.95905e-10 5.00177e-10 5.03945e-10 5.07715e-10 5.10524e-10 5.13441e-10 5.15168e-10 5.17005e-10 5.17563e-10 5.18213e-10 5.17563e-10 5.17005e-10 5.15168e-10 5.13441e-10 5.10524e-10 5.07715e-10 5.03945e-10 5.00177e-10 4.95905e-10 4.9132e-10 4.86878e-10 4.81583e-10 4.76919e-10 4.70911e-10 4.65177e-10 4.58287e-10 4.50204e-10 4.42171e-10 4.32011e-10 4.22889e-10 4.14024e-10 4.04955e-10 3.99127e-10 3.91775e-10 3.8238e-10 3.73915e-10 3.60491e-10 3.46325e-10 3.4207e-10 3.37429e-10 3.21022e-10 3.05776e-10 3.01251e-10 2.94124e-10 2.76354e-10 2.60527e-10 2.55059e-10 2.49247e-10 2.32079e-10 2.0942e-10 1.94476e-10 1.89848e-10 1.85247e-10 1.69291e-10 1.39386e-10 1.01449e-10 6.34439e-11 2.98193e-11 0
0 2.40233e-11 5.25359e-11 8.73394e-11 1.25508e-10 1.59571e-10 1.81584e-10 1.89948e-10 1.93083e-10 2.03417e-10 2.24393e-10 2.45467e-10 2.5554e-10 2.59543e-10 2.71355e-10 2.90273e-10 3.01975e-10 3.06271e-10 3.18044e-10 3.35338e-10 3.42575e-10 3.46325e-10 3.61653e-10 3.77318e-10 3.82571e-10 3.89399e-10 3.99709e-10 4.07298e-10 4.18185e-10 4.30004e-10 4.38205e-10 4.47601e-10 4.54911e-10 4.60946e-10 4.68384e-10 4.74024e-10 4.81253e-10 4.87926e-10 4.94457e-10 5.01561e-10 5.07169e-10 5.1363e-10 5.18262e-10 5.23426e-10 5.27059e-10 5.30737e-10 5.33331e-10 5.35569e-10 5.3707e-10 5.37971e-10 5.3831e-10 5.37971e-10 5.3707e-10 5.35569e-10 5.33331e-10 5.30737e-10 5.27059e-10 5.23426e-10 5.18262e-10 5.1363e-10 5.07169e-10 5.01561e-10 4.94457e-10 4.87926e-10 4.81253e-10 4.74024e-10 4.68384e-10 4.60946e-10 4.54911e-10 4.47601e-10 4.38205e-10 4.30004e-10 4.18185e-10 4.07298e-10 3.99709e-10 3.89399e-10 3.82571e-10 3.77318e-10 3.61653e-10 3.46325e-10 3.42575e-10 3.35338e-10 3.18044e-10 3.06271e-10 3.01975e-10 2.90273e-10 2.71355e-10 2.59543e-10 2.55539e-10 2.45466e-10 2.24389e-10 2.03402e-10 1.93034e-10 1.89798e-10 1.81152e-10 1.58422e-10 1.22689e-10 8.09948e-11 3.9535e-11 0
0 3.23684e-11 6.82485e-11 1.07726e-10 1.45801e-10 1.74443e-10 1.88687e-10 1.92757e-10 1.98835e-10 2.15861e-10 2.38856e-10 2.54441e-10 2.59618e-10 2.67027e-10 2.84427e-10 3.0085e-10 3.07299e-10 3.14886e-10 3.3121e-10 3.43179e-10 3.47684e-10 3.60491e-10 3.77318e-10 3.82183e-10 3.86926e-10 4.01575e-10 4.12656e-10 4.2162e-10 4.33854e-10 4.40716e-10 4.47524e-10 4.56631e-10 4.6293e-10 4.72395e-10 4.81174e-10 4.89201e-10 4.98716e-10 5.05357e-10 5.13396e-10 5.19236e-10 5.25115e-10 5.30414e-10 5.34463e-10 5.39132e-10 5.41833e-10 5.45655e-10 5.47267e-10 5.50057e-10 5.50628e-10 5.52287e-10 5.51769e-10 5.52287e-10 5.50628e-10 5.50057e-10 5.47267e-10 5.45655e-10 5.41833e-10 5.39132e-10 5.34463e-10 5.30414e-10 5.25115e-10 5.19236e-10 5.13396e-10 5.05357e-10 4.98716e-10 4.89201e-10 4.81174e-10 4.72395e-10 4.6293e-10 4.56631e-10 4.47524e-10 4.40716e-10 4.33854e-10 4.2162e-10 4.12656e-10 4.01575e-10 3.86926e-10 3.82183e-10 3.77318e-10 3.60491e-10 3.47684e-10 3.43179e-10 3.3121e-10 3.14886e-10 3.07299e-10 3.0085e-10 2.84427e-10 2.67027e-10 2.59618e-10 2.54438e-10 2.38848e-10 2.15832e-10 1.98743e-10 1.92483e-10 1.87931e-10 1.72521e-10 1.413e-10 9.80995e-11 4.95997e-11 0
0 4.14808e-11 8.45115e-11 1.27012e-10 1.62578e-10 1.84478e-10 1.92522e-10 1.96219e-10 2.07903e-10 2.29763e-10 2.50432e-10 2.5984e-10 2.64482e-10 2.77647e-10 2.96722e-10 3.07916e-10 3.13121e-10 3.25834e-10 3.41916e-10 3.49687e-10 3.58156e-10 3.73915e-10 3.82571e-10 3.86926e-10 4.02709e-10 4.17188e-10 4.22259e-10 4.32182e-10 4.41622e-10 4.4758e-10 4.5969e-10 4.69493e-10 4.78557e-10 4.89922e-10 4.96744e-10 5.05601e-10 5.12412e-10 5.18415e-10 5.25684e-10 5.30324e-10 5.3735e-10 5.41676e-10 5.47687e-10 5.51851e-10 5.5641e-10 5.60084e-10 5.63045e-10 5.65822e-10 5.67188e-10 5.68756e-10 5.68596e-10 5.68756e-10 5.67188e-10 5.65822e-10 5.63045e-10 5.60084e-10 5.5641e-10 5.51851e-10 5.47687e-10 5.41676e-10 5.3735e-10 5.30324e-10 5.25684e-10 5.18415e-10 5.12412e-10 5.05601e-10 4.96744e-10 4.89922e-10 4.78557e-10 4.69493e-10 4.5969e-10 4.4758e-10 4.41622e-10 4.32182e-10 4.22259e-10 4.17188e-10 4.02709e-10 3.86926e-10 3.82571e-10 3.73915e-10 3.58156e-10 3.49687e-10 3.41916e-10 3.25834e-10 3.13121e-10 3.07916e-10 2.96722e-10 2.77647e-10 2.64481e-10 2.59836e-10 2.50415e-10 2.29708e-10 2.07735e-10 1.95741e-10 1.91261e-10 1.81407e-10 1.55723e-10 1.13088e-10 5.90299e-11 0
0 5.06997e-11 1.00073e-10 1.43756e-10 1.75068e-10 1.90419e-10 1.9512e-10 2.0188e-10 2.19542e-10 2.42813e-10 2.58402e-10 2.63806e-10 2.71801e-10 2.89682e-10 3.06288e-10 3.13032e-10 3.21001e-10 3.37573e-10 3.50589e-10 3.56799e-10 3.68682e-10 3.8238e-10 3.89399e-10 4.01575e-10 4.17188e-10 4.21907e-10 4.289e-10 4.43508e-10 4.52052e-10 4.63086e-10 4.76011e-10 4.8245e-10 4.92438e-10 5.00211e-10 5.06651e-10 5.16359e-10 5.22515e-10 5.31901e-10 5.39199e-10 5.46811e-10 5.5463e-10 5.60274e-10 5.67533e-10 5.71532e-10 5.77509e-10 5.8016e-10 5.84563e-10 5.85971e-10 5.8877e-10 5.88892e-10 5.90169e-10 5.88892e-10 5.8877e-10 5.85971e-10 5.84563e-10 5.8016e-10 5.77509e-10 5.71532e-10 5.67533e-10 5.60274e-10 5.5463e-10 5.46811e-10 5.39199e-10 5.31901e-10 5.22515e-10 5.16359e-10 5.06651e-10 5.00211e-10 4.92438e-10 4.8245e-10 4.76011e-10 4.63086e-10 4.52052e-10 4.43508e-10 4.289e-10 4.21907e-10 4.17188e-10 4.01575e-10 3.89399e-10 3.8238e-10 3.68682e-10 3.56799e-10 3.50589e-10 3.37573e-10 3.21001e-10 3.13032e-10 3.06288e-10 2.89681e-10 2.71799e-10 2.63797e-10 2.5837e-10 2.42714e-10 2.19252e-10 2.01086e-10 1.93108e-10 1.8573e-10 1.65083e-10 1.24502e-10 6.68167e-11 0
0 5.92688e-11 1.13694e-10 1.56882e-10 1.83219e-10 1.93586e-10 1.98228e-10 2.10122e-10 2.32167e-10 2.53425e-10 2.63543e-10 2.68427e-10 2.81505e-10 3.00949e-10 3.12937e-10 3.18425e-10 3.31166e-10 3.4825e-10 3.56937e-10 3.64277e-10 3.79474e-10 3.91775e-10 3.99709e-10 4.12656e-10 4.22259e-10 4.289e-10 4.4476e-10 4.57347e-10 4.63869e-10 4.76102e-10 4.83894e-10 4.91108e-10 5.03225e-10 5.10824e-10 5.21976e-10 5.3204e-10 5.40165e-10 5.505e-10 5.56746e-10 5.65395e-10 5.7101e-10 5.77516e-10 5.82867e-10 5.87481e-10 5.92355e-10 5.95357e-10 5.99367e-10 6.00877e-10 6.03699e-10 6.03733e-10 6.05167e-10 6.03733e-10 6.03699e-10 6.00877e-10 5.99367e-10 5.95357e-10 5.92355e-10 5.87481e-10 5.82867e-10 5.77516e-10 5.7101e-10 5.65395e-10 5.56746e-10 5.505e-10 5.40165e-10 5.3204e-10 5.21976e-10 5.10824e-10 5.03225e-10 4.91108e-10 4.83894e-10 4.76102e-10 4.63869e-10 4.57347e-10 4.4476e-10 4.289e-10 4.22259e-10 4.12656e-10 3.99709e-10 3.91775e-10 3.79474e-10 3.64277e-10 3.56937e-10 3.4825e-10 3.31166e-10 3.18425e-10 3.12937e-10 3.00948e-10 2.815e-10 2.68411e-10 2.63488e-10 2.53256e-10 2.31687e-10 2.08857e-10 1.9515e-10 1.8672e-10 1.69278e-10 1.31365e-10 7.21189e-11 0
0 6.64586e-11 1.24344e-10 1.65826e-10 1.87584e-10 1.9544e-10 2.02908e-10 2.20353e-10 2.44121e-10 2.61125e-10 2.67386e-10 2.74854e-10 2.9234e-10 3.1007e-10 3.17939e-10 3.25532e-10 3.42054e-10 3.56315e-10 3.6261e-10 3.74247e-10 3.9068e-10 3.99127e-10 4.07298e-10 4.2162e-10 4.32182e-10 4.43508e-10 4.57347e-10 4.63448e-10 4.72512e-10 4.85972e-10 4.94018e-10 5.06867e-10 5.18725e-10 5.26683e-10 5.38476e-10 5.45462e-10 5.54161e-10 5.62511e-10 5.6899e-10 5.77932e-10 5.8372e-10 5.91894e-10 5.9743e-10 6.0406e-10 6.09008e-10 6.13821e-10 6.17687e-10 6.20624e-10 6.23034e-10 6.24111e-10 6.24838e-10 6.24111e-10 6.23034e-10 6.20624e-10 6.17687e-10 6.13821e-10 6.09008e-10 6.0406e-10 5.9743e-10 5.91894e-10 5.8372e-10 5.77932e-10 5.6899e-10 5.62511e-10 5.54161e-10 5.45462e-10 5.38476e-10 5.26683e-10 5.18725e-10 5.06867e-10 4.94018e-10 4.85972e-10 4.72512e-10 4.63448e-10 4.57347e-10 4.43508e-10 4.32182e-10 4.2162e-10 4.07298e-10 3.99127e-10 3.9068e-10 3.74247e-10 3.6261e-10 3.56315e-10 3.42053e-10 3.25532e-10 3.17938e-10 3.10067e-10 2.92331e-10 2.74825e-10 2.67292e-10 2.60847e-10 2.43359e-10 2.18418e-10 1.98386e-10 1.8578e-10 1.68873e-10 1.33321e-10 7.44158e-11 0
0 7.16819e-11 1.31355e-10 1.70553e-10 1.89081e-10 1.97216e-10 2.09444e-10 2.31451e-10 2.54232e-10 2.66387e-10 2.71409e-10 2.83135e-10 3.02817e-10 3.16861e-10 3.22816e-10 3.34272e-10 3.5199e-10 3.62577e-10 3.69825e-10 3.85103e-10 3.98548e-10 4.04955e-10 4.18185e-10 4.33854e-10 4.41622e-10 4.52052e-10 4.63869e-10 4.72512e-10 4.87416e-10 4.99656e-10 5.07924e-10 5.21018e-10 5.28544e-10 5.37545e-10 5.48972e-10 5.56091e-10 5.68174e-10 5.76735e-10 5.86303e-10 5.96196e-10 6.03122e-10 6.12554e-10 6.17845e-10 6.25522e-10 6.29769e-10 6.35278e-10 6.3849e-10 6.41874e-10 6.43799e-10 6.45219e-10 6.45583e-10 6.45219e-10 6.43799e-10 6.41874e-10 6.3849e-10 6.35278e-10 6.29769e-10 6.25522e-10 6.17845e-10 6.12554e-10 6.03122e-10 5.96196e-10 5.86303e-10 5.76735e-10 5.68174e-10 5.56091e-10 5.48972e-10 5.37545e-10 5.28544e-10 5.21018e-10 5.07924e-10 4.99656e-10 4.87416e-10 4.72512e-10 4.63869e-10 4.52052e-10 4.41622e-10 4.33854e-10 4.18185e-10 4.04955e-10 3.98548e-10 3.85103e-10 3.69825e-10 3.62577e-10 3.5199e-10 3.34271e-10 3.22815e-10 3.16857e-10 3.02802e-10 2.83085e-10 2.71255e-10 2.65947e-10 2.53068e-10 2.28603e-10 2.03047e-10 1.84122e-10 1.64877e-10 1.30639e-10 7.35862e-11 0
0 7.45775e-11 1.3448e-10 1.71471e-10 1.88738e-10 1.99709e-10 2.17482e-10 2.42222e-10 2.62024e-10 2.70202e-10 2.76552e-10 2.92557e-10 3.11861e-10 3.2196e-10 3.28579e-10 3.4387e-10 3.60369e-10 3.68205e-10 3.78097e-10 3.94631e-10 4.05238e-10 4.14024e-10 4.30004e-10 4.40716e-10 4.4758e-10 4.63086e-10 4.76102e-10 4.85972e-10 4.99656e-10 5.07456e-10 5.17515e-10 5.30744e-10 5.38925e-10 5.53118e-10 5.63977e-10 5.73626e-10 5.86602e-10 5.93191e-10 6.04666e-10 6.11571e-10 6.19709e-10 6.27883e-10 6.33095e-10 6.41534e-10 6.44779e-10 6.52194e-10 6.53963e-10 6.59561e-10 6.59828e-10 6.63338e-10 6.61843e-10 6.63338e-10 6.59828e-10 6.59561e-10 6.53963e-10 6.52194e-10 6.44779e-10 6.41534e-10 6.33095e-10 6.27883e-10 6.19709e-10 6.11571e-10 6.04666e-10 5.93191e-10 5.86602e-10 5.73626e-10 5.63977e-10 5.53118e-10 5.38925e-10 5.30744e-10 5.17515e-10 5.07456e-10 4.99656e-10 4.85972e-10 4.76102e-10 4.63086e-10 4.4758e-10 4.40716e-10 4.30004e-10 4.14024e-10 4.05238e-10 3.94631e-10 3.78097e-10 3.68205e-10 3.60368e-10 3.43869e-10 3.28576e-10 3.21952e-10 3.11836e-10 2.92476e-10 2.76309e-10 2.69532e-10 2.60309e-10 2.38178e-10 2.08744e-10 1.82561e-10 1.58476e-10 1.24093e-10 6.98979e-11 0
0 7.50456e-11 1.33884e-10 1.69284e-10 1.87476e-10 2.03217e-10 2.26288e-10 2.51735e-10 2.67644e-10 2.73618e-10 2.83075e-10 3.02126e-10 3.19059e-10 3.26348e-10 3.35596e-10 3.53346e-10 3.67021e-10 3.73859e-10 3.87167e-10 4.03489e-10 4.12123e-10 4.22889e-10 4.38205e-10 4.47524e-10 4.5969e-10 4.76011e-10 4.83894e-10 4.94018e-10 5.07924e-10 5.17515e-10 5.32376e-10 5.44682e-10 5.54648e-10 5.68491e-10 5.75889e-10 5.87767e-10 5.97521e-10 6.05915e-10 6.18468e-10 6.24914e-10 6.37378e-10 6.43787e-10 6.53679e-10 6.60574e-10 6.67079e-10 6.73855e-10 6.77166e-10 6.8293e-10 6.83465e-10 6.87518e-10 6.85609e-10 6.87518e-10 6.83465e-10 6.8293e-10 6.77166e-10 6.73855e-10 6.67079e-10 6.60574e-10 6.53679e-10 6.43787e-10 6.37378e-10 6.24914e-10 6.18468e-10 6.05915e-10 5.97521e-10 5.87767e-10 5.75889e-10 5.68491e-10 5.54648e-10 5.44682e-10 5.32376e-10 5.17515e-10 5.07924e-10 4.94018e-10 4.83894e-10 4.76011e-10 4.5969e-10 4.47524e-10 4.38205e-10 4.22889e-10 4.12123e-10 4.03489e-10 3.87167e-10 3.73859e-10 3.6702e-10 3.53345e-10 3.35592e-10 3.26335e-10 3.19018e-10 3.01998e-10 2.82707e-10 2.72633e-10 2.65206e-10 2.46182e-10 2.14739e-10 1.81467e-10 1.50807e-10 1.14768e-10 6.39265e-11 0
0 7.32356e-11 1.30063e-10 1.64835e-10 1.8598e-10 2.07626e-10 2.35029e-10 2.59468e-10 2.71635e-10 2.77425e-10 2.90699e-10 3.10976e-10 3.24599e-10 3.30896e-10 3.43577e-10 3.61827e-10 3.72435e-10 3.80415e-10 3.96616e-10 4.10732e-10 4.18171e-10 4.32011e-10 4.47601e-10 4.56631e-10 4.69493e-10 4.8245e-10 4.91108e-10 5.06867e-10 5.21018e-10 5.30744e-10 5.44682e-10 5.54188e-10 5.65379e-10 5.78107e-10 5.88072e-10 6.02469e-10 6.12527e-10 6.25417e-10 6.36331e-10 6.45951e-10 6.57455e-10 6.64109e-10 6.75063e-10 6.79818e-10 6.89046e-10 6.92542e-10 6.99342e-10 7.01553e-10 7.05711e-10 7.06229e-10 7.07875e-10 7.06229e-10 7.05711e-10 7.01553e-10 6.99342e-10 6.92542e-10 6.89046e-10 6.79818e-10 6.75063e-10 6.64109e-10 6.57455e-10 6.45951e-10 6.36331e-10 6.25417e-10 6.12527e-10 6.02469e-10 5.88072e-10 5.78107e-10 5.65379e-10 5.54188e-10 5.44682e-10 5.30744e-10 5.21018e-10 5.06867e-10 4.91108e-10 4.8245e-10 4.69493e-10 4.56631e-10 4.47601e-10 4.32011e-10 4.18171e-10 4.10732e-10 3.96616e-10 3.80415e-10 3.72435e-10 3.61825e-10 3.43571e-10 3.30876e-10 3.24535e-10 3.10783e-10 2.9016e-10 2.76024e-10 2.68277e-10 2.5208e-10 2.20219e-10 1.80841e-10 1.42805e-10 1.03859e-10 5.64307e-11 0
0 6.94953e-11 1.23727e-10 1.58958e-10 1.84662e-10 2.12557e-10 2.42977e-10 2.65307e-10 2.74675e-10 2.82028e-10 2.98859e-10 3.1859e-10 3.29003e-10 3.36088e-10 3.51919e-10 3.69011e-10 3.77409e-10 3.87781e-10 4.05168e-10 4.167e-10 4.256e-10 4.42171e-10 4.54911e-10 4.6293e-10 4.78557e-10 4.92438e-10 5.03225e-10 5.18725e-10 5.28544e-10 5.38925e-10 5.54648e-10 5.65379e-10 5.79896e-10 5.93854e-10 6.04819e-10 6.18743e-10 6.28665e-10 6.40705e-10 6.50981e-10 6.61399e-10 6.71877e-10 6.80961e-10 6.90989e-10 6.98528e-10 7.07373e-10 7.12976e-10 7.19963e-10 7.23269e-10 7.27887e-10 7.28626e-10 7.30592e-10 7.28626e-10 7.27887e-10 7.23269e-10 7.19963e-10 7.12976e-10 7.07373e-10 6.98528e-10 6.90989e-10 6.80961e-10 6.71877e-10 6.61399e-10 6.50981e-10 6.40705e-10 6.28665e-10 6.18743e-10 6.04819e-10 5.93854e-10 5.79896e-10 5.65379e-10 5.54648e-10 5.38925e-10 5.28544e-10 5.18725e-10 5.03225e-10 4.92438e-10 4.78557e-10 4.6293e-10 4.54911e-10 4.42171e-10 4.256e-10 4.167e-10 4.05168e-10 3.87781e-10 3.77408e-10 3.69009e-10 3.5191e-10 3.36057e-10 3.28907e-10 3.18308e-10 2.98093e-10 2.80098e-10 2.70189e-10 2.55758e-10 2.2451e-10 1.80446e-10 1.35138e-10 9.24879e-11 4.82189e-11 0
0 6.42989e-11 1.15676e-10 1.52386e-10 1.83685e-10 2.17522e-10 2.49632e-10 2.69442e-10 2.77375e-10 2.87472e-10 3.06941e-10 3.24816e-10 3.32864e-10 3.42037e-10 3.60036e-10 3.74935e-10 3.82372e-10 3.95557e-10 4.12883e-10 4.22596e-10 4.33453e-10 4.50204e-10 4.60946e-10 4.72395e-10 4.89922e-10 5.00211e-10 5.10824e-10 5.26683e-10 5.37545e-10 5.53118e-10 5.68491e-10 5.78107e-10 5.93854e-10 6.04497e-10 6.16074e-10 6.31084e-10 6.40764e-10 6.56316e-10 6.67372e-10 6.80145e-10 6.92666e-10 7.02333e-10 7.1459e-10 7.21949e-10 7.32392e-10 7.37866e-10 7.4566e-10 7.49096e-10 7.53917e-10 7.5491e-10 7.56729e-10 7.5491e-10 7.53917e-10 7.49096e-10 7.4566e-10 7.37866e-10 7.32392e-10 7.21949e-10 7.1459e-10 7.02333e-10 6.92666e-10 6.80145e-10 6.67372e-10 6.56316e-10 6.40764e-10 6.31084e-10 6.16074e-10 6.04497e-10 5.93854e-10 5.78107e-10 5.68491e-10 5.53118e-10 5.37545e-10 5.26683e-10 5.10824e-10 5.00211e-10 4.89922e-10 4.72395e-10 4.60946e-10 4.50204e-10 4.33453e-10 4.22596e-10 4.12883e-10 3.95556e-10 3.82371e-10 3.74931e-10 3.60022e-10 3.41991e-10 3.32724e-10 3.24418e-10 3.05887e-10 2.84888e-10 2.71547e-10 2.57427e-10 2.27189e-10 1.7996e-10 1.28205e-10 8.15803e-11 4.00346e-11 0
