0 5.49617e-41 7.59687e-40 9.93276e-39 1.23375e-37 1.45533e-36 1.62967e-35 1.73158e-34 1.74494e-33 1.66682e-32 1.50841e-31 1.29245e-30 1.04783e-29 8.03275e-29 5.81863e-28 3.9796e-27 2.56796e-26 1.56213e-25 8.95111e-25 4.82732e-24 2.44819e-23 1.16664e-22 5.21961e-22 2.19089e-21 8.62158e-21 3.17891e-20 1.09772e-19 3.54885e-19 1.07403e-18 3.04316e-18 8.07562e-18 2.00846e-17 4.68614e-17 1.02707e-16 2.11797e-16 4.11707e-16 7.55996e-16 1.3143e-15 2.16836e-15 3.40295e-15 5.09177e-15 7.28002e-15 9.96654e-15 1.30896e-14 1.65202e-14 2.00656e-14 2.34849e-14 2.65138e-14 2.8897e-14 3.04216e-14 3.09463e-14 3.04216e-14 2.8897e-14 2.65138e-14 2.34849e-14 2.00656e-14 1.65202e-14 1.30896e-14 9.96654e-15 7.28002e-15 5.09177e-15 3.40295e-15 2.16836e-15 1.3143e-15 7.55996e-16 4.11707e-16 2.11797e-16 1.02707e-16 4.68614e-17 2.00846e-17 8.07562e-18 3.04316e-18 1.07403e-18 3.54885e-19 1.09772e-19 3.17891e-20 8.62158e-21 2.19089e-21 5.21961e-22 1.16664e-22 2.44819e-23 4.82732e-24 8.95111e-25 1.56213e-25 2.56796e-26 3.9796e-27 5.81863e-28 8.03275e-29 1.04783e-29 1.29245e-30 1.50841e-31 1.66682e-32 1.74494e-33 1.73158e-34 1.62967e-35 1.45533e-36 1.23375e-37 9.93251e-39 7.55898e-40 0
0 3.87523e-40 5.1975e-39 6.59363e-38 7.94705e-37 9.09658e-36 9.88444e-35 1.01912e-33 9.96485e-33 9.23538e-32 8.10814e-31 6.73904e-30 5.29906e-29 3.9393e-28 2.76657e-27 1.83415e-26 1.14698e-25 6.76007e-25 3.75196e-24 1.95936e-23 9.61951e-23 4.43629e-22 1.92032e-21 7.79633e-21 2.96679e-20 1.05761e-19 3.5304e-19 1.10327e-18 3.22773e-18 8.84238e-18 2.26949e-17 5.46193e-17 1.23405e-16 2.62147e-16 5.24528e-16 9.90619e-16 1.7699e-15 2.99873e-15 4.82996e-15 7.41366e-15 1.08701e-14 1.5259e-14 2.05501e-14 2.66026e-14 3.31583e-14 3.98525e-14 4.62445e-14 5.18618e-14 5.62554e-14 5.90548e-14 6.00164e-14 5.90548e-14 5.62554e-14 5.18618e-14 4.62445e-14 3.98525e-14 3.31583e-14 2.66026e-14 2.05501e-14 1.5259e-14 1.08701e-14 7.41366e-15 4.82996e-15 2.99873e-15 1.7699e-15 9.90619e-16 5.24528e-16 2.62147e-16 1.23405e-16 5.46193e-17 2.26949e-17 8.84238e-18 3.22773e-18 1.10327e-18 3.5304e-19 1.05761e-19 2.96679e-20 7.79633e-21 1.92032e-21 4.43629e-22 9.61951e-23 1.95936e-23 3.75196e-24 6.76007e-25 1.14698e-25 1.83415e-26 2.76657e-27 3.9393e-28 5.29906e-29 6.73904e-30 8.10814e-31 9.23538e-32 9.96485e-33 1.01912e-33 9.88444e-35 9.09658e-36 7.94705e-37 6.59345e-38 5.16989e-39 0
0 5.14468e-39 6.69291e-38 8.23347e-37 9.62265e-36 1.06802e-34 1.12521e-33 1.12471e-32 1.06603e-31 9.57555e-31 8.14627e-30 6.55947e-29 4.99566e-28 3.59595e-27 2.44456e-26 1.56823e-25 9.48592e-25 5.40564e-24 2.8996e-23 1.46278e-22 6.93413e-22 3.08616e-21 1.28858e-20 5.0437e-20 1.84951e-19 6.35051e-19 2.04103e-18 6.13923e-18 1.72839e-17 4.55613e-17 1.12534e-16 2.6071e-16 5.67327e-16 1.16163e-15 2.24266e-15 4.0919e-15 7.0736e-15 1.16157e-14 1.81672e-14 2.71326e-14 3.87918e-14 5.3217e-14 7.02034e-14 8.92299e-14 1.09461e-13 1.29794e-13 1.48953e-13 1.65612e-13 1.78538e-13 1.8673e-13 1.89536e-13 1.8673e-13 1.78538e-13 1.65612e-13 1.48953e-13 1.29794e-13 1.09461e-13 8.92299e-14 7.02034e-14 5.3217e-14 3.87918e-14 2.71326e-14 1.81672e-14 1.16157e-14 7.0736e-15 4.0919e-15 2.24266e-15 1.16163e-15 5.67327e-16 2.6071e-16 1.12534e-16 4.55613e-17 1.72839e-17 6.13923e-18 2.04103e-18 6.35051e-19 1.84951e-19 5.0437e-20 1.28858e-20 3.08616e-21 6.93413e-22 1.46278e-22 2.8996e-23 5.40564e-24 9.48592e-25 1.56823e-25 2.44456e-26 3.59595e-27 4.99566e-28 6.55947e-29 8.14627e-30 9.57555e-31 1.06603e-31 1.12471e-32 1.12521e-33 1.06802e-34 9.62265e-36 8.2332e-37 6.6551e-38 0
0 6.52209e-38 8.23298e-37 9.82428e-36 1.11372e-34 1.19895e-33 1.22507e-32 1.18748e-31 1.09132e-30 9.50327e-30 7.83626e-29 6.1145e-28 4.51144e-27 3.14516e-26 2.07013e-25 1.28535e-24 7.52216e-24 4.14558e-23 2.14962e-22 1.04783e-21 4.79716e-21 2.06101e-20 8.30284e-20 3.1341e-19 1.10781e-18 3.66508e-18 1.13459e-17 3.28625e-17 8.90768e-17 2.2608e-16 5.37746e-16 1.20021e-15 2.51779e-15 4.97424e-15 9.2765e-15 1.6372e-14 2.74193e-14 4.36982e-14 6.64558e-14 9.67033e-14 1.34993e-13 1.81211e-13 2.34434e-13 2.92873e-13 3.53934e-13 4.14389e-13 4.70641e-13 5.19064e-13 5.56354e-13 5.79868e-13 5.87903e-13 5.79868e-13 5.56354e-13 5.19064e-13 4.70641e-13 4.14389e-13 3.53934e-13 2.92873e-13 2.34434e-13 1.81211e-13 1.34993e-13 9.67033e-14 6.64558e-14 4.36982e-14 2.74193e-14 1.6372e-14 9.2765e-15 4.97424e-15 2.51779e-15 1.20021e-15 5.37746e-16 2.2608e-16 8.90768e-17 3.28625e-17 1.13459e-17 3.66508e-18 1.10781e-18 3.1341e-19 8.30284e-20 2.06101e-20 4.79716e-21 1.04783e-21 2.14962e-22 4.14558e-23 7.52216e-24 1.28535e-24 2.07013e-25 3.14516e-26 4.51144e-27 6.1145e-28 7.83626e-29 9.50327e-30 1.09132e-30 1.18748e-31 1.22507e-32 1.19895e-33 1.11372e-34 9.82393e-36 8.18356e-37 0
0 7.85544e-37 9.622e-36 1.11372e-34 1.2246e-33 1.27856e-32 1.26689e-31 1.19069e-30 1.06083e-29 8.95367e-29 7.15432e-28 5.40801e-27 3.86439e-26 2.60827e-25 1.66147e-24 9.97999e-24 5.6478e-23 3.00849e-22 1.50709e-21 7.09342e-21 3.13406e-20 1.29873e-19 5.04363e-19 1.83429e-18 6.2436e-18 1.9882e-17 5.92171e-17 1.64973e-16 4.30042e-16 1.04965e-15 2.40154e-15 5.15815e-15 1.04203e-14 1.98443e-14 3.57164e-14 6.09248e-14 9.87834e-14 1.52696e-13 2.25681e-13 3.19824e-13 4.35746e-13 5.72177e-13 7.25733e-13 8.90932e-13 1.06048e-12 1.22578e-12 1.37762e-12 1.50699e-12 1.60585e-12 1.66787e-12 1.68901e-12 1.66787e-12 1.60585e-12 1.50699e-12 1.37762e-12 1.22578e-12 1.06048e-12 8.90932e-13 7.25733e-13 5.72177e-13 4.35746e-13 3.19824e-13 2.25681e-13 1.52696e-13 9.87834e-14 6.09248e-14 3.57164e-14 1.98443e-14 1.04203e-14 5.15815e-15 2.40154e-15 1.04965e-15 4.30042e-16 1.64973e-16 5.92171e-17 1.9882e-17 6.2436e-18 1.83429e-18 5.04363e-19 1.29873e-19 3.13406e-20 7.09342e-21 1.50709e-21 3.00849e-22 5.6478e-23 9.97999e-24 1.66147e-24 2.60827e-25 3.86439e-26 5.40801e-27 7.15432e-28 8.95367e-29 1.06083e-29 1.19069e-30 1.26689e-31 1.27856e-32 1.2246e-33 1.11367e-34 9.56064e-36 0
0 8.98517e-36 1.06794e-34 1.19895e-33 1.27856e-32 1.29451e-31 1.2437e-30 1.13317e-29 9.78512e-29 8.00281e-28 6.19461e-27 4.53475e-26 3.13702e-25 2.04902e-24 1.26259e-23 7.33299e-23 4.01051e-22 2.06352e-21 9.97928e-21 4.53169e-20 1.93059e-19 7.70921e-19 2.88314e-18 1.00914e-17 3.30383e-17 1.01136e-16 2.89437e-16 7.74512e-16 1.93886e-15 4.54459e-15 9.98726e-15 2.06141e-14 4.00487e-14 7.34219e-14 1.27382e-13 2.09775e-13 3.28947e-13 4.92709e-13 7.07098e-13 9.7513e-13 1.29577e-12 1.66329e-12 2.06717e-12 2.49249e-12 2.92089e-12 3.33186e-12 3.70433e-12 4.01825e-12 4.2562e-12 4.40467e-12 4.45514e-12 4.40467e-12 4.2562e-12 4.01825e-12 3.70433e-12 3.33186e-12 2.92089e-12 2.49249e-12 2.06717e-12 1.66329e-12 1.29577e-12 9.7513e-13 7.07098e-13 4.92709e-13 3.28947e-13 2.09775e-13 1.27382e-13 7.34219e-14 4.00487e-14 2.06141e-14 9.98726e-15 4.54459e-15 1.93886e-15 7.74512e-16 2.89437e-16 1.01136e-16 3.30383e-17 1.00914e-17 2.88314e-18 7.70921e-19 1.93059e-19 4.53169e-20 9.97928e-21 2.06352e-21 4.01051e-22 7.33299e-23 1.26259e-23 2.04902e-24 3.13702e-25 4.53475e-26 6.19461e-27 8.00281e-28 9.78512e-29 1.13317e-29 1.2437e-30 1.29451e-31 1.27856e-32 1.19889e-33 1.0607e-34 0
0 9.75583e-35 1.12511e-33 1.22507e-32 1.26689e-31 1.2437e-30 1.15835e-29 1.02292e-28 8.55912e-28 6.7811e-27 5.08311e-26 3.60225e-25 2.41141e-24 1.52352e-23 9.07626e-23 5.09383e-22 2.69056e-21 1.33621e-20 6.23321e-20 2.72855e-19 1.11975e-18 4.30413e-18 1.54836e-17 5.2093e-17 1.63821e-16 4.814e-16 1.3218e-15 3.3921e-15 8.14156e-15 1.82962e-14 3.85579e-14 7.63563e-14 1.4244e-13 2.5102e-13 4.19208e-13 6.65619e-13 1.00822e-12 1.46168e-12 2.03476e-12 2.72802e-12 3.53248e-12 4.42917e-12 5.38994e-12 6.37907e-12 7.35571e-12 8.2767e-12 9.0995e-12 9.78504e-12 1.03002e-11 1.06198e-11 1.07281e-11 1.06198e-11 1.03002e-11 9.78504e-12 9.0995e-12 8.2767e-12 7.35571e-12 6.37907e-12 5.38994e-12 4.42917e-12 3.53248e-12 2.72802e-12 2.03476e-12 1.46168e-12 1.00822e-12 6.65619e-13 4.19208e-13 2.5102e-13 1.4244e-13 7.63563e-14 3.85579e-14 1.82962e-14 8.14156e-15 3.3921e-15 1.3218e-15 4.814e-16 1.63821e-16 5.2093e-17 1.54836e-17 4.30413e-18 1.11975e-18 2.72855e-19 6.23321e-20 1.33621e-20 2.69056e-21 5.09383e-22 9.07626e-23 1.52352e-23 2.41141e-24 3.60225e-25 5.08311e-26 6.7811e-27 8.55912e-28 1.02292e-28 1.15835e-29 1.2437e-30 1.26689e-31 1.225e-32 1.11701e-33 0
0 1.00503e-33 1.1246e-32 1.18748e-31 1.19069e-30 1.13317e-29 1.02292e-28 8.75295e-28 7.0947e-27 5.44322e-26 3.94982e-25 2.70857e-24 1.75373e-23 1.07115e-22 6.16584e-22 3.34164e-21 1.70339e-20 8.15856e-20 3.66782e-19 1.54616e-18 6.1056e-18 2.25644e-17 7.79799e-17 2.51827e-16 7.59558e-16 2.13917e-15 5.62572e-15 1.3821e-14 3.17471e-14 6.8274e-14 1.37719e-13 2.61183e-13 4.67004e-13 7.89763e-13 1.26753e-12 1.93753e-12 2.83085e-12 3.96715e-12 5.35036e-12 6.96602e-12 8.78083e-12 1.07442e-11 1.27916e-11 1.48488e-11 1.68368e-11 1.86772e-11 2.02961e-11 2.16282e-11 2.26198e-11 2.32311e-11 2.34376e-11 2.32311e-11 2.26198e-11 2.16282e-11 2.02961e-11 1.86772e-11 1.68368e-11 1.48488e-11 1.27916e-11 1.07442e-11 8.78083e-12 6.96602e-12 5.35036e-12 3.96715e-12 2.83085e-12 1.93753e-12 1.26753e-12 7.89763e-13 4.67004e-13 2.61183e-13 1.37719e-13 6.8274e-14 3.17471e-14 1.3821e-14 5.62572e-15 2.13917e-15 7.59558e-16 2.51827e-16 7.79799e-17 2.25644e-17 6.1056e-18 1.54616e-18 3.66782e-19 8.15856e-20 1.70339e-20 3.34164e-21 6.16584e-22 1.07115e-22 1.75373e-23 2.70857e-24 3.94982e-25 5.44322e-26 7.0947e-27 8.75295e-28 1.02292e-28 1.13317e-29 1.19069e-30 1.18741e-31 1.116e-32 0
0 9.81848e-33 1.06591e-31 1.09132e-30 1.06083e-29 9.78512e-29 8.55912e-28 7.0947e-27 5.5688e-26 4.1359e-25 2.90403e-24 1.92608e-23 1.20556e-22 7.11425e-22 3.95422e-21 2.06793e-20 1.01646e-19 4.69094e-19 2.03036e-18 8.23315e-18 3.12459e-17 1.10876e-16 3.67565e-16 1.13757e-15 3.2852e-15 8.8512e-15 2.22518e-14 5.22278e-14 1.14572e-13 2.35287e-13 4.53313e-13 8.2158e-13 1.40516e-12 2.27588e-12 3.50383e-12 5.14713e-12 7.24207e-12 9.79544e-12 1.27807e-11 1.61381e-11 1.97788e-11 2.35917e-11 2.74518e-11 3.12283e-11 3.47931e-11 3.80263e-11 4.08221e-11 4.3091e-11 4.47624e-11 4.57857e-11 4.61301e-11 4.57857e-11 4.47624e-11 4.3091e-11 4.08221e-11 3.80263e-11 3.47931e-11 3.12283e-11 2.74518e-11 2.35917e-11 1.97788e-11 1.61381e-11 1.27807e-11 9.79544e-12 7.24207e-12 5.14713e-12 3.50383e-12 2.27588e-12 1.40516e-12 8.2158e-13 4.53313e-13 2.35287e-13 1.14572e-13 5.22278e-14 2.22518e-14 8.8512e-15 3.2852e-15 1.13757e-15 3.67565e-16 1.10876e-16 3.12459e-17 8.23315e-18 2.03036e-18 4.69094e-19 1.01646e-19 2.06793e-20 3.95422e-21 7.11425e-22 1.20556e-22 1.92608e-23 2.90403e-24 4.1359e-25 5.5688e-26 7.0947e-27 8.55912e-28 9.78512e-29 1.06083e-29 1.09125e-30 1.05725e-31 0
0 9.09123e-32 9.57437e-31 9.50326e-30 8.95367e-29 8.00281e-28 6.7811e-27 5.44322e-26 4.1359e-25 2.97224e-24 2.01845e-23 1.29411e-22 7.82561e-22 4.45885e-21 2.39124e-20 1.20572e-19 5.70958e-19 2.53631e-18 1.05571e-17 4.11285e-17 1.49806e-16 5.09647e-16 1.61802e-15 4.79037e-15 1.322e-14 3.4003e-14 8.15348e-14 1.82406e-13 3.81224e-13 7.45755e-13 1.36893e-12 2.36526e-12 3.86037e-12 5.97471e-12 8.80457e-12 1.24046e-11 1.67758e-11 2.18611e-11 2.75495e-11 3.36861e-11 4.00862e-11 4.65515e-11 5.28837e-11 5.88964e-11 6.4423e-11 6.93212e-11 7.34747e-11 7.67928e-11 7.92081e-11 8.0675e-11 8.11668e-11 8.0675e-11 7.92081e-11 7.67928e-11 7.34747e-11 6.93212e-11 6.4423e-11 5.88964e-11 5.28837e-11 4.65515e-11 4.00862e-11 3.36861e-11 2.75495e-11 2.18611e-11 1.67758e-11 1.24046e-11 8.80457e-12 5.97471e-12 3.86037e-12 2.36526e-12 1.36893e-12 7.45755e-13 3.81224e-13 1.82406e-13 8.15348e-14 3.4003e-14 1.322e-14 4.79037e-15 1.61802e-15 5.09647e-16 1.49806e-16 4.11285e-17 1.05571e-17 2.53631e-18 5.70958e-19 1.20572e-19 2.39124e-20 4.45885e-21 7.82561e-22 1.29411e-22 2.01845e-23 2.97224e-24 4.1359e-25 5.44322e-26 6.7811e-27 8.00281e-28 8.95366e-29 9.50254e-30 9.49162e-31 0
0 7.97363e-31 8.14513e-30 7.83625e-29 7.15432e-28 6.19461e-27 5.08311e-26 3.94982e-25 2.90403e-24 2.01845e-23 1.32503e-22 8.20734e-22 4.79179e-21 2.63418e-20 1.36194e-19 6.61504e-19 3.01474e-18 1.28761e-17 5.14766e-17 1.92401e-16 6.71554e-16 2.18662e-15 6.63577e-15 1.87554e-14 4.93513e-14 1.20887e-13 2.75774e-13 5.86457e-13 1.16445e-12 2.16367e-12 3.77331e-12 6.19783e-12 9.62667e-12 1.42001e-11 1.99804e-11 2.69351e-11 3.49362e-11 4.37743e-11 5.31826e-11 6.28657e-11 7.25272e-11 8.18915e-11 9.07194e-11 9.88154e-11 1.06029e-10 1.1225e-10 1.17406e-10 1.21448e-10 1.24348e-10 1.26093e-10 1.26675e-10 1.26093e-10 1.24348e-10 1.21448e-10 1.17406e-10 1.1225e-10 1.06029e-10 9.88154e-11 9.07194e-11 8.18915e-11 7.25272e-11 6.28657e-11 5.31826e-11 4.37743e-11 3.49362e-11 2.69351e-11 1.99804e-11 1.42001e-11 9.62667e-12 6.19783e-12 3.77331e-12 2.16367e-12 1.16445e-12 5.86457e-13 2.75774e-13 1.20887e-13 4.93513e-14 1.87554e-14 6.63577e-15 2.18662e-15 6.71554e-16 1.92401e-16 5.14766e-17 1.28761e-17 3.01474e-18 6.61504e-19 1.36194e-19 2.63418e-20 4.79179e-21 8.20734e-22 1.32503e-22 2.01845e-23 2.90403e-24 3.94982e-25 5.08311e-26 6.19461e-27 7.15432e-28 7.83558e-29 8.07028e-30 0
0 6.62019e-30 6.55843e-29 6.11449e-28 5.40801e-27 4.53475e-26 3.60225e-25 2.70857e-24 1.92608e-23 1.29411e-22 8.20734e-22 4.90816e-21 2.76468e-20 1.46516e-19 7.29649e-19 3.41034e-18 1.49411e-17 6.1278e-17 2.34963e-16 8.41229e-16 2.80877e-15 8.73615e-15 2.52878e-14 6.80726e-14 1.70346e-13 3.9628e-13 8.57484e-13 1.72793e-12 3.24889e-12 5.715e-12 9.43725e-12 1.46881e-11 2.16433e-11 3.03365e-11 4.0642e-11 5.22866e-11 6.48877e-11 7.80038e-11 9.11877e-11 1.0403e-10 1.16189e-10 1.27406e-10 1.37504e-10 1.46379e-10 1.5399e-10 1.60337e-10 1.65446e-10 1.69358e-10 1.72116e-10 1.73755e-10 1.74299e-10 1.73755e-10 1.72116e-10 1.69358e-10 1.65446e-10 1.60337e-10 1.5399e-10 1.46379e-10 1.37504e-10 1.27406e-10 1.16189e-10 1.0403e-10 9.11877e-11 7.80038e-11 6.48877e-11 5.22866e-11 4.0642e-11 3.03365e-11 2.16433e-11 1.46881e-11 9.43725e-12 5.715e-12 3.24889e-12 1.72793e-12 8.57484e-13 3.9628e-13 1.70346e-13 6.80726e-14 2.52878e-14 8.73615e-15 2.80877e-15 8.41229e-16 2.34963e-16 6.1278e-17 1.49411e-17 3.41034e-18 7.29649e-19 1.46516e-19 2.76468e-20 4.90816e-21 8.20734e-22 1.29411e-22 1.92608e-23 2.70857e-24 3.60225e-25 4.53475e-26 5.40801e-27 6.1139e-28 6.49433e-29 0
0 5.19967e-29 4.99476e-28 4.51143e-27 3.86439e-26 3.13702e-25 2.41141e-24 1.75373e-23 1.20556e-22 7.82561e-22 4.79179e-21 2.76468e-20 1.50126e-19 7.6629e-19 3.67201e-18 1.64971e-17 6.93924e-17 2.72902e-16 1.00204e-15 3.43042e-15 1.0935e-14 3.2417e-14 8.92829e-14 2.28284e-13 5.41662e-13 1.19282e-12 2.4397e-12 4.64145e-12 8.23245e-12 1.36563e-11 2.12709e-11 3.12523e-11 4.35314e-11 5.77854e-11 7.3484e-11 8.9974e-11 1.06577e-10 1.22674e-10 1.37768e-10 1.51508e-10 1.63694e-10 1.74253e-10 1.83213e-10 1.90669e-10 1.96752e-10 2.01605e-10 2.05367e-10 2.08161e-10 2.10085e-10 2.1121e-10 2.1158e-10 2.1121e-10 2.10085e-10 2.08161e-10 2.05367e-10 2.01605e-10 1.96752e-10 1.90669e-10 1.83213e-10 1.74253e-10 1.63694e-10 1.51508e-10 1.37768e-10 1.22674e-10 1.06577e-10 8.9974e-11 7.3484e-11 5.77854e-11 4.35314e-11 3.12523e-11 2.12709e-11 1.36563e-11 8.23245e-12 4.64145e-12 2.4397e-12 1.19282e-12 5.41662e-13 2.28284e-13 8.92829e-14 3.2417e-14 1.0935e-14 3.43042e-15 1.00204e-15 2.72902e-16 6.93924e-17 1.64971e-17 3.67201e-18 7.6629e-19 1.50126e-19 2.76468e-20 4.79179e-21 7.82561e-22 1.20556e-22 1.75373e-23 2.41141e-24 3.13702e-25 3.86438e-26 4.51094e-27 4.94282e-28 0
0 3.86071e-28 3.59522e-27 3.14515e-26 2.60827e-25 2.04902e-24 1.52352e-23 1.07115e-22 7.11425e-22 4.45885e-21 2.63418e-20 1.46516e-19 7.6629e-19 3.76358e-18 1.73344e-17 7.47639e-17 3.01512e-16 1.13524e-15 3.98451e-15 1.30171e-14 3.95251e-14 1.11399e-13 2.91107e-13 7.04754e-13 1.58006e-12 3.2813e-12 6.31782e-12 1.12986e-11 1.88201e-11 2.93084e-11 4.28695e-11 5.9209e-11 7.76577e-11 9.72894e-11 1.1709e-10 1.36122e-10 1.53645e-10 1.69178e-10 1.82495e-10 1.93592e-10 2.0262e-10 2.09822e-10 2.15481e-10 2.19875e-10 2.2325e-10 2.25815e-10 2.27728e-10 2.29111e-10 2.30047e-10 2.30588e-10 2.30765e-10 2.30588e-10 2.30047e-10 2.29111e-10 2.27728e-10 2.25815e-10 2.2325e-10 2.19875e-10 2.15481e-10 2.09822e-10 2.0262e-10 1.93592e-10 1.82495e-10 1.69178e-10 1.53645e-10 1.36122e-10 1.1709e-10 9.72894e-11 7.76577e-11 5.9209e-11 4.28695e-11 2.93084e-11 1.88201e-11 1.12986e-11 6.31782e-12 3.2813e-12 1.58006e-12 7.04754e-13 2.91107e-13 1.11399e-13 3.95251e-14 1.30171e-14 3.98451e-15 1.13524e-15 3.01512e-16 7.47639e-17 1.73344e-17 3.76358e-18 7.6629e-19 1.46516e-19 2.63418e-20 4.45885e-21 7.11425e-22 1.07115e-22 1.52352e-23 2.04902e-24 2.60826e-25 3.14476e-26 3.55542e-27 0
0 2.70783e-27 2.444e-26 2.07012e-25 1.66147e-24 1.26259e-23 9.07626e-23 6.16584e-22 3.95422e-21 2.39124e-20 1.36194e-19 7.29649e-19 3.67201e-18 1.73344e-17 7.66445e-17 3.16913e-16 1.22344e-15 4.40232e-15 1.47404e-14 4.58498e-14 1.32273e-13 3.53401e-13 8.7336e-13 1.99462e-12 4.20829e-12 8.20471e-12 1.47996e-11 2.47538e-11 3.85218e-11 5.60291e-11 7.6587e-11 9.89976e-11 1.21808e-10 1.43609e-10 1.63284e-10 1.80144e-10 1.93939e-10 2.04785e-10 2.13045e-10 2.192e-10 2.23746e-10 2.2713e-10 2.29706e-10 2.31734e-10 2.33381e-10 2.34743e-10 2.35864e-10 2.36753e-10 2.37403e-10 2.37801e-10 2.37935e-10 2.37801e-10 2.37403e-10 2.36753e-10 2.35864e-10 2.34743e-10 2.33381e-10 2.31734e-10 2.29706e-10 2.2713e-10 2.23746e-10 2.192e-10 2.13045e-10 2.04785e-10 1.93939e-10 1.80144e-10 1.63284e-10 1.43609e-10 1.21808e-10 9.89976e-11 7.6587e-11 5.60291e-11 3.85218e-11 2.47538e-11 1.47996e-11 8.20471e-12 4.20829e-12 1.99462e-12 8.7336e-13 3.53401e-13 1.32273e-13 4.58498e-14 1.47404e-14 4.40232e-15 1.22344e-15 3.16913e-16 7.66445e-17 1.73344e-17 3.67201e-18 7.29649e-19 1.36194e-19 2.39124e-20 3.95422e-21 6.16584e-22 9.07626e-23 1.26259e-23 1.66147e-24 2.06983e-25 2.41519e-26 0
0 1.79269e-26 1.56781e-25 1.28534e-24 9.97999e-24 7.33299e-23 5.09383e-22 3.34164e-21 2.06793e-20 1.20572e-19 6.61504e-19 3.41034e-18 1.64971e-17 7.47639e-17 3.16913e-16 1.25432e-15 4.62724e-15 1.5881e-14 5.06129e-14 1.49506e-13 4.08587e-13 1.03137e-12 2.40125e-12 5.15132e-12 1.01786e-11 1.85328e-11 3.11414e-11 4.84289e-11 6.99979e-11 9.45631e-11 1.20213e-10 1.4489e-10 1.6688e-10 1.85122e-10 1.99294e-10 2.09693e-10 2.17009e-10 2.22089e-10 2.25738e-10 2.28613e-10 2.31167e-10 2.33662e-10 2.362e-10 2.38773e-10 2.41306e-10 2.43692e-10 2.45819e-10 2.47585e-10 2.48907e-10 2.49724e-10 2.5e-10 2.49724e-10 2.48907e-10 2.47585e-10 2.45819e-10 2.43692e-10 2.41306e-10 2.38773e-10 2.362e-10 2.33662e-10 2.31167e-10 2.28613e-10 2.25738e-10 2.22089e-10 2.17009e-10 2.09693e-10 1.99294e-10 1.85122e-10 1.6688e-10 1.4489e-10 1.20213e-10 9.45631e-11 6.99979e-11 4.84289e-11 3.11414e-11 1.85328e-11 1.01786e-11 5.15132e-12 2.40125e-12 1.03137e-12 4.08587e-13 1.49506e-13 5.06129e-14 1.5881e-14 4.62724e-15 1.25432e-15 3.16913e-16 7.47639e-17 1.64971e-17 3.41034e-18 6.61504e-19 1.20572e-19 2.06793e-20 3.34164e-21 5.09383e-22 7.33299e-23 9.97997e-24 1.28514e-24 1.54812e-25 0
0 1.11937e-25 9.4831e-25 7.52214e-24 5.6478e-23 4.01051e-22 2.69056e-21 1.70339e-20 1.01646e-19 5.70958e-19 3.01474e-18 1.49411e-17 6.93924e-17 3.01512e-16 1.22344e-15 4.62724e-15 1.62803e-14 5.3175e-14 1.60893e-13 4.50014e-13 1.16111e-12 2.75833e-12 6.0233e-12 1.20764e-11 2.22219e-11 3.75526e-11 5.83981e-11 8.38833e-11 1.11917e-10 1.39721e-10 1.6466e-10 1.84963e-10 2.00035e-10 2.10343e-10 2.17033e-10 2.2148e-10 2.24928e-10 2.28286e-10 2.32075e-10 2.36473e-10 2.41417e-10 2.467e-10 2.52067e-10 2.57263e-10 2.62075e-10 2.66335e-10 2.69928e-10 2.72776e-10 2.74835e-10 2.76078e-10 2.76493e-10 2.76078e-10 2.74835e-10 2.72776e-10 2.69928e-10 2.66335e-10 2.62075e-10 2.57263e-10 2.52067e-10 2.467e-10 2.41417e-10 2.36473e-10 2.32075e-10 2.28286e-10 2.24928e-10 2.2148e-10 2.17033e-10 2.10343e-10 2.00035e-10 1.84963e-10 1.6466e-10 1.39721e-10 1.11917e-10 8.38833e-11 5.83981e-11 3.75526e-11 2.22219e-11 1.20764e-11 6.0233e-12 2.75833e-12 1.16111e-12 4.50014e-13 1.60893e-13 5.3175e-14 1.62803e-14 4.62724e-15 1.22344e-15 3.01512e-16 6.93924e-17 1.49411e-17 3.01474e-18 5.70958e-19 1.01646e-19 1.70339e-20 2.69056e-21 4.01051e-22 5.64779e-23 7.52077e-24 9.35611e-25 0
0 6.58661e-25 5.40381e-24 4.14556e-23 3.00849e-22 2.06352e-21 1.33621e-20 8.15856e-20 4.69094e-19 2.53631e-18 1.28761e-17 6.1278e-17 2.72902e-16 1.13524e-15 4.40232e-15 1.5881e-14 5.3175e-14 1.64876e-13 4.72254e-13 1.24652e-12 3.02468e-12 6.73187e-12 1.37161e-11 2.55495e-11 4.34936e-11 6.77325e-11 9.67766e-11 1.27544e-10 1.56292e-10 1.79956e-10 1.97125e-10 2.08194e-10 2.1482e-10 2.19118e-10 2.2296e-10 2.27588e-10 2.33539e-10 2.40781e-10 2.48935e-10 2.57486e-10 2.65938e-10 2.73895e-10 2.81092e-10 2.87382e-10 2.92713e-10 2.97094e-10 3.0057e-10 3.03197e-10 3.05029e-10 3.06109e-10 3.06466e-10 3.06109e-10 3.05029e-10 3.03197e-10 3.0057e-10 2.97094e-10 2.92713e-10 2.87382e-10 2.81092e-10 2.73895e-10 2.65938e-10 2.57486e-10 2.48935e-10 2.40781e-10 2.33539e-10 2.27588e-10 2.2296e-10 2.19118e-10 2.1482e-10 2.08194e-10 1.97125e-10 1.79956e-10 1.56292e-10 1.27544e-10 9.67766e-11 6.77325e-11 4.34936e-11 2.55495e-11 1.37161e-11 6.73187e-12 3.02468e-12 1.24652e-12 4.72254e-13 1.64876e-13 5.3175e-14 1.5881e-14 4.40232e-15 1.13524e-15 2.72902e-16 6.1278e-17 1.28761e-17 2.53631e-18 4.69094e-19 8.15856e-20 1.33621e-20 2.06352e-21 3.00848e-22 4.1447e-23 5.32662e-24 0
0 3.6493e-24 2.89848e-23 2.14961e-22 1.50709e-21 9.97928e-21 6.23321e-20 3.66782e-19 2.03036e-18 1.05571e-17 5.14766e-17 2.34963e-16 1.00204e-15 3.98451e-15 1.47404e-14 5.06129e-14 1.60893e-13 4.72254e-13 1.27634e-12 3.16712e-12 7.19499e-12 1.49244e-11 2.82013e-11 4.84712e-11 7.57618e-11 1.07886e-10 1.40639e-10 1.69275e-10 1.90535e-10 2.03887e-10 2.11253e-10 2.15697e-10 2.20062e-10 2.26143e-10 2.34503e-10 2.44754e-10 2.56026e-10 2.67369e-10 2.78015e-10 2.87484e-10 2.95567e-10 3.02263e-10 3.07697e-10 3.12047e-10 3.15493e-10 3.18194e-10 3.20274e-10 3.21819e-10 3.2289e-10 3.2352e-10 3.23728e-10 3.2352e-10 3.2289e-10 3.21819e-10 3.20274e-10 3.18194e-10 3.15493e-10 3.12047e-10 3.07697e-10 3.02263e-10 2.95567e-10 2.87484e-10 2.78015e-10 2.67369e-10 2.56026e-10 2.44754e-10 2.34503e-10 2.26143e-10 2.20062e-10 2.15697e-10 2.11253e-10 2.03887e-10 1.90535e-10 1.69275e-10 1.40639e-10 1.07886e-10 7.57618e-11 4.84712e-11 2.82013e-11 1.49244e-11 7.19499e-12 3.16712e-12 1.27634e-12 4.72254e-13 1.60893e-13 5.06129e-14 1.47404e-14 3.98451e-15 1.00204e-15 2.34963e-16 5.14766e-17 1.05571e-17 2.03036e-18 3.66782e-19 6.23321e-20 9.97928e-21 1.50709e-21 2.1491e-22 2.85429e-23 0
0 1.90216e-23 1.46213e-22 1.04782e-21 7.09342e-21 4.53169e-20 2.72855e-19 1.54616e-18 8.23315e-18 4.11285e-17 1.92401e-16 8.41229e-16 3.43042e-15 1.30171e-14 4.58498e-14 1.49506e-13 4.50014e-13 1.24652e-12 3.16712e-12 7.3561e-12 1.55658e-11 2.99112e-11 5.20553e-11 8.19175e-11 1.1662e-10 1.50775e-10 1.78628e-10 1.96965e-10 2.06636e-10 2.11526e-10 2.16021e-10 2.23031e-10 2.33392e-10 2.463e-10 2.6018e-10 2.73503e-10 2.8523e-10 2.94909e-10 3.02576e-10 3.08545e-10 3.13231e-10 3.17026e-10 3.20225e-10 3.23019e-10 3.25499e-10 3.27691e-10 3.29572e-10 3.31103e-10 3.32237e-10 3.32934e-10 3.3317e-10 3.32934e-10 3.32237e-10 3.31103e-10 3.29572e-10 3.27691e-10 3.25499e-10 3.23019e-10 3.20225e-10 3.17026e-10 3.13231e-10 3.08545e-10 3.02576e-10 2.94909e-10 2.8523e-10 2.73503e-10 2.6018e-10 2.463e-10 2.33392e-10 2.23031e-10 2.16021e-10 2.11526e-10 2.06636e-10 1.96965e-10 1.78628e-10 1.50775e-10 1.1662e-10 8.19175e-11 5.20553e-11 2.99112e-11 1.55658e-11 7.3561e-12 3.16712e-12 1.24652e-12 4.50014e-13 1.49506e-13 4.58498e-14 1.30171e-14 3.43042e-15 8.41229e-16 1.92401e-16 4.11285e-17 8.23315e-18 1.54616e-18 2.72855e-19 4.53169e-20 7.09339e-21 1.04754e-21 1.43832e-22 0
0 9.31973e-23 6.93065e-22 4.79712e-21 3.13406e-20 1.93059e-19 1.11975e-18 6.1056e-18 3.12459e-17 1.49806e-16 6.71554e-16 2.80877e-15 1.0935e-14 3.95251e-14 1.32273e-13 4.08587e-13 1.16111e-12 3.02468e-12 7.19499e-12 1.55658e-11 3.05019e-11 5.39304e-11 8.57797e-11 1.22601e-10 1.57861e-10 1.84777e-10 2.003e-10 2.07025e-10 2.11053e-10 2.17741e-10 2.29086e-10 2.44038e-10 2.60137e-10 2.74992e-10 2.87209e-10 2.96524e-10 3.03424e-10 3.08731e-10 3.1324e-10 3.17514e-10 3.2186e-10 3.26353e-10 3.30917e-10 3.35402e-10 3.39632e-10 3.43449e-10 3.46719e-10 3.49349e-10 3.51267e-10 3.52435e-10 3.52825e-10 3.52435e-10 3.51267e-10 3.49349e-10 3.46719e-10 3.43449e-10 3.39632e-10 3.35402e-10 3.30917e-10 3.26353e-10 3.2186e-10 3.17514e-10 3.1324e-10 3.08731e-10 3.03424e-10 2.96524e-10 2.87209e-10 2.74992e-10 2.60137e-10 2.44038e-10 2.29086e-10 2.17741e-10 2.11053e-10 2.07025e-10 2.003e-10 1.84777e-10 1.57861e-10 1.22601e-10 8.57797e-11 5.39304e-11 3.05019e-11 1.55658e-11 7.19499e-12 3.02468e-12 1.16111e-12 4.08587e-13 1.32273e-13 3.95251e-14 1.0935e-14 2.80877e-15 6.71554e-16 1.49806e-16 3.12459e-17 6.1056e-18 1.11975e-18 1.93059e-19 3.13404e-20 4.79564e-21 6.80998e-22 0
0 4.28861e-22 3.08439e-21 2.06099e-20 1.29873e-19 7.70921e-19 4.30413e-18 2.25644e-17 1.10876e-16 5.09647e-16 2.18662e-15 8.73615e-15 3.2417e-14 1.11399e-13 3.53401e-13 1.03137e-12 2.75833e-12 6.73187e-12 1.49244e-11 2.99112e-11 5.39304e-11 8.70951e-11 1.25631e-10 1.62008e-10 1.88361e-10 2.01702e-10 2.06439e-10 2.10989e-10 2.21249e-10 2.37288e-10 2.55468e-10 2.72058e-10 2.84982e-10 2.94075e-10 3.00552e-10 3.05934e-10 3.11388e-10 3.17561e-10 3.24532e-10 3.32055e-10 3.3975e-10 3.47216e-10 3.54159e-10 3.60366e-10 3.65733e-10 3.70217e-10 3.73824e-10 3.76582e-10 3.78521e-10 3.79673e-10 3.80053e-10 3.79673e-10 3.78521e-10 3.76582e-10 3.73824e-10 3.70217e-10 3.65733e-10 3.60366e-10 3.54159e-10 3.47216e-10 3.3975e-10 3.32055e-10 3.24532e-10 3.17561e-10 3.11388e-10 3.05934e-10 3.00552e-10 2.94075e-10 2.84982e-10 2.72058e-10 2.55468e-10 2.37288e-10 2.21249e-10 2.10989e-10 2.06439e-10 2.01702e-10 1.88361e-10 1.62008e-10 1.25631e-10 8.70951e-11 5.39304e-11 2.99112e-11 1.49244e-11 6.73187e-12 2.75833e-12 1.03137e-12 3.53401e-13 1.11399e-13 3.2417e-14 8.73615e-15 2.18662e-15 5.09647e-16 1.10876e-16 2.25644e-17 4.30413e-18 7.70921e-19 1.29872e-19 2.06026e-20 3.02694e-21 0
0 1.85199e-21 1.28773e-20 8.30275e-20 5.04363e-19 2.88314e-18 1.54836e-17 7.79799e-17 3.67565e-16 1.61802e-15 6.63577e-15 2.52878e-14 8.92829e-14 2.91107e-13 8.7336e-13 2.40125e-12 6.0233e-12 1.37161e-11 2.82013e-11 5.20553e-11 8.57797e-11 1.25631e-10 1.63368e-10 1.89978e-10 2.02135e-10 2.05746e-10 2.11523e-10 2.25698e-10 2.45718e-10 2.64996e-10 2.79504e-10 2.89086e-10 2.95608e-10 3.01553e-10 3.08704e-10 3.17473e-10 3.27509e-10 3.38053e-10 3.48266e-10 3.57634e-10 3.65827e-10 3.72783e-10 3.78586e-10 3.83348e-10 3.87247e-10 3.90379e-10 3.92868e-10 3.9475e-10 3.96085e-10 3.96874e-10 3.97141e-10 3.96874e-10 3.96085e-10 3.9475e-10 3.92868e-10 3.90379e-10 3.87247e-10 3.83348e-10 3.78586e-10 3.72783e-10 3.65827e-10 3.57634e-10 3.48266e-10 3.38053e-10 3.27509e-10 3.17473e-10 3.08704e-10 3.01553e-10 2.95608e-10 2.89086e-10 2.79504e-10 2.64996e-10 2.45718e-10 2.25698e-10 2.11523e-10 2.05746e-10 2.02135e-10 1.89978e-10 1.63368e-10 1.25631e-10 8.57797e-11 5.20553e-11 2.82013e-11 1.37161e-11 6.0233e-12 2.40125e-12 8.7336e-13 2.91107e-13 8.92829e-14 2.52878e-14 6.63577e-15 1.61802e-15 3.67565e-16 7.79799e-17 1.54836e-17 2.88314e-18 5.04358e-19 8.29938e-20 1.26205e-20 0
0 7.49964e-21 5.0399e-20 3.13405e-19 1.83429e-18 1.00914e-17 5.2093e-17 2.51827e-16 1.13757e-15 4.79037e-15 1.87554e-14 6.80726e-14 2.28284e-13 7.04754e-13 1.99462e-12 5.15132e-12 1.20764e-11 2.55495e-11 4.84712e-11 8.19175e-11 1.22601e-10 1.62008e-10 1.89978e-10 2.02211e-10 2.05342e-10 2.12216e-10 2.29716e-10 2.52619e-10 2.71263e-10 2.82335e-10 2.89194e-10 2.95791e-10 3.04375e-10 3.15645e-10 3.28412e-10 3.41036e-10 3.52548e-10 3.6227e-10 3.70221e-10 3.76755e-10 3.82168e-10 3.86909e-10 3.91134e-10 3.95008e-10 3.98545e-10 4.01693e-10 4.04423e-10 4.06613e-10 4.08254e-10 4.09235e-10 4.09587e-10 4.09235e-10 4.08254e-10 4.06613e-10 4.04423e-10 4.01693e-10 3.98545e-10 3.95008e-10 3.91134e-10 3.86909e-10 3.82168e-10 3.76755e-10 3.70221e-10 3.6227e-10 3.52548e-10 3.41036e-10 3.28412e-10 3.15645e-10 3.04375e-10 2.95791e-10 2.89194e-10 2.82335e-10 2.71263e-10 2.52619e-10 2.29716e-10 2.12216e-10 2.05342e-10 2.02211e-10 1.89978e-10 1.62008e-10 1.22601e-10 8.19175e-11 4.84712e-11 2.55495e-11 1.20764e-11 5.15132e-12 1.99462e-12 7.04754e-13 2.28284e-13 6.80726e-14 1.87554e-14 4.79037e-15 1.13757e-15 2.51827e-16 5.2093e-17 1.00914e-17 1.83427e-18 3.13259e-19 4.93225e-20 0
0 2.84598e-20 1.84791e-19 1.10779e-18 6.2436e-18 3.30383e-17 1.63821e-16 7.59558e-16 3.2852e-15 1.322e-14 4.93513e-14 1.70346e-13 5.41662e-13 1.58006e-12 4.20829e-12 1.01786e-11 2.22219e-11 4.34936e-11 7.57618e-11 1.1662e-10 1.57861e-10 1.88361e-10 2.02135e-10 2.05342e-10 2.12525e-10 2.3207e-10 2.56976e-10 2.74471e-10 2.82187e-10 2.8805e-10 2.97669e-10 3.10658e-10 3.25389e-10 3.3973e-10 3.51552e-10 3.60918e-10 3.6846e-10 3.74758e-10 3.80858e-10 3.86959e-10 3.93242e-10 3.99682e-10 4.05921e-10 4.11931e-10 4.17326e-10 4.22119e-10 4.26079e-10 4.29232e-10 4.31482e-10 4.32847e-10 4.33299e-10 4.32847e-10 4.31482e-10 4.29232e-10 4.26079e-10 4.22119e-10 4.17326e-10 4.11931e-10 4.05921e-10 3.99682e-10 3.93242e-10 3.86959e-10 3.80858e-10 3.74758e-10 3.6846e-10 3.60918e-10 3.51552e-10 3.3973e-10 3.25389e-10 3.10658e-10 2.97669e-10 2.8805e-10 2.82187e-10 2.74471e-10 2.56976e-10 2.3207e-10 2.12525e-10 2.05342e-10 2.02135e-10 1.88361e-10 1.57861e-10 1.1662e-10 7.57618e-11 4.34936e-11 2.22219e-11 1.01786e-11 4.20829e-12 1.58006e-12 5.41662e-13 1.70346e-13 4.93513e-14 1.322e-14 3.2852e-15 7.59558e-16 1.63821e-16 3.30383e-17 6.24352e-18 1.1072e-18 1.8056e-19 0
0 1.0115e-19 6.34419e-19 3.665e-18 1.9882e-17 1.01136e-16 4.814e-16 2.13917e-15 8.8512e-15 3.4003e-14 1.20887e-13 3.9628e-13 1.19282e-12 3.2813e-12 8.20471e-12 1.85328e-11 3.75526e-11 6.77325e-11 1.07886e-10 1.50775e-10 1.84777e-10 2.01702e-10 2.05746e-10 2.12216e-10 2.3207e-10 2.58445e-10 2.75651e-10 2.81119e-10 2.87311e-10 3.01503e-10 3.18585e-10 3.33723e-10 3.46366e-10 3.55658e-10 3.62842e-10 3.70344e-10 3.78252e-10 3.87067e-10 3.96656e-10 4.06027e-10 4.15246e-10 4.23537e-10 4.30945e-10 4.37371e-10 4.42691e-10 4.47204e-10 4.50655e-10 4.53444e-10 4.55256e-10 4.56472e-10 4.56762e-10 4.56472e-10 4.55256e-10 4.53444e-10 4.50655e-10 4.47204e-10 4.42691e-10 4.37371e-10 4.30945e-10 4.23537e-10 4.15246e-10 4.06027e-10 3.96656e-10 3.87067e-10 3.78252e-10 3.70344e-10 3.62842e-10 3.55658e-10 3.46366e-10 3.33723e-10 3.18585e-10 3.01503e-10 2.87311e-10 2.81119e-10 2.75651e-10 2.58445e-10 2.3207e-10 2.12216e-10 2.05746e-10 2.01702e-10 1.84777e-10 1.50775e-10 1.07886e-10 6.77325e-11 3.75526e-11 1.85328e-11 8.20471e-12 3.2813e-12 1.19282e-12 3.9628e-13 1.20887e-13 3.4003e-14 8.8512e-15 2.13917e-15 4.814e-16 1.01136e-16 1.98817e-17 3.66274e-18 6.18841e-19 0
0 3.36558e-19 2.0387e-18 1.13455e-17 5.9217e-17 2.89437e-16 1.3218e-15 5.62572e-15 2.22518e-14 8.15348e-14 2.75774e-13 8.57484e-13 2.4397e-12 6.31782e-12 1.47996e-11 3.11414e-11 5.83981e-11 9.67766e-11 1.40639e-10 1.78628e-10 2.003e-10 2.06439e-10 2.11523e-10 2.29716e-10 2.56976e-10 2.75651e-10 2.80594e-10 2.87145e-10 3.05351e-10 3.25282e-10 3.37945e-10 3.47213e-10 3.55854e-10 3.63959e-10 3.74497e-10 3.86601e-10 3.98323e-10 4.10151e-10 4.20358e-10 4.29208e-10 4.37017e-10 4.43292e-10 4.49151e-10 4.5388e-10 4.58301e-10 4.61938e-10 4.65073e-10 4.6757e-10 4.69341e-10 4.70502e-10 4.70807e-10 4.70502e-10 4.69341e-10 4.6757e-10 4.65073e-10 4.61938e-10 4.58301e-10 4.5388e-10 4.49151e-10 4.43292e-10 4.37017e-10 4.29208e-10 4.20358e-10 4.10151e-10 3.98323e-10 3.86601e-10 3.74497e-10 3.63959e-10 3.55854e-10 3.47213e-10 3.37945e-10 3.25282e-10 3.05351e-10 2.87145e-10 2.80594e-10 2.75651e-10 2.56976e-10 2.29716e-10 2.11523e-10 2.06439e-10 2.003e-10 1.78628e-10 1.40639e-10 9.67766e-11 5.83981e-11 3.11414e-11 1.47996e-11 6.31782e-12 2.4397e-12 8.57484e-13 2.75774e-13 8.15348e-14 2.22518e-14 5.62572e-15 1.3218e-15 2.89437e-16 5.92159e-17 1.13375e-17 1.98498e-18 0
0 1.04811e-18 6.13114e-18 3.28613e-17 1.64973e-16 7.74512e-16 3.3921e-15 1.3821e-14 5.22278e-14 1.82406e-13 5.86457e-13 1.72793e-12 4.64145e-12 1.12986e-11 2.47538e-11 4.84289e-11 8.38833e-11 1.27544e-10 1.69275e-10 1.96965e-10 2.07025e-10 2.10989e-10 2.25698e-10 2.52619e-10 2.74471e-10 2.81119e-10 2.87145e-10 3.06951e-10 3.28914e-10 3.38753e-10 3.44903e-10 3.56346e-10 3.68694e-10 3.81978e-10 3.96806e-10 4.08464e-10 4.18624e-10 4.27748e-10 4.3477e-10 4.42374e-10 4.49047e-10 4.55892e-10 4.62711e-10 4.68742e-10 4.74922e-10 4.7971e-10 4.84447e-10 4.87588e-10 4.90435e-10 4.9167e-10 4.92471e-10 4.9167e-10 4.90435e-10 4.87588e-10 4.84447e-10 4.7971e-10 4.74922e-10 4.68742e-10 4.62711e-10 4.55892e-10 4.49047e-10 4.42374e-10 4.3477e-10 4.27748e-10 4.18624e-10 4.08464e-10 3.96806e-10 3.81978e-10 3.68694e-10 3.56346e-10 3.44903e-10 3.38753e-10 3.28914e-10 3.06951e-10 2.87145e-10 2.81119e-10 2.74471e-10 2.52619e-10 2.25698e-10 2.10989e-10 2.07025e-10 1.96965e-10 1.69275e-10 1.27544e-10 8.38833e-11 4.84289e-11 2.47538e-11 1.12986e-11 4.64145e-12 1.72793e-12 5.86457e-13 1.82406e-13 5.22278e-14 1.3821e-14 3.3921e-15 7.74511e-16 1.64969e-16 3.28343e-17 5.95774e-18 0
0 3.05485e-18 1.72576e-17 8.9073e-17 4.30042e-16 1.93886e-15 8.14156e-15 3.17471e-14 1.14572e-13 3.81224e-13 1.16445e-12 3.24889e-12 8.23245e-12 1.88201e-11 3.85218e-11 6.99979e-11 1.11917e-10 1.56292e-10 1.90535e-10 2.06636e-10 2.11053e-10 2.21249e-10 2.45718e-10 2.71263e-10 2.82187e-10 2.87311e-10 3.05351e-10 3.28914e-10 3.38598e-10 3.42793e-10 3.58176e-10 3.76013e-10 3.88607e-10 4.01992e-10 4.12571e-10 4.20056e-10 4.30003e-10 4.38718e-10 4.48393e-10 4.5906e-10 4.68108e-10 4.7821e-10 4.86093e-10 4.94002e-10 5.00348e-10 5.05753e-10 5.10371e-10 5.13481e-10 5.16279e-10 5.17314e-10 5.1823e-10 5.17314e-10 5.16279e-10 5.13481e-10 5.10371e-10 5.05753e-10 5.00348e-10 4.94002e-10 4.86093e-10 4.7821e-10 4.68108e-10 4.5906e-10 4.48393e-10 4.38718e-10 4.30003e-10 4.20056e-10 4.12571e-10 4.01992e-10 3.88607e-10 3.76013e-10 3.58176e-10 3.42793e-10 3.38598e-10 3.28914e-10 3.05351e-10 2.87311e-10 2.82187e-10 2.71263e-10 2.45718e-10 2.21249e-10 2.11053e-10 2.06636e-10 1.90535e-10 1.56292e-10 1.11917e-10 6.99979e-11 3.85218e-11 1.88201e-11 8.23245e-12 3.24889e-12 1.16445e-12 3.81224e-13 1.14572e-13 3.17471e-14 8.14156e-15 1.93885e-15 4.30029e-16 8.89885e-17 1.67337e-17 0
0 8.33522e-18 4.54816e-17 2.26068e-16 1.04965e-15 4.54459e-15 1.82962e-14 6.8274e-14 2.35287e-13 7.45755e-13 2.16367e-12 5.715e-12 1.36563e-11 2.93084e-11 5.60291e-11 9.45631e-11 1.39721e-10 1.79956e-10 2.03887e-10 2.11526e-10 2.17741e-10 2.37288e-10 2.64996e-10 2.82335e-10 2.8805e-10 3.01503e-10 3.25282e-10 3.38753e-10 3.42793e-10 3.59264e-10 3.81445e-10 3.9158e-10 4.00446e-10 4.12991e-10 4.21644e-10 4.34031e-10 4.4795e-10 4.58869e-10 4.72064e-10 4.81804e-10 4.91178e-10 4.99857e-10 5.06139e-10 5.1354e-10 5.18007e-10 5.23816e-10 5.26953e-10 5.30913e-10 5.32602e-10 5.34588e-10 5.3454e-10 5.34588e-10 5.32602e-10 5.30913e-10 5.26953e-10 5.23816e-10 5.18007e-10 5.1354e-10 5.06139e-10 4.99857e-10 4.91178e-10 4.81804e-10 4.72064e-10 4.58869e-10 4.4795e-10 4.34031e-10 4.21644e-10 4.12991e-10 4.00446e-10 3.9158e-10 3.81445e-10 3.59264e-10 3.42793e-10 3.38753e-10 3.25282e-10 3.01503e-10 2.8805e-10 2.82335e-10 2.64996e-10 2.37288e-10 2.17741e-10 2.11526e-10 2.03887e-10 1.79956e-10 1.39721e-10 9.45631e-11 5.60291e-11 2.93084e-11 1.36563e-11 5.715e-12 2.16367e-12 7.45755e-13 2.35287e-13 6.8274e-14 1.82962e-14 4.54458e-15 1.04961e-15 2.2582e-16 4.39999e-17 0
0 2.13018e-17 1.12307e-16 5.37711e-16 2.40153e-15 9.98726e-15 3.85579e-14 1.37719e-13 4.53313e-13 1.36893e-12 3.77331e-12 9.43725e-12 2.12709e-11 4.28695e-11 7.6587e-11 1.20213e-10 1.6466e-10 1.97125e-10 2.11253e-10 2.16021e-10 2.29086e-10 2.55468e-10 2.79504e-10 2.89194e-10 2.97669e-10 3.18585e-10 3.37945e-10 3.44903e-10 3.58176e-10 3.81445e-10 3.92109e-10 3.97014e-10 4.13585e-10 4.28177e-10 4.40186e-10 4.56884e-10 4.6726e-10 4.77671e-10 4.88529e-10 4.95549e-10 5.06019e-10 5.13119e-10 5.22013e-10 5.29606e-10 5.36311e-10 5.43328e-10 5.47635e-10 5.53023e-10 5.54855e-10 5.58008e-10 5.57329e-10 5.58008e-10 5.54855e-10 5.53023e-10 5.47635e-10 5.43328e-10 5.36311e-10 5.29606e-10 5.22013e-10 5.13119e-10 5.06019e-10 4.95549e-10 4.88529e-10 4.77671e-10 4.6726e-10 4.56884e-10 4.40186e-10 4.28177e-10 4.13585e-10 3.97014e-10 3.92109e-10 3.81445e-10 3.58176e-10 3.44903e-10 3.37945e-10 3.18585e-10 2.97669e-10 2.89194e-10 2.79504e-10 2.55468e-10 2.29086e-10 2.16021e-10 2.11253e-10 1.97125e-10 1.6466e-10 1.20213e-10 7.6587e-11 4.28695e-11 2.12709e-11 9.43725e-12 3.77331e-12 1.36893e-12 4.53313e-13 1.37719e-13 3.85579e-14 9.98725e-15 2.40142e-15 5.37032e-16 1.08383e-16 0
0 5.1034e-17 2.60108e-16 1.20012e-15 5.15814e-15 2.06141e-14 7.63563e-14 2.61183e-13 8.2158e-13 2.36526e-12 6.19783e-12 1.46881e-11 3.12523e-11 5.9209e-11 9.89976e-11 1.4489e-10 1.84963e-10 2.08194e-10 2.15697e-10 2.23031e-10 2.44038e-10 2.72058e-10 2.89086e-10 2.95791e-10 3.10658e-10 3.33723e-10 3.47213e-10 3.56346e-10 3.76013e-10 3.9158e-10 3.97014e-10 4.14187e-10 4.35071e-10 4.44286e-10 4.57528e-10 4.70129e-10 4.77645e-10 4.91591e-10 5.01861e-10 5.13603e-10 5.26317e-10 5.35399e-10 5.47356e-10 5.54393e-10 5.63749e-10 5.6911e-10 5.75427e-10 5.79051e-10 5.82461e-10 5.84056e-10 5.84818e-10 5.84056e-10 5.82461e-10 5.79051e-10 5.75427e-10 5.6911e-10 5.63749e-10 5.54393e-10 5.47356e-10 5.35399e-10 5.26317e-10 5.13603e-10 5.01861e-10 4.91591e-10 4.77645e-10 4.70129e-10 4.57528e-10 4.44286e-10 4.35071e-10 4.14187e-10 3.97014e-10 3.9158e-10 3.76013e-10 3.56346e-10 3.47213e-10 3.33723e-10 3.10658e-10 2.95791e-10 2.89086e-10 2.72058e-10 2.44038e-10 2.23031e-10 2.15697e-10 2.08194e-10 1.84963e-10 1.4489e-10 9.89976e-11 5.9209e-11 3.12523e-11 1.46881e-11 6.19783e-12 2.36526e-12 8.2158e-13 2.61183e-13 7.63563e-14 2.0614e-14 5.15784e-15 1.19837e-15 2.50367e-16 0
0 1.14754e-16 5.65825e-16 2.51754e-15 1.04203e-14 4.00487e-14 1.4244e-13 4.67004e-13 1.40516e-12 3.86037e-12 9.62667e-12 2.16433e-11 4.35314e-11 7.76577e-11 1.21808e-10 1.6688e-10 2.00035e-10 2.1482e-10 2.20062e-10 2.33392e-10 2.60137e-10 2.84982e-10 2.95608e-10 3.04375e-10 3.25389e-10 3.46366e-10 3.55854e-10 3.68694e-10 3.88607e-10 4.00446e-10 4.13585e-10 4.35071e-10 4.45356e-10 4.53275e-10 4.70874e-10 4.82366e-10 4.96387e-10 5.13064e-10 5.23382e-10 5.37791e-10 5.47431e-10 5.57534e-10 5.67125e-10 5.741e-10 5.82915e-10 5.87707e-10 5.94853e-10 5.97575e-10 6.02407e-10 6.02787e-10 6.05002e-10 6.02787e-10 6.02407e-10 5.97575e-10 5.94853e-10 5.87707e-10 5.82915e-10 5.741e-10 5.67125e-10 5.57534e-10 5.47431e-10 5.37791e-10 5.23382e-10 5.13064e-10 4.96387e-10 4.82366e-10 4.70874e-10 4.53275e-10 4.45356e-10 4.35071e-10 4.13585e-10 4.00446e-10 3.88607e-10 3.68694e-10 3.55854e-10 3.46366e-10 3.25389e-10 3.04375e-10 2.95608e-10 2.84982e-10 2.60137e-10 2.33392e-10 2.20062e-10 2.1482e-10 2.00035e-10 1.6688e-10 1.21808e-10 7.76577e-11 4.35314e-11 2.16433e-11 9.62667e-12 3.86037e-12 1.40516e-12 4.67004e-13 1.4244e-13 4.00486e-14 1.04196e-14 2.51334e-15 5.43145e-16 0
0 2.42552e-16 1.15812e-15 4.97364e-15 1.98442e-14 7.34219e-14 2.5102e-13 7.89763e-13 2.27588e-12 5.97471e-12 1.42001e-11 3.03365e-11 5.77854e-11 9.72894e-11 1.43609e-10 1.85122e-10 2.10343e-10 2.19118e-10 2.26143e-10 2.463e-10 2.74992e-10 2.94075e-10 3.01553e-10 3.15645e-10 3.3973e-10 3.55658e-10 3.63959e-10 3.81978e-10 4.01992e-10 4.12991e-10 4.28177e-10 4.44286e-10 4.53275e-10 4.71305e-10 4.90255e-10 5.00744e-10 5.17113e-10 5.28968e-10 5.38952e-10 5.52956e-10 5.61853e-10 5.74785e-10 5.8463e-10 5.94998e-10 6.04568e-10 6.12087e-10 6.19832e-10 6.24373e-10 6.2937e-10 6.30768e-10 6.32613e-10 6.30768e-10 6.2937e-10 6.24373e-10 6.19832e-10 6.12087e-10 6.04568e-10 5.94998e-10 5.8463e-10 5.74785e-10 5.61853e-10 5.52956e-10 5.38952e-10 5.28968e-10 5.17113e-10 5.00744e-10 4.90255e-10 4.71305e-10 4.53275e-10 4.44286e-10 4.28177e-10 4.12991e-10 4.01992e-10 3.81978e-10 3.63959e-10 3.55658e-10 3.3973e-10 3.15645e-10 3.01553e-10 2.94075e-10 2.74992e-10 2.463e-10 2.26143e-10 2.19118e-10 2.10343e-10 1.85122e-10 1.43609e-10 9.72894e-11 5.77854e-11 3.03365e-11 1.42001e-11 5.97471e-12 2.27588e-12 7.89763e-13 2.5102e-13 7.34216e-14 1.98425e-14 4.96414e-15 1.10852e-15 0
