0 5.81288e-27 4.07397e-26 2.67363e-25 1.67094e-24 9.94119e-24 5.62634e-23 3.02696e-22 1.54686e-21 7.50293e-21 3.45148e-20 1.50465e-19 6.21132e-19 2.42618e-18 8.96062e-18 3.12703e-17 1.03048e-16 3.20509e-16 9.40505e-16 2.60316e-15 6.7958e-15 1.67364e-14 3.89011e-14 8.54018e-14 1.77274e-13 3.48425e-13 6.49555e-13 1.15094e-12 1.9428e-12 3.13206e-12 4.83526e-12 7.16781e-12 1.02312e-11 1.41e-11 1.8811e-11 2.43556e-11 3.06769e-11 3.76723e-11 4.5199e-11 5.30834e-11 6.11317e-11 6.91408e-11 7.69085e-11 8.42416e-11 9.09632e-11 9.69165e-11 1.01968e-10 1.06009e-10 1.08954e-10 1.10745e-10 1.11346e-10 1.10745e-10 1.08954e-10 1.06009e-10 1.01968e-10 9.69165e-11 9.09632e-11 8.42416e-11 7.69085e-11 6.91408e-11 6.11317e-11 5.30834e-11 4.5199e-11 3.76723e-11 3.06769e-11 2.43556e-11 1.8811e-11 1.41e-11 1.02312e-11 7.16781e-12 4.83526e-12 3.13206e-12 1.9428e-12 1.15094e-12 6.49555e-13 3.48425e-13 1.77274e-13 8.54018e-14 3.89011e-14 1.67364e-14 6.7958e-15 2.60316e-15 9.40505e-16 3.20509e-16 1.03048e-16 3.12703e-17 8.96062e-18 2.42618e-18 6.21132e-19 1.50465e-19 3.45148e-20 7.50293e-21 1.54686e-21 3.02696e-22 5.62634e-23 9.94119e-24 1.67093e-24 2.67256e-25 3.99327e-26 0
0 2.07694e-26 1.41813e-25 9.05562e-25 5.50475e-24 3.18433e-23 1.75163e-22 9.15545e-22 4.54355e-21 2.13915e-20 9.54712e-20 4.03587e-19 1.6147e-18 6.10942e-18 2.18444e-17 7.37596e-17 2.35057e-16 7.06626e-16 2.00316e-15 5.35392e-15 1.34921e-14 3.20672e-14 7.19248e-14 1.5238e-13 3.05324e-13 5.79533e-13 1.04408e-12 1.78941e-12 2.92484e-12 4.57176e-12 6.85294e-12 9.87929e-12 1.37361e-11 1.84713e-11 2.40868e-11 3.05355e-11 3.77229e-11 4.55128e-11 5.37366e-11 6.22041e-11 7.0715e-11 7.90683e-11 8.70717e-11 9.45476e-11 1.01338e-10 1.07306e-10 1.12338e-10 1.16343e-10 1.19252e-10 1.21017e-10 1.21608e-10 1.21017e-10 1.19252e-10 1.16343e-10 1.12338e-10 1.07306e-10 1.01338e-10 9.45476e-11 8.70717e-11 7.90683e-11 7.0715e-11 6.22041e-11 5.37366e-11 4.55128e-11 3.77229e-11 3.05355e-11 2.40868e-11 1.84713e-11 1.37361e-11 9.87929e-12 6.85294e-12 4.57176e-12 2.92484e-12 1.78941e-12 1.04408e-12 5.79533e-13 3.05324e-13 1.5238e-13 7.19248e-14 3.20672e-14 1.34921e-14 5.35392e-15 2.00316e-15 7.06626e-16 2.35057e-16 7.37596e-17 2.18444e-17 6.10942e-18 1.6147e-18 4.03587e-19 9.54712e-20 2.13915e-20 4.54355e-21 9.15545e-22 1.75163e-22 3.18432e-23 5.50469e-24 9.05159e-25 1.38851e-25 0
0 1.3622e-25 9.03978e-25 5.60145e-24 3.30223e-23 1.85149e-22 9.86519e-22 4.99124e-21 2.3959e-20 1.09023e-19 4.69878e-19 1.91642e-18 7.39038e-18 2.69246e-17 9.25961e-17 3.00385e-16 9.18598e-16 2.64669e-15 7.18211e-15 1.83525e-14 4.41636e-14 1.00119e-13 2.13972e-13 4.3157e-13 8.22688e-13 1.48497e-12 2.54376e-12 4.14594e-12 6.44749e-12 9.59599e-12 1.37112e-11 1.88672e-11 2.50802e-11 3.23033e-11 4.04289e-11 4.92987e-11 5.87167e-11 6.8466e-11 7.83231e-11 8.8072e-11 9.75132e-11 1.0647e-10 1.14794e-10 1.22361e-10 1.29072e-10 1.34853e-10 1.39646e-10 1.4341e-10 1.46117e-10 1.47748e-10 1.48293e-10 1.47748e-10 1.46117e-10 1.4341e-10 1.39646e-10 1.34853e-10 1.29072e-10 1.22361e-10 1.14794e-10 1.0647e-10 9.75132e-11 8.8072e-11 7.83231e-11 6.8466e-11 5.87167e-11 4.92987e-11 4.04289e-11 3.23033e-11 2.50802e-11 1.88672e-11 1.37112e-11 9.59599e-12 6.44749e-12 4.14594e-12 2.54376e-12 1.48497e-12 8.22688e-13 4.3157e-13 2.13972e-13 1.00119e-13 4.41636e-14 1.83525e-14 7.18211e-15 2.64669e-15 9.18598e-16 3.00385e-16 9.25961e-17 2.69246e-17 7.39038e-18 1.91642e-18 4.69878e-19 1.09023e-19 2.3959e-20 4.99124e-21 9.86519e-22 1.85149e-22 3.30219e-23 5.59865e-24 8.83975e-25 0
0 8.67129e-25 5.59628e-24 3.36702e-23 1.92625e-22 1.04748e-21 5.40987e-21 2.65133e-20 1.23196e-19 5.42235e-19 2.25863e-18 8.8954e-18 3.30944e-17 1.16205e-16 3.84775e-16 1.20049e-15 3.52683e-15 9.75075e-15 2.53602e-14 6.20379e-14 1.42758e-13 3.09149e-13 6.30546e-13 1.21276e-12 2.20327e-12 3.78881e-12 6.18251e-12 9.60038e-12 1.42306e-11 2.02017e-11 2.7558e-11 3.6246e-11 4.61164e-11 5.69397e-11 6.8431e-11 8.02794e-11 9.21764e-11 1.03839e-10 1.15025e-10 1.25544e-10 1.35254e-10 1.44061e-10 1.51914e-10 1.58788e-10 1.64685e-10 1.69618e-10 1.7361e-10 1.76684e-10 1.78862e-10 1.80162e-10 1.80594e-10 1.80162e-10 1.78862e-10 1.76684e-10 1.7361e-10 1.69618e-10 1.64685e-10 1.58788e-10 1.51914e-10 1.44061e-10 1.35254e-10 1.25544e-10 1.15025e-10 1.03839e-10 9.21764e-11 8.02794e-11 6.8431e-11 5.69397e-11 4.61164e-11 3.6246e-11 2.7558e-11 2.02017e-11 1.42306e-11 9.60038e-12 6.18251e-12 3.78881e-12 2.20327e-12 1.21276e-12 6.30546e-13 3.09149e-13 1.42758e-13 6.20379e-14 2.53602e-14 9.75075e-15 3.52683e-15 1.20049e-15 3.84775e-16 1.16205e-16 3.30944e-17 8.8954e-18 2.25863e-18 5.42235e-19 1.23196e-19 2.65133e-20 5.40987e-21 1.04748e-21 1.92623e-22 3.36514e-23 5.46523e-24 0
0 5.25752e-24 3.29874e-23 1.92621e-22 1.06884e-21 5.63406e-21 2.81874e-20 1.33727e-19 6.01038e-19 2.55676e-18 1.02839e-17 3.90731e-17 1.40096e-16 4.73574e-16 1.50788e-15 4.51853e-15 1.27339e-14 3.37288e-14 8.3935e-14 1.96212e-13 4.30939e-13 8.89704e-13 1.72833e-12 3.16355e-12 5.46659e-12 8.93887e-12 1.38705e-11 2.04885e-11 2.89086e-11 3.91008e-11 5.08819e-11 6.39324e-11 7.78362e-11 9.21311e-11 1.06361e-10 1.20119e-10 1.33076e-10 1.44998e-10 1.5574e-10 1.65243e-10 1.73514e-10 1.80608e-10 1.86608e-10 1.91614e-10 1.95726e-10 1.99039e-10 2.01637e-10 2.03587e-10 2.04942e-10 2.05741e-10 2.06004e-10 2.05741e-10 2.04942e-10 2.03587e-10 2.01637e-10 1.99039e-10 1.95726e-10 1.91614e-10 1.86608e-10 1.80608e-10 1.73514e-10 1.65243e-10 1.5574e-10 1.44998e-10 1.33076e-10 1.20119e-10 1.06361e-10 9.21311e-11 7.78362e-11 6.39324e-11 5.08819e-11 3.91008e-11 2.89086e-11 2.04885e-11 1.38705e-11 8.93887e-12 5.46659e-12 3.16355e-12 1.72833e-12 8.89704e-13 4.30939e-13 1.96212e-13 8.3935e-14 3.37288e-14 1.27339e-14 4.51853e-15 1.50788e-15 4.73574e-16 1.40096e-16 3.90731e-17 1.02839e-17 2.55676e-18 6.01038e-19 1.33727e-19 2.81874e-20 5.63406e-21 1.06882e-21 1.925e-22 3.21694e-23 0
0 3.03291e-23 1.84929e-22 1.04745e-21 5.63406e-21 2.87687e-20 1.39325e-19 6.3933e-19 2.77699e-18 1.14059e-17 4.42523e-17 1.62007e-16 5.59066e-16 1.81668e-15 5.55328e-15 1.59545e-14 4.30457e-14 1.08998e-13 2.58921e-13 5.7692e-13 1.20603e-12 2.36686e-12 4.36558e-12 7.58024e-12 1.24179e-11 1.92447e-11 2.83044e-11 3.9647e-11 5.30915e-11 6.82342e-11 8.45004e-11 1.01225e-10 1.17743e-10 1.33467e-10 1.4794e-10 1.60865e-10 1.72098e-10 1.81631e-10 1.89558e-10 1.96039e-10 2.01268e-10 2.05444e-10 2.08756e-10 2.11369e-10 2.13418e-10 2.15012e-10 2.16229e-10 2.17127e-10 2.17745e-10 2.18106e-10 2.18226e-10 2.18106e-10 2.17745e-10 2.17127e-10 2.16229e-10 2.15012e-10 2.13418e-10 2.11369e-10 2.08756e-10 2.05444e-10 2.01268e-10 1.96039e-10 1.89558e-10 1.81631e-10 1.72098e-10 1.60865e-10 1.4794e-10 1.33467e-10 1.17743e-10 1.01225e-10 8.45004e-11 6.82342e-11 5.30915e-11 3.9647e-11 2.83044e-11 1.92447e-11 1.24179e-11 7.58024e-12 4.36558e-12 2.36686e-12 1.20603e-12 5.7692e-13 2.58921e-13 1.08998e-13 4.30457e-14 1.59545e-14 5.55328e-15 1.81668e-15 5.59066e-16 1.62007e-16 4.42523e-17 1.14059e-17 2.77699e-18 6.3933e-19 1.39325e-19 2.87687e-20 5.63395e-21 1.04671e-21 1.80068e-22 0
0 1.66338e-22 9.852e-22 5.40968e-21 2.81874e-20 1.39325e-19 6.52625e-19 2.89407e-18 1.21367e-17 4.80784e-17 1.7971e-16 6.33089e-16 2.09957e-15 6.54761e-15 1.91801e-14 5.27231e-14 1.3588e-13 3.28103e-13 7.41948e-13 1.57104e-12 3.11583e-12 5.7924e-12 1.01069e-11 1.65837e-11 2.56543e-11 3.75328e-11 5.21208e-11 6.89772e-11 8.7367e-11 1.06377e-10 1.25061e-10 1.4258e-10 1.58302e-10 1.71849e-10 1.83096e-10 1.92128e-10 1.99179e-10 2.04564e-10 2.08626e-10 2.11687e-10 2.14025e-10 2.1586e-10 2.1735e-10 2.186e-10 2.19671e-10 2.20593e-10 2.21369e-10 2.21993e-10 2.22453e-10 2.22735e-10 2.2283e-10 2.22735e-10 2.22453e-10 2.21993e-10 2.21369e-10 2.20593e-10 2.19671e-10 2.186e-10 2.1735e-10 2.1586e-10 2.14025e-10 2.11687e-10 2.08626e-10 2.04564e-10 1.99179e-10 1.92128e-10 1.83096e-10 1.71849e-10 1.58302e-10 1.4258e-10 1.25061e-10 1.06377e-10 8.7367e-11 6.89772e-11 5.21208e-11 3.75328e-11 2.56543e-11 1.65837e-11 1.01069e-11 5.7924e-12 3.11583e-12 1.57104e-12 7.41948e-13 3.28103e-13 1.3588e-13 5.27231e-14 1.91801e-14 6.54761e-15 2.09957e-15 6.33089e-16 1.7971e-16 4.80784e-17 1.21367e-17 2.89407e-18 6.52625e-19 1.39325e-19 2.81868e-20 5.40536e-21 9.57728e-22 0
0 8.66628e-22 4.98371e-21 2.65122e-20 1.33727e-19 6.3933e-19 2.89407e-18 1.23904e-17 5.0113e-17 1.9124e-16 6.87764e-16 2.32801e-15 7.40746e-15 2.21286e-14 6.199e-14 1.62663e-13 3.9942e-13 9.1709e-13 1.96796e-12 3.94629e-12 7.39735e-12 1.29739e-11 2.13233e-11 3.29168e-11 4.78701e-11 6.58254e-11 8.59514e-11 1.07072e-10 1.27887e-10 1.47205e-10 1.64133e-10 1.7818e-10 1.89249e-10 1.97576e-10 2.03608e-10 2.07891e-10 2.10969e-10 2.13312e-10 2.15282e-10 2.17125e-10 2.1898e-10 2.20898e-10 2.22869e-10 2.24843e-10 2.26751e-10 2.28517e-10 2.30069e-10 2.31342e-10 2.32288e-10 2.3287e-10 2.33067e-10 2.3287e-10 2.32288e-10 2.31342e-10 2.30069e-10 2.28517e-10 2.26751e-10 2.24843e-10 2.22869e-10 2.20898e-10 2.1898e-10 2.17125e-10 2.15282e-10 2.13312e-10 2.10969e-10 2.07891e-10 2.03608e-10 1.97576e-10 1.89249e-10 1.7818e-10 1.64133e-10 1.47205e-10 1.27887e-10 1.07072e-10 8.59514e-11 6.58254e-11 4.78701e-11 3.29168e-11 2.13233e-11 1.29739e-11 7.39735e-12 3.94629e-12 1.96796e-12 9.1709e-13 3.9942e-13 1.62663e-13 6.199e-14 2.21286e-14 7.40746e-15 2.32801e-15 6.87764e-16 1.9124e-16 5.0113e-17 1.23904e-17 2.89407e-18 6.39329e-19 1.33723e-19 2.64883e-20 4.83613e-21 0
0 4.28585e-21 2.39182e-20 1.23189e-19 6.01038e-19 2.77699e-18 1.21367e-17 5.0113e-17 1.95245e-16 7.16834e-16 2.47673e-15 8.04199e-15 2.45056e-14 6.99813e-14 1.8704e-13 4.6728e-13 1.09001e-12 2.37196e-12 4.81244e-12 9.10212e-12 1.60554e-11 2.64413e-11 4.07334e-11 5.88618e-11 8.008e-11 1.03033e-10 1.26022e-10 1.47378e-10 1.65806e-10 1.80594e-10 1.91654e-10 1.99415e-10 2.04625e-10 2.08149e-10 2.1079e-10 2.13186e-10 2.15763e-10 2.18739e-10 2.22166e-10 2.25976e-10 2.30032e-10 2.3417e-10 2.38228e-10 2.42061e-10 2.45552e-10 2.48612e-10 2.51178e-10 2.53205e-10 2.54668e-10 2.55552e-10 2.55847e-10 2.55552e-10 2.54668e-10 2.53205e-10 2.51178e-10 2.48612e-10 2.45552e-10 2.42061e-10 2.38228e-10 2.3417e-10 2.30032e-10 2.25976e-10 2.22166e-10 2.18739e-10 2.15763e-10 2.13186e-10 2.1079e-10 2.08149e-10 2.04625e-10 1.99415e-10 1.91654e-10 1.80594e-10 1.65806e-10 1.47378e-10 1.26022e-10 1.03033e-10 8.008e-11 5.88618e-11 4.07334e-11 2.64413e-11 1.60554e-11 9.10212e-12 4.81244e-12 2.37196e-12 1.09001e-12 4.6728e-13 1.8704e-13 6.99813e-14 2.45056e-14 8.04199e-15 2.47673e-15 7.16834e-16 1.95245e-16 5.0113e-17 1.21367e-17 2.77699e-18 6.01018e-19 1.23064e-19 2.31652e-20 0
0 2.01024e-20 1.08813e-19 5.42202e-19 2.55676e-18 1.14059e-17 4.80784e-17 1.9124e-16 7.16834e-16 2.52838e-15 8.37917e-15 2.60513e-14 7.58668e-14 2.06627e-13 5.25505e-13 1.24622e-12 2.75226e-12 5.65473e-12 1.08013e-11 1.91787e-11 3.16721e-11 4.87144e-11 6.99542e-11 9.41226e-11 1.19223e-10 1.43007e-10 1.63556e-10 1.79722e-10 1.91298e-10 1.989e-10 2.03657e-10 2.06851e-10 2.09626e-10 2.12801e-10 2.16823e-10 2.21803e-10 2.27609e-10 2.33972e-10 2.40572e-10 2.47107e-10 2.5333e-10 2.59063e-10 2.64193e-10 2.68664e-10 2.72463e-10 2.75601e-10 2.78107e-10 2.80012e-10 2.81348e-10 2.82139e-10 2.82401e-10 2.82139e-10 2.81348e-10 2.80012e-10 2.78107e-10 2.75601e-10 2.72463e-10 2.68664e-10 2.64193e-10 2.59063e-10 2.5333e-10 2.47107e-10 2.40572e-10 2.33972e-10 2.27609e-10 2.21803e-10 2.16823e-10 2.12801e-10 2.09626e-10 2.06851e-10 2.03657e-10 1.989e-10 1.91298e-10 1.79722e-10 1.63556e-10 1.43007e-10 1.19223e-10 9.41226e-11 6.99542e-11 4.87144e-11 3.16721e-11 1.91787e-11 1.08013e-11 5.65473e-12 2.75226e-12 1.24622e-12 5.25505e-13 2.06627e-13 7.58668e-14 2.60513e-14 8.37917e-15 2.52838e-15 7.16834e-16 1.9124e-16 4.80784e-17 1.14059e-17 2.55665e-18 5.41574e-19 1.05167e-19 0
0 8.93511e-20 4.68847e-19 2.25846e-18 1.02839e-17 4.42523e-17 1.7971e-16 6.87764e-16 2.47673e-15 8.37917e-15 2.65878e-14 7.89905e-14 2.19337e-13 5.68229e-13 1.37103e-12 3.07577e-12 6.40615e-12 1.23723e-11 2.21401e-11 3.67055e-11 5.64209e-11 8.05641e-11 1.07224e-10 1.33677e-10 1.57168e-10 1.75739e-10 1.88742e-10 1.96832e-10 2.01547e-10 2.04721e-10 2.07953e-10 2.12295e-10 2.18177e-10 2.25505e-10 2.33855e-10 2.42666e-10 2.51396e-10 2.59613e-10 2.67033e-10 2.73515e-10 2.79031e-10 2.8363e-10 2.87404e-10 2.90463e-10 2.92911e-10 2.94843e-10 2.96334e-10 2.97441e-10 2.98206e-10 2.98655e-10 2.98803e-10 2.98655e-10 2.98206e-10 2.97441e-10 2.96334e-10 2.94843e-10 2.92911e-10 2.90463e-10 2.87404e-10 2.8363e-10 2.79031e-10 2.73515e-10 2.67033e-10 2.59613e-10 2.51396e-10 2.42666e-10 2.33855e-10 2.25505e-10 2.18177e-10 2.12295e-10 2.07953e-10 2.04721e-10 2.01547e-10 1.96832e-10 1.88742e-10 1.75739e-10 1.57168e-10 1.33677e-10 1.07224e-10 8.05641e-11 5.64209e-11 3.67055e-11 2.21401e-11 1.23723e-11 6.40615e-12 3.07577e-12 1.37103e-12 5.68229e-13 2.19337e-13 7.89905e-14 2.65878e-14 8.37917e-15 2.47673e-15 6.87764e-16 1.7971e-16 4.42522e-17 1.02834e-17 2.25548e-18 4.52105e-19 0
0 3.76037e-19 1.91163e-18 8.89461e-18 3.9073e-17 1.62007e-16 6.33089e-16 2.32801e-15 8.04199e-15 2.60513e-14 7.89905e-14 2.23743e-13 5.90855e-13 1.4517e-12 3.31166e-12 7.00065e-12 1.36893e-11 2.47261e-11 4.12178e-11 6.34121e-11 9.01503e-11 1.18788e-10 1.4583e-10 1.68113e-10 1.83934e-10 1.93527e-10 1.98711e-10 2.01991e-10 2.05643e-10 2.11102e-10 2.18804e-10 2.28374e-10 2.3898e-10 2.49691e-10 2.59725e-10 2.68577e-10 2.76027e-10 2.82085e-10 2.86911e-10 2.90732e-10 2.93783e-10 2.9627e-10 2.98347e-10 3.00121e-10 3.01653e-10 3.02969e-10 3.04072e-10 3.04954e-10 3.05599e-10 3.05992e-10 3.06125e-10 3.05992e-10 3.05599e-10 3.04954e-10 3.04072e-10 3.02969e-10 3.01653e-10 3.00121e-10 2.98347e-10 2.9627e-10 2.93783e-10 2.90732e-10 2.86911e-10 2.82085e-10 2.76027e-10 2.68577e-10 2.59725e-10 2.49691e-10 2.3898e-10 2.28374e-10 2.18804e-10 2.11102e-10 2.05643e-10 2.01991e-10 1.98711e-10 1.93527e-10 1.83934e-10 1.68113e-10 1.4583e-10 1.18788e-10 9.01503e-11 6.34121e-11 4.12178e-11 2.47261e-11 1.36893e-11 7.00065e-12 3.31166e-12 1.4517e-12 5.90855e-13 2.23743e-13 7.89905e-14 2.60513e-14 8.04199e-15 2.32801e-15 6.33089e-16 1.62006e-16 3.90707e-17 8.88123e-18 1.8388e-18 0
0 1.49718e-18 7.36928e-18 3.30908e-17 1.40096e-16 5.59066e-16 2.09957e-15 7.40746e-15 2.45056e-14 7.58668e-14 2.19337e-13 5.90855e-13 1.4796e-12 3.4361e-12 7.38239e-12 1.46395e-11 2.67383e-11 4.4906e-11 6.92886e-11 9.82658e-11 1.28409e-10 1.55444e-10 1.75927e-10 1.88716e-10 1.95289e-10 1.98791e-10 2.02497e-10 2.08587e-10 2.17698e-10 2.29163e-10 2.41634e-10 2.5371e-10 2.64364e-10 2.73096e-10 2.7989e-10 2.85049e-10 2.89024e-10 2.92264e-10 2.95135e-10 2.97881e-10 3.00628e-10 3.03406e-10 3.0618e-10 3.08878e-10 3.11417e-10 3.1371e-10 3.15684e-10 3.17279e-10 3.18449e-10 3.19163e-10 3.19403e-10 3.19163e-10 3.18449e-10 3.17279e-10 3.15684e-10 3.1371e-10 3.11417e-10 3.08878e-10 3.0618e-10 3.03406e-10 3.00628e-10 2.97881e-10 2.95135e-10 2.92264e-10 2.89024e-10 2.85049e-10 2.7989e-10 2.73096e-10 2.64364e-10 2.5371e-10 2.41634e-10 2.29163e-10 2.17698e-10 2.08587e-10 2.02497e-10 1.98791e-10 1.95289e-10 1.88716e-10 1.75927e-10 1.55444e-10 1.28409e-10 9.82658e-11 6.92886e-11 4.4906e-11 2.67383e-11 1.46395e-11 7.38239e-12 3.4361e-12 1.4796e-12 5.90855e-13 2.19337e-13 7.58668e-14 2.45056e-14 7.40746e-15 2.09957e-15 5.59064e-16 1.40085e-16 3.30339e-17 7.06927e-18 0
0 5.63478e-18 2.68366e-17 1.1619e-16 4.73571e-16 1.81668e-15 6.54761e-15 2.21286e-14 6.99813e-14 2.06627e-13 5.68229e-13 1.4517e-12 3.4361e-12 7.51402e-12 1.51374e-11 2.80157e-11 4.75166e-11 7.37234e-11 1.04583e-10 1.35882e-10 1.62576e-10 1.81053e-10 1.90985e-10 1.95363e-10 1.98659e-10 2.04483e-10 2.1422e-10 2.27106e-10 2.41184e-10 2.54414e-10 2.65443e-10 2.73834e-10 2.79907e-10 2.84397e-10 2.88114e-10 2.91715e-10 2.95608e-10 2.99948e-10 3.04698e-10 3.09707e-10 3.14777e-10 3.1971e-10 3.24342e-10 3.28551e-10 3.32253e-10 3.35402e-10 3.37977e-10 3.39972e-10 3.4139e-10 3.42237e-10 3.42519e-10 3.42237e-10 3.4139e-10 3.39972e-10 3.37977e-10 3.35402e-10 3.32253e-10 3.28551e-10 3.24342e-10 3.1971e-10 3.14777e-10 3.09707e-10 3.04698e-10 2.99948e-10 2.95608e-10 2.91715e-10 2.88114e-10 2.84397e-10 2.79907e-10 2.73834e-10 2.65443e-10 2.54414e-10 2.41184e-10 2.27106e-10 2.1422e-10 2.04483e-10 1.98659e-10 1.95363e-10 1.90985e-10 1.81053e-10 1.62576e-10 1.35882e-10 1.04583e-10 7.37234e-11 4.75166e-11 2.80157e-11 1.51374e-11 7.51402e-12 3.4361e-12 1.4517e-12 5.68229e-13 2.06627e-13 6.99813e-14 2.21286e-14 6.54761e-15 1.81667e-15 4.73529e-16 1.1596e-16 2.56675e-17 0
0 2.00306e-17 9.22483e-17 3.84712e-16 1.50787e-15 5.55327e-15 1.91801e-14 6.199e-14 1.8704e-13 5.25505e-13 1.37103e-12 3.31166e-12 7.38239e-12 1.51374e-11 2.84535e-11 4.88688e-11 7.64791e-11 1.08889e-10 1.4116e-10 1.67483e-10 1.84119e-10 1.9169e-10 1.94837e-10 1.99232e-10 2.08268e-10 2.21822e-10 2.37374e-10 2.51963e-10 2.63625e-10 2.71904e-10 2.77559e-10 2.81878e-10 2.86077e-10 2.90958e-10 2.96814e-10 3.03536e-10 3.10781e-10 3.18135e-10 3.25226e-10 3.31781e-10 3.37637e-10 3.42731e-10 3.47067e-10 3.50691e-10 3.53669e-10 3.56069e-10 3.57952e-10 3.59368e-10 3.60354e-10 3.60936e-10 3.61128e-10 3.60936e-10 3.60354e-10 3.59368e-10 3.57952e-10 3.56069e-10 3.53669e-10 3.50691e-10 3.47067e-10 3.42731e-10 3.37637e-10 3.31781e-10 3.25226e-10 3.18135e-10 3.10781e-10 3.03536e-10 2.96814e-10 2.90958e-10 2.86077e-10 2.81878e-10 2.77559e-10 2.71904e-10 2.63625e-10 2.51963e-10 2.37374e-10 2.21822e-10 2.08268e-10 1.99232e-10 1.94837e-10 1.9169e-10 1.84119e-10 1.67483e-10 1.4116e-10 1.08889e-10 7.64791e-11 4.88688e-11 2.84535e-11 1.51374e-11 7.38239e-12 3.31166e-12 1.37103e-12 5.25505e-13 1.8704e-13 6.199e-14 1.91801e-14 5.55324e-15 1.5077e-15 3.83837e-16 8.79419e-17 0
0 6.72054e-17 2.99085e-16 1.20025e-15 4.51849e-15 1.59544e-14 5.27231e-14 1.62663e-13 4.6728e-13 1.24622e-12 3.07577e-12 7.00065e-12 1.46395e-11 2.80157e-11 4.88688e-11 7.74134e-11 1.11067e-10 1.44284e-10 1.70501e-10 1.85771e-10 1.91624e-10 1.94357e-10 2.00682e-10 2.13271e-10 2.29937e-10 2.46396e-10 2.59433e-10 2.68194e-10 2.73815e-10 2.78302e-10 2.83394e-10 2.89972e-10 2.98068e-10 3.07134e-10 3.16414e-10 3.25237e-10 3.3315e-10 3.39949e-10 3.45634e-10 3.50325e-10 3.54198e-10 3.57429e-10 3.60163e-10 3.62505e-10 3.6452e-10 3.66238e-10 3.67665e-10 3.68796e-10 3.69617e-10 3.70116e-10 3.70283e-10 3.70116e-10 3.69617e-10 3.68796e-10 3.67665e-10 3.66238e-10 3.6452e-10 3.62505e-10 3.60163e-10 3.57429e-10 3.54198e-10 3.50325e-10 3.45634e-10 3.39949e-10 3.3315e-10 3.25237e-10 3.16414e-10 3.07134e-10 2.98068e-10 2.89972e-10 2.83394e-10 2.78302e-10 2.73815e-10 2.68194e-10 2.59433e-10 2.46396e-10 2.29937e-10 2.13271e-10 2.00682e-10 1.94357e-10 1.91624e-10 1.85771e-10 1.70501e-10 1.44284e-10 1.11067e-10 7.74134e-11 4.88688e-11 2.80157e-11 1.46395e-11 7.00065e-12 3.07577e-12 1.24622e-12 4.6728e-13 1.62663e-13 5.27231e-14 1.59543e-14 4.51786e-15 1.1971e-15 2.841e-16 0
0 2.12675e-16 9.14003e-16 3.52594e-15 1.27337e-14 4.30457e-14 1.3588e-13 3.9942e-13 1.09001e-12 2.75226e-12 6.40615e-12 1.36893e-11 2.67383e-11 4.75166e-11 7.64791e-11 1.11067e-10 1.45317e-10 1.71925e-10 1.86536e-10 1.91332e-10 1.94137e-10 2.02623e-10 2.18479e-10 2.37155e-10 2.5286e-10 2.63117e-10 2.69163e-10 2.73849e-10 2.79706e-10 2.8787e-10 2.97982e-10 3.08908e-10 3.19447e-10 3.28729e-10 3.36415e-10 3.42587e-10 3.47562e-10 3.51747e-10 3.55488e-10 3.59029e-10 3.625e-10 3.65927e-10 3.69278e-10 3.72476e-10 3.75439e-10 3.78082e-10 3.80335e-10 3.82141e-10 3.83458e-10 3.84259e-10 3.84528e-10 3.84259e-10 3.83458e-10 3.82141e-10 3.80335e-10 3.78082e-10 3.75439e-10 3.72476e-10 3.69278e-10 3.65927e-10 3.625e-10 3.59029e-10 3.55488e-10 3.51747e-10 3.47562e-10 3.42587e-10 3.36415e-10 3.28729e-10 3.19447e-10 3.08908e-10 2.97982e-10 2.8787e-10 2.79706e-10 2.73849e-10 2.69163e-10 2.63117e-10 2.5286e-10 2.37155e-10 2.18479e-10 2.02623e-10 1.94137e-10 1.91332e-10 1.86536e-10 1.71925e-10 1.45317e-10 1.11067e-10 7.64791e-11 4.75166e-11 2.67383e-11 1.36893e-11 6.40615e-12 2.75226e-12 1.09001e-12 3.9942e-13 1.3588e-13 4.30453e-14 1.27315e-14 3.51519e-15 8.64777e-16 0
0 6.34437e-16 2.63134e-15 9.74766e-15 3.37282e-14 1.08998e-13 3.28103e-13 9.1709e-13 2.37196e-12 5.65473e-12 1.23723e-11 2.47261e-11 4.4906e-11 7.37234e-11 1.08889e-10 1.44284e-10 1.71925e-10 1.86752e-10 1.91121e-10 1.94108e-10 2.0442e-10 2.22896e-10 2.42614e-10 2.56566e-10 2.63887e-10 2.68569e-10 2.74638e-10 2.83779e-10 2.95483e-10 3.07893e-10 3.19159e-10 3.28383e-10 3.35507e-10 3.4107e-10 3.45862e-10 3.50503e-10 3.55396e-10 3.60679e-10 3.66266e-10 3.72e-10 3.7765e-10 3.83034e-10 3.87996e-10 3.92431e-10 3.96287e-10 3.99529e-10 4.02164e-10 4.04189e-10 4.05628e-10 4.06481e-10 4.06768e-10 4.06481e-10 4.05628e-10 4.04189e-10 4.02164e-10 3.99529e-10 3.96287e-10 3.92431e-10 3.87996e-10 3.83034e-10 3.7765e-10 3.72e-10 3.66266e-10 3.60679e-10 3.55396e-10 3.50503e-10 3.45862e-10 3.4107e-10 3.35507e-10 3.28383e-10 3.19159e-10 3.07893e-10 2.95483e-10 2.83779e-10 2.74638e-10 2.68569e-10 2.63887e-10 2.56566e-10 2.42614e-10 2.22896e-10 2.0442e-10 1.94108e-10 1.91121e-10 1.86752e-10 1.71925e-10 1.44284e-10 1.08889e-10 7.37234e-11 4.4906e-11 2.47261e-11 1.23723e-11 5.65473e-12 2.37196e-12 9.1709e-13 3.28103e-13 1.08996e-13 3.37208e-14 9.71311e-15 2.47877e-15 0
0 1.78332e-15 7.13366e-15 2.53501e-14 8.39331e-14 2.5892e-13 7.41948e-13 1.96796e-12 4.81244e-12 1.08013e-11 2.21401e-11 4.12178e-11 6.92886e-11 1.04583e-10 1.4116e-10 1.70501e-10 1.86536e-10 1.91121e-10 1.94121e-10 2.05489e-10 2.25804e-10 2.46084e-10 2.58161e-10 2.63155e-10 2.68094e-10 2.77308e-10 2.90077e-10 3.03759e-10 3.15876e-10 3.25074e-10 3.31791e-10 3.37303e-10 3.42707e-10 3.48829e-10 3.5587e-10 3.63562e-10 3.71548e-10 3.79341e-10 3.8662e-10 3.93181e-10 3.98914e-10 4.0386e-10 4.08039e-10 4.11562e-10 4.14479e-10 4.16873e-10 4.18782e-10 4.20243e-10 4.21276e-10 4.21891e-10 4.22097e-10 4.21891e-10 4.21276e-10 4.20243e-10 4.18782e-10 4.16873e-10 4.14479e-10 4.11562e-10 4.08039e-10 4.0386e-10 3.98914e-10 3.93181e-10 3.8662e-10 3.79341e-10 3.71548e-10 3.63562e-10 3.5587e-10 3.48829e-10 3.42707e-10 3.37303e-10 3.31791e-10 3.25074e-10 3.15876e-10 3.03759e-10 2.90077e-10 2.77308e-10 2.68094e-10 2.63155e-10 2.58161e-10 2.46084e-10 2.25804e-10 2.05489e-10 1.94121e-10 1.91121e-10 1.86536e-10 1.70501e-10 1.4116e-10 1.04583e-10 6.92886e-11 4.12178e-11 2.21401e-11 1.08013e-11 4.81244e-12 1.96796e-12 7.41948e-13 2.58916e-13 8.39098e-14 2.52452e-14 6.68763e-15 0
0 4.72201e-15 1.82081e-14 6.20068e-14 1.96206e-13 5.76919e-13 1.57104e-12 3.94629e-12 9.10212e-12 1.91787e-11 3.67055e-11 6.34121e-11 9.82658e-11 1.35882e-10 1.67483e-10 1.85771e-10 1.91332e-10 1.94108e-10 2.05489e-10 2.26813e-10 2.47722e-10 2.586e-10 2.62123e-10 2.68339e-10 2.81306e-10 2.96706e-10 3.09906e-10 3.19673e-10 3.26487e-10 3.32144e-10 3.38725e-10 3.46768e-10 3.55999e-10 3.65847e-10 3.75327e-10 3.8395e-10 3.91462e-10 3.97778e-10 4.03173e-10 4.07765e-10 4.11826e-10 4.1548e-10 4.18804e-10 4.21869e-10 4.24612e-10 4.27066e-10 4.29119e-10 4.30799e-10 4.32e-10 4.32756e-10 4.32991e-10 4.32756e-10 4.32e-10 4.30799e-10 4.29119e-10 4.27066e-10 4.24612e-10 4.21869e-10 4.18804e-10 4.1548e-10 4.11826e-10 4.07765e-10 4.03173e-10 3.97778e-10 3.91462e-10 3.8395e-10 3.75327e-10 3.65847e-10 3.55999e-10 3.46768e-10 3.38725e-10 3.32144e-10 3.26487e-10 3.19673e-10 3.09906e-10 2.96706e-10 2.81306e-10 2.68339e-10 2.62123e-10 2.586e-10 2.47722e-10 2.26813e-10 2.05489e-10 1.94108e-10 1.91332e-10 1.85771e-10 1.67483e-10 1.35882e-10 9.82658e-11 6.34121e-11 3.67055e-11 1.91787e-11 9.10212e-12 3.94629e-12 1.57104e-12 5.76904e-13 1.96137e-13 6.17064e-14 1.69787e-14 0
0 1.17777e-14 4.3757e-14 1.42667e-13 4.3092e-13 1.20603e-12 3.11583e-12 7.39735e-12 1.60554e-11 3.16721e-11 5.64209e-11 9.01503e-11 1.28409e-10 1.62576e-10 1.84119e-10 1.91624e-10 1.94137e-10 2.0442e-10 2.25804e-10 2.47722e-10 2.58651e-10 2.61479e-10 2.68943e-10 2.85179e-10 3.01918e-10 3.12771e-10 3.19743e-10 3.26108e-10 3.33448e-10 3.43139e-10 3.54458e-10 3.65486e-10 3.75566e-10 3.84075e-10 3.90944e-10 3.96906e-10 4.02167e-10 4.07267e-10 4.1242e-10 4.17566e-10 4.2283e-10 4.27895e-10 4.32798e-10 4.37283e-10 4.41327e-10 4.44823e-10 4.47711e-10 4.50003e-10 4.51616e-10 4.5262e-10 4.52924e-10 4.5262e-10 4.51616e-10 4.50003e-10 4.47711e-10 4.44823e-10 4.41327e-10 4.37283e-10 4.32798e-10 4.27895e-10 4.2283e-10 4.17566e-10 4.1242e-10 4.07267e-10 4.02167e-10 3.96906e-10 3.90944e-10 3.84075e-10 3.75566e-10 3.65486e-10 3.54458e-10 3.43139e-10 3.33448e-10 3.26108e-10 3.19743e-10 3.12771e-10 3.01918e-10 2.85179e-10 2.68943e-10 2.61479e-10 2.58651e-10 2.47722e-10 2.25804e-10 2.0442e-10 1.94137e-10 1.91624e-10 1.84119e-10 1.62576e-10 1.28409e-10 9.01503e-11 5.64209e-11 3.16721e-11 1.60554e-11 7.39734e-12 3.11582e-12 1.20598e-12 4.30727e-13 1.41855e-13 4.05624e-14 0
0 2.7677e-14 9.90381e-14 3.08899e-13 8.89649e-13 2.36684e-12 5.7924e-12 1.29739e-11 2.64413e-11 4.87144e-11 8.05641e-11 1.18788e-10 1.55444e-10 1.81053e-10 1.9169e-10 1.94357e-10 2.02623e-10 2.22896e-10 2.46084e-10 2.586e-10 2.61479e-10 2.69247e-10 2.87517e-10 3.04977e-10 3.13143e-10 3.18096e-10 3.26576e-10 3.3755e-10 3.49712e-10 3.62159e-10 3.72246e-10 3.80095e-10 3.86981e-10 3.92986e-10 3.99386e-10 4.06395e-10 4.13662e-10 4.21439e-10 4.28922e-10 4.36156e-10 4.42813e-10 4.48708e-10 4.5401e-10 4.5842e-10 4.62308e-10 4.65373e-10 4.67968e-10 4.6984e-10 4.71261e-10 4.72027e-10 4.72344e-10 4.72027e-10 4.71261e-10 4.6984e-10 4.67968e-10 4.65373e-10 4.62308e-10 4.5842e-10 4.5401e-10 4.48708e-10 4.42813e-10 4.36156e-10 4.28922e-10 4.21439e-10 4.13662e-10 4.06395e-10 3.99386e-10 3.92986e-10 3.86981e-10 3.80095e-10 3.72246e-10 3.62159e-10 3.49712e-10 3.3755e-10 3.26576e-10 3.18096e-10 3.13143e-10 3.04977e-10 2.87517e-10 2.69247e-10 2.61479e-10 2.586e-10 2.46084e-10 2.22896e-10 2.02623e-10 1.94357e-10 1.9169e-10 1.81053e-10 1.55444e-10 1.18788e-10 8.05641e-11 4.87144e-11 2.64413e-11 1.29739e-11 5.79237e-12 2.36672e-12 8.89136e-13 3.06829e-13 9.12105e-14 0
0 6.13084e-14 2.11257e-13 6.29893e-13 1.72818e-12 4.36554e-12 1.01068e-11 2.13233e-11 4.07334e-11 6.99542e-11 1.07224e-10 1.4583e-10 1.75927e-10 1.90985e-10 1.94837e-10 2.00682e-10 2.18479e-10 2.42614e-10 2.58161e-10 2.62123e-10 2.68943e-10 2.87517e-10 3.05949e-10 3.12704e-10 3.1655e-10 3.28354e-10 3.43249e-10 3.55279e-10 3.65886e-10 3.74258e-10 3.80467e-10 3.87976e-10 3.96334e-10 4.05237e-10 4.15249e-10 4.24507e-10 4.3333e-10 4.41307e-10 4.47985e-10 4.54189e-10 4.59231e-10 4.63973e-10 4.68007e-10 4.71663e-10 4.7493e-10 4.77648e-10 4.80096e-10 4.81843e-10 4.83328e-10 4.8402e-10 4.84431e-10 4.8402e-10 4.83328e-10 4.81843e-10 4.80096e-10 4.77648e-10 4.7493e-10 4.71663e-10 4.68007e-10 4.63973e-10 4.59231e-10 4.54189e-10 4.47985e-10 4.41307e-10 4.3333e-10 4.24507e-10 4.15249e-10 4.05237e-10 3.96334e-10 3.87976e-10 3.80467e-10 3.74258e-10 3.65886e-10 3.55279e-10 3.43249e-10 3.28354e-10 3.1655e-10 3.12704e-10 3.05949e-10 2.87517e-10 2.68943e-10 2.62123e-10 2.58161e-10 2.42614e-10 2.18479e-10 2.00682e-10 1.94837e-10 1.90985e-10 1.75927e-10 1.4583e-10 1.07224e-10 6.99542e-11 4.07334e-11 2.13233e-11 1.01068e-11 4.36523e-12 1.7269e-12 6.24911e-13 1.93164e-13 0
0 1.28123e-13 4.25124e-13 1.21116e-12 3.16317e-12 7.58016e-12 1.65837e-11 3.29168e-11 5.88618e-11 9.41226e-11 1.33677e-10 1.68113e-10 1.88716e-10 1.95363e-10 1.99232e-10 2.13271e-10 2.37155e-10 2.56566e-10 2.63155e-10 2.68339e-10 2.85179e-10 3.04977e-10 3.12704e-10 3.15971e-10 3.29997e-10 3.47999e-10 3.57988e-10 3.65109e-10 3.73868e-10 3.81599e-10 3.91451e-10 4.03478e-10 4.13831e-10 4.24139e-10 4.33109e-10 4.40146e-10 4.47261e-10 4.53006e-10 4.58981e-10 4.64782e-10 4.70208e-10 4.76009e-10 4.80923e-10 4.86114e-10 4.90238e-10 4.94304e-10 4.97336e-10 5.00007e-10 5.01736e-10 5.02919e-10 5.03221e-10 5.02919e-10 5.01736e-10 5.00007e-10 4.97336e-10 4.94304e-10 4.90238e-10 4.86114e-10 4.80923e-10 4.76009e-10 4.70208e-10 4.64782e-10 4.58981e-10 4.53006e-10 4.47261e-10 4.40146e-10 4.33109e-10 4.24139e-10 4.13831e-10 4.03478e-10 3.91451e-10 3.81599e-10 3.73868e-10 3.65109e-10 3.57988e-10 3.47999e-10 3.29997e-10 3.15971e-10 3.12704e-10 3.04977e-10 2.85179e-10 2.68339e-10 2.63155e-10 2.56566e-10 2.37155e-10 2.13271e-10 1.99232e-10 1.95363e-10 1.88716e-10 1.68113e-10 1.33677e-10 9.41226e-11 5.88618e-11 3.29168e-11 1.65835e-11 7.5794e-12 3.16014e-12 1.19983e-12 3.85646e-13 0
0 2.52907e-13 8.08212e-13 2.19953e-12 5.46568e-12 1.24177e-11 2.56543e-11 4.78701e-11 8.008e-11 1.19223e-10 1.57168e-10 1.83934e-10 1.95289e-10 1.98659e-10 2.08268e-10 2.29937e-10 2.5286e-10 2.63887e-10 2.68094e-10 2.81306e-10 3.01918e-10 3.13143e-10 3.1655e-10 3.29997e-10 3.4981e-10 3.58584e-10 3.62498e-10 3.7392e-10 3.86125e-10 3.96865e-10 4.10004e-10 4.1978e-10 4.27325e-10 4.35854e-10 4.4226e-10 4.49982e-10 4.5813e-10 4.65647e-10 4.74483e-10 4.81749e-10 4.89545e-10 4.96116e-10 5.02109e-10 5.07593e-10 5.11786e-10 5.1598e-10 5.18596e-10 5.21437e-10 5.22641e-10 5.24127e-10 5.23983e-10 5.24127e-10 5.22641e-10 5.21437e-10 5.18596e-10 5.1598e-10 5.11786e-10 5.07593e-10 5.02109e-10 4.96116e-10 4.89545e-10 4.81749e-10 4.74483e-10 4.65647e-10 4.5813e-10 4.49982e-10 4.4226e-10 4.35854e-10 4.27325e-10 4.1978e-10 4.10004e-10 3.96865e-10 3.86125e-10 3.7392e-10 3.62498e-10 3.58584e-10 3.4981e-10 3.29997e-10 3.1655e-10 3.13143e-10 3.01918e-10 2.81306e-10 2.68094e-10 2.63887e-10 2.5286e-10 2.29937e-10 2.08268e-10 1.98659e-10 1.95289e-10 1.83934e-10 1.57168e-10 1.19223e-10 8.008e-11 4.787e-11 2.56539e-11 1.24159e-11 5.4589e-12 2.17519e-12 7.26813e-13 0
0 4.72281e-13 1.45419e-12 3.78055e-12 8.93679e-12 1.92442e-11 3.75327e-11 6.58254e-11 1.03033e-10 1.43007e-10 1.75739e-10 1.93527e-10 1.98791e-10 2.04483e-10 2.21822e-10 2.46396e-10 2.63117e-10 2.68569e-10 2.77308e-10 2.96706e-10 3.12771e-10 3.18096e-10 3.28354e-10 3.47999e-10 3.58584e-10 3.61194e-10 3.74601e-10 3.91817e-10 4.00985e-10 4.11164e-10 4.2124e-10 4.27181e-10 4.37049e-10 4.4698e-10 4.56067e-10 4.67654e-10 4.76353e-10 4.85711e-10 4.93868e-10 5.00383e-10 5.07564e-10 5.12308e-10 5.18221e-10 5.22055e-10 5.26582e-10 5.29715e-10 5.3281e-10 5.35064e-10 5.36709e-10 5.37823e-10 5.3804e-10 5.37823e-10 5.36709e-10 5.35064e-10 5.3281e-10 5.29715e-10 5.26582e-10 5.22055e-10 5.18221e-10 5.12308e-10 5.07564e-10 5.00383e-10 4.93868e-10 4.85711e-10 4.76353e-10 4.67654e-10 4.56067e-10 4.4698e-10 4.37049e-10 4.27181e-10 4.2124e-10 4.11164e-10 4.00985e-10 3.91817e-10 3.74601e-10 3.61194e-10 3.58584e-10 3.47999e-10 3.28354e-10 3.18096e-10 3.12771e-10 2.96706e-10 2.77308e-10 2.68569e-10 2.63117e-10 2.46396e-10 2.21822e-10 2.04483e-10 1.98791e-10 1.93527e-10 1.75739e-10 1.43007e-10 1.03033e-10 6.58251e-11 3.75318e-11 1.92403e-11 8.92244e-12 3.73105e-12 1.29537e-12 0
0 8.35957e-13 2.48169e-12 6.16523e-12 1.38659e-11 2.83033e-11 5.21206e-11 8.59513e-11 1.26022e-10 1.63556e-10 1.88742e-10 1.98711e-10 2.02497e-10 2.1422e-10 2.37374e-10 2.59433e-10 2.69163e-10 2.74638e-10 2.90077e-10 3.09906e-10 3.19743e-10 3.26576e-10 3.43249e-10 3.57988e-10 3.62498e-10 3.74601e-10 3.94397e-10 4.02597e-10 4.0811e-10 4.20978e-10 4.30025e-10 4.40581e-10 4.54824e-10 4.63822e-10 4.74563e-10 4.83791e-10 4.90374e-10 4.99331e-10 5.0505e-10 5.12876e-10 5.19356e-10 5.25718e-10 5.32572e-10 5.37455e-10 5.43702e-10 5.4712e-10 5.52023e-10 5.53926e-10 5.57137e-10 5.57422e-10 5.58859e-10 5.57422e-10 5.57137e-10 5.53926e-10 5.52023e-10 5.4712e-10 5.43702e-10 5.37455e-10 5.32572e-10 5.25718e-10 5.19356e-10 5.12876e-10 5.0505e-10 4.99331e-10 4.90374e-10 4.83791e-10 4.74563e-10 4.63822e-10 4.54824e-10 4.40581e-10 4.30025e-10 4.20978e-10 4.0811e-10 4.02597e-10 3.94397e-10 3.74601e-10 3.62498e-10 3.57988e-10 3.43249e-10 3.26576e-10 3.19743e-10 3.09906e-10 2.90077e-10 2.74638e-10 2.69163e-10 2.59433e-10 2.37374e-10 2.1422e-10 2.02497e-10 1.98711e-10 1.88742e-10 1.63556e-10 1.26022e-10 8.59508e-11 5.21185e-11 2.82952e-11 1.38372e-11 6.06981e-12 2.18795e-12 0
0 1.4057e-12 4.02708e-12 9.56605e-12 2.04793e-11 3.96447e-11 6.89766e-11 1.07072e-10 1.47378e-10 1.79722e-10 1.96832e-10 2.01991e-10 2.08587e-10 2.27106e-10 2.51963e-10 2.68194e-10 2.73849e-10 2.83779e-10 3.03759e-10 3.19673e-10 3.26108e-10 3.3755e-10 3.55279e-10 3.65109e-10 3.7392e-10 3.91817e-10 4.02597e-10 4.06126e-10 4.21037e-10 4.3621e-10 4.44763e-10 4.58506e-10 4.68036e-10 4.74847e-10 4.86022e-10 4.92951e-10 5.02991e-10 5.12806e-10 5.20959e-10 5.31596e-10 5.38386e-10 5.47551e-10 5.53431e-10 5.60214e-10 5.65242e-10 5.69658e-10 5.73645e-10 5.75973e-10 5.78668e-10 5.7915e-10 5.8034e-10 5.7915e-10 5.78668e-10 5.75973e-10 5.73645e-10 5.69658e-10 5.65242e-10 5.60214e-10 5.53431e-10 5.47551e-10 5.38386e-10 5.31596e-10 5.20959e-10 5.12806e-10 5.02991e-10 4.92951e-10 4.86022e-10 4.74847e-10 4.68036e-10 4.58506e-10 4.44763e-10 4.3621e-10 4.21037e-10 4.06126e-10 4.02597e-10 3.91817e-10 3.7392e-10 3.65109e-10 3.55279e-10 3.3755e-10 3.26108e-10 3.19673e-10 3.03759e-10 2.83779e-10 2.73849e-10 2.68194e-10 2.51963e-10 2.27106e-10 2.08587e-10 2.01991e-10 1.96832e-10 1.79722e-10 1.47378e-10 1.07071e-10 6.89723e-11 3.96287e-11 2.04245e-11 9.39136e-12 3.51104e-12 0
0 2.25127e-12 6.23089e-12 1.41657e-11 2.88904e-11 5.30868e-11 8.73659e-11 1.27887e-10 1.65806e-10 1.91298e-10 2.01547e-10 2.05643e-10 2.17698e-10 2.41184e-10 2.63625e-10 2.73815e-10 2.79706e-10 2.95483e-10 3.15876e-10 3.26487e-10 3.33448e-10 3.49712e-10 3.65886e-10 3.73868e-10 3.86125e-10 4.00985e-10 4.0811e-10 4.21037e-10 4.39561e-10 4.46965e-10 4.55666e-10 4.68754e-10 4.75705e-10 4.88156e-10 5.00588e-10 5.09812e-10 5.22993e-10 5.3112e-10 5.41063e-10 5.49313e-10 5.56052e-10 5.64167e-10 5.6898e-10 5.76263e-10 5.79906e-10 5.85772e-10 5.88332e-10 5.92436e-10 5.93667e-10 5.95887e-10 5.95495e-10 5.95887e-10 5.93667e-10 5.92436e-10 5.88332e-10 5.85772e-10 5.79906e-10 5.76263e-10 5.6898e-10 5.64167e-10 5.56052e-10 5.49313e-10 5.41063e-10 5.3112e-10 5.22993e-10 5.09812e-10 5.00588e-10 4.88156e-10 4.75705e-10 4.68754e-10 4.55666e-10 4.46965e-10 4.39561e-10 4.21037e-10 4.0811e-10 4.00985e-10 3.86125e-10 3.73868e-10 3.65886e-10 3.49712e-10 3.33448e-10 3.26487e-10 3.15876e-10 2.95483e-10 2.79706e-10 2.73815e-10 2.63625e-10 2.41184e-10 2.17698e-10 2.05643e-10 2.01547e-10 1.91298e-10 1.65805e-10 1.27885e-10 8.73574e-11 5.30567e-11 2.87912e-11 1.38613e-11 5.36779e-12 0
0 3.44341e-12 9.21959e-12 2.0085e-11 3.90671e-11 6.82251e-11 1.06375e-10 1.47204e-10 1.80594e-10 1.989e-10 2.04721e-10 2.11102e-10 2.29163e-10 2.54414e-10 2.71904e-10 2.78302e-10 2.8787e-10 3.07893e-10 3.25074e-10 3.32144e-10 3.43139e-10 3.62159e-10 3.74258e-10 3.81599e-10 3.96865e-10 4.11164e-10 4.20978e-10 4.3621e-10 4.46965e-10 4.53082e-10 4.68732e-10 4.8171e-10 4.9175e-10 5.07049e-10 5.15799e-10 5.25813e-10 5.36477e-10 5.43386e-10 5.54313e-10 5.61574e-10 5.71065e-10 5.79151e-10 5.86693e-10 5.94553e-10 6.00111e-10 6.06733e-10 6.103e-10 6.15102e-10 6.16623e-10 6.19354e-10 6.18763e-10 6.19354e-10 6.16623e-10 6.15102e-10 6.103e-10 6.06733e-10 6.00111e-10 5.94553e-10 5.86693e-10 5.79151e-10 5.71065e-10 5.61574e-10 5.54313e-10 5.43386e-10 5.36477e-10 5.25813e-10 5.15799e-10 5.07049e-10 4.9175e-10 4.8171e-10 4.68732e-10 4.53082e-10 4.46965e-10 4.3621e-10 4.20978e-10 4.11164e-10 3.96865e-10 3.81599e-10 3.74258e-10 3.62159e-10 3.43139e-10 3.32144e-10 3.25074e-10 3.07893e-10 2.8787e-10 2.78302e-10 2.71904e-10 2.54414e-10 2.29163e-10 2.11102e-10 2.04721e-10 1.989e-10 1.80593e-10 1.472e-10 1.06359e-10 6.81713e-11 3.88958e-11 1.95792e-11 7.84176e-12 0
0 5.04468e-12 1.3086e-11 2.73574e-11 5.0822e-11 8.44836e-11 1.25057e-10 1.64132e-10 1.91654e-10 2.03656e-10 2.07953e-10 2.18804e-10 2.41634e-10 2.65443e-10 2.77559e-10 2.83394e-10 2.97982e-10 3.19159e-10 3.31791e-10 3.38725e-10 3.54458e-10 3.72246e-10 3.80467e-10 3.91451e-10 4.10004e-10 4.2124e-10 4.30025e-10 4.44763e-10 4.55666e-10 4.68732e-10 4.85725e-10 4.94195e-10 5.05268e-10 5.17863e-10 5.25215e-10 5.3876e-10 5.49354e-10 5.59934e-10 5.72892e-10 5.81294e-10 5.92965e-10 6.00631e-10 6.09411e-10 6.16517e-10 6.22534e-10 6.28566e-10 6.32272e-10 6.36705e-10 6.38315e-10 6.40826e-10 6.40368e-10 6.40826e-10 6.38315e-10 6.36705e-10 6.32272e-10 6.28566e-10 6.22534e-10 6.16517e-10 6.09411e-10 6.00631e-10 5.92965e-10 5.81294e-10 5.72892e-10 5.59934e-10 5.49354e-10 5.3876e-10 5.25215e-10 5.17863e-10 5.05268e-10 4.94195e-10 4.85725e-10 4.68732e-10 4.55666e-10 4.44763e-10 4.30025e-10 4.2124e-10 4.10004e-10 3.91451e-10 3.80467e-10 3.72246e-10 3.54458e-10 3.38725e-10 3.31791e-10 3.19159e-10 2.97982e-10 2.83394e-10 2.77559e-10 2.65443e-10 2.41634e-10 2.18804e-10 2.07953e-10 2.03656e-10 1.91652e-10 1.64125e-10 1.25029e-10 8.43917e-11 5.05394e-11 2.65536e-11 1.0981e-11 0
0 7.09992e-12 1.78725e-11 3.5916e-11 6.38306e-11 1.01196e-10 1.42572e-10 1.78178e-10 1.99414e-10 2.06851e-10 2.12295e-10 2.28374e-10 2.5371e-10 2.73834e-10 2.81878e-10 2.89972e-10 3.08908e-10 3.28383e-10 3.37303e-10 3.46768e-10 3.65486e-10 3.80095e-10 3.87976e-10 4.03478e-10 4.1978e-10 4.27181e-10 4.40581e-10 4.58506e-10 4.68754e-10 4.8171e-10 4.94195e-10 5.02281e-10 5.18048e-10 5.30517e-10 5.4192e-10 5.57998e-10 5.66725e-10 5.79599e-10 5.89915e-10 5.98071e-10 6.09739e-10 6.15698e-10 6.26407e-10 6.32048e-10 6.40274e-10 6.45684e-10 6.50995e-10 6.55391e-10 6.57839e-10 6.60419e-10 6.60197e-10 6.60419e-10 6.57839e-10 6.55391e-10 6.50995e-10 6.45684e-10 6.40274e-10 6.32048e-10 6.26407e-10 6.15698e-10 6.09739e-10 5.98071e-10 5.89915e-10 5.79599e-10 5.66725e-10 5.57998e-10 5.4192e-10 5.30517e-10 5.18048e-10 5.02281e-10 4.94195e-10 4.8171e-10 4.68754e-10 4.58506e-10 4.40581e-10 4.27181e-10 4.1978e-10 4.03478e-10 3.87976e-10 3.80095e-10 3.65486e-10 3.46768e-10 3.37303e-10 3.28383e-10 3.08908e-10 2.89972e-10 2.81878e-10 2.73834e-10 2.5371e-10 2.28374e-10 2.12295e-10 2.0685e-10 1.9941e-10 1.78164e-10 1.42525e-10 1.01046e-10 6.33841e-11 3.46913e-11 1.47859e-11 0
0 9.62811e-12 2.35601e-11 4.55957e-11 7.76704e-11 1.17694e-10 1.58288e-10 1.89246e-10 2.04624e-10 2.09625e-10 2.18177e-10 2.3898e-10 2.64364e-10 2.79907e-10 2.86077e-10 2.98068e-10 3.19447e-10 3.35507e-10 3.42707e-10 3.55999e-10 3.75566e-10 3.86981e-10 3.96334e-10 4.13831e-10 4.27325e-10 4.37049e-10 4.54824e-10 4.68036e-10 4.75705e-10 4.9175e-10 5.05268e-10 5.18048e-10 5.35073e-10 5.44544e-10 5.57849e-10 5.7018e-10 5.78669e-10 5.93827e-10 6.02139e-10 6.15536e-10 6.26458e-10 6.35819e-10 6.48242e-10 6.54158e-10 6.65715e-10 6.69301e-10 6.78381e-10 6.80055e-10 6.86081e-10 6.85622e-10 6.88671e-10 6.85622e-10 6.86081e-10 6.80055e-10 6.78381e-10 6.69301e-10 6.65715e-10 6.54158e-10 6.48242e-10 6.35819e-10 6.26458e-10 6.15536e-10 6.02139e-10 5.93827e-10 5.78669e-10 5.7018e-10 5.57849e-10 5.44544e-10 5.35073e-10 5.18048e-10 5.05268e-10 4.9175e-10 4.75705e-10 4.68036e-10 4.54824e-10 4.37049e-10 4.27325e-10 4.13831e-10 3.96334e-10 3.86981e-10 3.75566e-10 3.55999e-10 3.42707e-10 3.35507e-10 3.19447e-10 2.98068e-10 2.86077e-10 2.79907e-10 2.64364e-10 2.3898e-10 2.18176e-10 2.09624e-10 2.04618e-10 1.89223e-10 1.58212e-10 1.17458e-10 7.69932e-11 4.3802e-11 1.92046e-11 0
0 1.26174e-11 3.00668e-11 5.61497e-11 9.18721e-11 1.33388e-10 1.71827e-10 1.9757e-10 2.08147e-10 2.128e-10 2.25505e-10 2.49691e-10 2.73096e-10 2.84397e-10 2.90958e-10 3.07134e-10 3.28729e-10 3.4107e-10 3.48829e-10 3.65847e-10 3.84075e-10 3.92986e-10 4.05237e-10 4.24139e-10 4.35854e-10 4.4698e-10 4.63822e-10 4.74847e-10 4.88156e-10 5.07049e-10 5.17863e-10 5.30517e-10 5.44544e-10 5.54633e-10 5.7076e-10 5.82983e-10 5.97129e-10 6.12095e-10 6.22479e-10 6.37866e-10 6.46247e-10 6.59266e-10 6.6767e-10 6.76978e-10 6.85705e-10 6.91281e-10 6.99385e-10 7.01594e-10 7.07944e-10 7.07044e-10 7.1086e-10 7.07044e-10 7.07944e-10 7.01594e-10 6.99385e-10 6.91281e-10 6.85705e-10 6.76978e-10 6.6767e-10 6.59266e-10 6.46247e-10 6.37866e-10 6.22479e-10 6.12095e-10 5.97129e-10 5.82983e-10 5.7076e-10 5.54633e-10 5.44544e-10 5.30517e-10 5.17863e-10 5.07049e-10 4.88156e-10 4.74847e-10 4.63822e-10 4.4698e-10 4.35854e-10 4.24139e-10 4.05237e-10 3.92986e-10 3.84075e-10 3.65847e-10 3.48829e-10 3.4107e-10 3.28729e-10 3.07134e-10 2.90958e-10 2.84397e-10 2.73096e-10 2.49691e-10 2.25504e-10 2.12798e-10 2.08137e-10 1.97533e-10 1.71708e-10 1.33032e-10 9.08834e-11 5.36178e-11 2.4135e-11 0
