0 0 0 1.12104e-44 2.39622e-43 3.83255e-42 5.66797e-41 7.90217e-40 1.04197e-38 1.29926e-37 1.53142e-36 1.70553e-35 1.79376e-34 1.78062e-33 1.66732e-32 1.47173e-31 1.22376e-30 9.57856e-30 7.05188e-29 4.87926e-28 3.17014e-27 1.93238e-26 1.1041e-25 5.90782e-25 2.95769e-24 1.3842e-23 6.0505e-23 2.46825e-22 9.39044e-22 3.32991e-21 1.10015e-20 3.38574e-20 9.70629e-20 2.59294e-19 6.45872e-19 1.50153e-18 3.26225e-18 6.63421e-18 1.26519e-17 2.26729e-17 3.82639e-17 6.09484e-17 9.18276e-17 1.31137e-16 1.7785e-16 2.29459e-16 2.82053e-16 3.30728e-16 3.70298e-16 3.96165e-16 4.05163e-16 3.96165e-16 3.70298e-16 3.30728e-16 2.82053e-16 2.29459e-16 1.7785e-16 1.31137e-16 9.18276e-17 6.09484e-17 3.82639e-17 2.26729e-17 1.26519e-17 6.63421e-18 3.26225e-18 1.50153e-18 6.45872e-19 2.59294e-19 9.70629e-20 3.38574e-20 1.10015e-20 3.32991e-21 9.39044e-22 2.46825e-22 6.0505e-23 1.3842e-23 2.95769e-24 5.90782e-25 1.1041e-25 1.93238e-26 3.17014e-27 4.87926e-28 7.05188e-29 9.57856e-30 1.22376e-30 1.47173e-31 1.66732e-32 1.78062e-33 1.79376e-34 1.70553e-35 1.53142e-36 1.29926e-37 1.04197e-38 7.90217e-40 5.66797e-41 3.83255e-42 2.39622e-43 1.12104e-44 0 0
0 0 4.2039e-45 1.24716e-43 2.08934e-42 3.15713e-41 4.50198e-40 6.07396e-39 7.75335e-38 9.36038e-37 1.0683e-35 1.15207e-34 1.17333e-33 1.12787e-32 1.02265e-31 8.74038e-31 7.03652e-30 5.33186e-29 3.79966e-28 2.54443e-27 1.59971e-26 9.43419e-26 5.21419e-25 2.69829e-24 1.30622e-23 5.91003e-23 2.49716e-22 9.84596e-22 3.62033e-21 1.24079e-20 3.96258e-20 1.1791e-19 3.2696e-19 8.45343e-19 2.03951e-18 4.59709e-18 9.69532e-18 1.91667e-17 3.55903e-17 6.22129e-17 1.02612e-16 1.60064e-16 2.36673e-16 3.3242e-16 4.44383e-16 5.66391e-16 6.89311e-16 8.02034e-16 8.93043e-16 9.52267e-16 9.72823e-16 9.52267e-16 8.93043e-16 8.02034e-16 6.89311e-16 5.66391e-16 4.44383e-16 3.3242e-16 2.36673e-16 1.60064e-16 1.02612e-16 6.22129e-17 3.55903e-17 1.91667e-17 9.69532e-18 4.59709e-18 2.03951e-18 8.45343e-19 3.2696e-19 1.1791e-19 3.96258e-20 1.24079e-20 3.62033e-21 9.84596e-22 2.49716e-22 5.91003e-23 1.30622e-23 2.69829e-24 5.21419e-25 9.43419e-26 1.59971e-26 2.54443e-27 3.79966e-28 5.33186e-29 7.03652e-30 8.74038e-31 1.02265e-31 1.12787e-32 1.17333e-33 1.15207e-34 1.0683e-35 9.36038e-37 7.75335e-38 6.07396e-39 4.50198e-40 3.15713e-41 2.08934e-42 1.24716e-43 4.2039e-45 0
0 4.2039e-45 1.26117e-43 2.16921e-42 3.3498e-41 4.8802e-40 6.73032e-39 8.78574e-38 1.0852e-36 1.26779e-35 1.40019e-34 1.46117e-33 1.43994e-32 1.33922e-31 1.17473e-30 9.71173e-30 7.56137e-29 5.53997e-28 3.81642e-27 2.46985e-26 1.50024e-25 8.5454e-25 4.56013e-24 2.27769e-23 1.06386e-22 4.64274e-22 1.8915e-21 7.18902e-21 2.54748e-20 8.41292e-20 2.58875e-19 7.4228e-19 1.98397e-18 4.94647e-18 1.15163e-17 2.50728e-17 5.11371e-17 9.79055e-17 1.76365e-16 2.99647e-16 4.81375e-16 7.33002e-16 1.06049e-15 1.461e-15 1.92049e-15 2.41305e-15 2.90252e-15 3.34649e-15 3.70199e-15 3.93205e-15 4.01169e-15 3.93205e-15 3.70199e-15 3.34649e-15 2.90252e-15 2.41305e-15 1.92049e-15 1.461e-15 1.06049e-15 7.33002e-16 4.81375e-16 2.99647e-16 1.76365e-16 9.79055e-17 5.11371e-17 2.50728e-17 1.15163e-17 4.94647e-18 1.98397e-18 7.4228e-19 2.58875e-19 8.41292e-20 2.54748e-20 7.18902e-21 1.8915e-21 4.64274e-22 1.06386e-22 2.27769e-23 4.56013e-24 8.5454e-25 1.50024e-25 2.46985e-26 3.81642e-27 5.53997e-28 7.56137e-29 9.71173e-30 1.17473e-30 1.33922e-31 1.43994e-32 1.46117e-33 1.40019e-34 1.26779e-35 1.0852e-36 8.78574e-38 6.73032e-39 4.8802e-40 3.3498e-41 2.16921e-42 1.26117e-43 0
0 1.24716e-43 2.16921e-42 3.42001e-41 5.09047e-40 7.17464e-39 9.5759e-38 1.2099e-36 1.44655e-35 1.63582e-34 1.74877e-33 1.76641e-32 1.6848e-31 1.51645e-30 1.28714e-29 1.0295e-28 7.75341e-28 5.4937e-27 3.65907e-26 2.28888e-25 1.34346e-24 7.39202e-24 3.80919e-23 1.83664e-22 8.27828e-22 3.48503e-21 1.36925e-20 5.01737e-20 1.71379e-19 5.45489e-19 1.6178e-18 4.47162e-18 1.1525e-17 2.77239e-17 6.23256e-17 1.31161e-16 2.58909e-16 4.80505e-16 8.40515e-16 1.38941e-15 2.17624e-15 3.23815e-15 4.5885e-15 6.20608e-15 8.02844e-15 9.95168e-15 1.18382e-14 1.35315e-14 1.48769e-14 1.5743e-14 1.60421e-14 1.5743e-14 1.48769e-14 1.35315e-14 1.18382e-14 9.95168e-15 8.02844e-15 6.20608e-15 4.5885e-15 3.23815e-15 2.17624e-15 1.38941e-15 8.40515e-16 4.80505e-16 2.58909e-16 1.31161e-16 6.23256e-17 2.77239e-17 1.1525e-17 4.47162e-18 1.6178e-18 5.45489e-19 1.71379e-19 5.01737e-20 1.36925e-20 3.48503e-21 8.27828e-22 1.83664e-22 3.80919e-23 7.39202e-24 1.34346e-24 2.28888e-25 3.65907e-26 5.4937e-27 7.75341e-28 1.0295e-28 1.28714e-29 1.51645e-30 1.6848e-31 1.76641e-32 1.74877e-33 1.63582e-34 1.44655e-35 1.2099e-36 9.5759e-38 7.17464e-39 5.09047e-40 3.42001e-41 2.16501e-42 0
0 2.07813e-42 3.34966e-41 5.09047e-40 7.32916e-39 9.99713e-38 1.29146e-36 1.57944e-35 1.82787e-34 2.00079e-33 2.07031e-32 2.02394e-31 1.86816e-30 1.62701e-29 1.33602e-28 1.0336e-27 7.52752e-27 5.15637e-26 3.31927e-25 2.00607e-24 1.13722e-23 6.04122e-23 3.00444e-22 1.3975e-21 6.07422e-21 2.46497e-20 9.33227e-20 3.29415e-19 1.08363e-18 3.32131e-18 9.4851e-18 2.52491e-17 6.26966e-17 1.4539e-16 3.15349e-16 6.41003e-16 1.22386e-15 2.20047e-15 3.73593e-15 6.00623e-15 9.16937e-15 1.33286e-14 1.84943e-14 2.45535e-14 3.12551e-14 3.82168e-14 4.49558e-14 5.09415e-14 5.56596e-14 5.86811e-14 5.97215e-14 5.86811e-14 5.56596e-14 5.09415e-14 4.49558e-14 3.82168e-14 3.12551e-14 2.45535e-14 1.84943e-14 1.33286e-14 9.16937e-15 6.00623e-15 3.73593e-15 2.20047e-15 1.22386e-15 6.41003e-16 3.15349e-16 1.4539e-16 6.26966e-17 2.52491e-17 9.4851e-18 3.32131e-18 1.08363e-18 3.29415e-19 9.33227e-20 2.46497e-20 6.07422e-21 1.3975e-21 3.00444e-22 6.04122e-23 1.13722e-23 2.00607e-24 3.31927e-25 5.15637e-26 7.52752e-27 1.0336e-27 1.33602e-28 1.62701e-29 1.86816e-30 2.02394e-31 2.07031e-32 2.00079e-33 1.82787e-34 1.57944e-35 1.29146e-36 9.99713e-38 7.32916e-39 5.09043e-40 3.33775e-41 0
0 3.13555e-41 4.88011e-40 7.17464e-39 9.99713e-38 1.31984e-36 1.65035e-35 1.95368e-34 2.1885e-33 2.31864e-32 2.32201e-31 2.19671e-30 1.96189e-29 1.65294e-28 1.31279e-27 9.82068e-27 6.91396e-26 4.57687e-25 2.8462e-24 1.66113e-23 9.08995e-23 4.65919e-22 2.23473e-21 1.00205e-20 4.19664e-20 1.64022e-19 5.97825e-19 2.0308e-18 6.42715e-18 1.89487e-17 5.20517e-17 1.33299e-16 3.18552e-16 7.11372e-16 1.48721e-15 2.91725e-15 5.38287e-15 9.36936e-15 1.54292e-14 2.41109e-14 3.58588e-14 5.08985e-14 6.91316e-14 9.00625e-14 1.12779e-13 1.35997e-13 1.58171e-13 1.77653e-13 1.92886e-13 2.02589e-13 2.05921e-13 2.02589e-13 1.92886e-13 1.77653e-13 1.58171e-13 1.35997e-13 1.12779e-13 9.00625e-14 6.91316e-14 5.08985e-14 3.58588e-14 2.41109e-14 1.54292e-14 9.36936e-15 5.38287e-15 2.91725e-15 1.48721e-15 7.11372e-16 3.18552e-16 1.33299e-16 5.20517e-17 1.89487e-17 6.42715e-18 2.0308e-18 5.97825e-19 1.64022e-19 4.19664e-20 1.00205e-20 2.23473e-21 4.65919e-22 9.08995e-23 1.66113e-23 2.8462e-24 4.57687e-25 6.91396e-26 9.82068e-27 1.31279e-27 1.65294e-28 1.96189e-29 2.19671e-30 2.32201e-31 2.31864e-32 2.1885e-33 1.95368e-34 1.65035e-35 1.31984e-36 9.99713e-38 7.17453e-39 4.86094e-40 0
0 4.46807e-40 6.73013e-39 9.5759e-38 1.29146e-36 1.65035e-35 1.9975e-34 2.28882e-33 2.4816e-32 2.54453e-31 2.46592e-30 2.25716e-29 1.9501e-28 1.58905e-27 1.22028e-26 8.82395e-26 6.00291e-25 3.83846e-24 2.30479e-23 1.29825e-22 6.85334e-22 3.38705e-21 1.5656e-20 6.7617e-20 2.72616e-19 1.0252e-18 3.59353e-18 1.17346e-17 3.56884e-17 1.01088e-16 2.66774e-16 6.56433e-16 1.50788e-15 3.2389e-15 6.51939e-15 1.2328e-14 2.19628e-14 3.69763e-14 5.90169e-14 8.95817e-14 1.29713e-13 1.79693e-13 2.38792e-13 3.05143e-13 3.75763e-13 4.46744e-13 5.13592e-13 5.71675e-13 6.16707e-13 6.45231e-13 6.54999e-13 6.45231e-13 6.16707e-13 5.71675e-13 5.13592e-13 4.46744e-13 3.75763e-13 3.05143e-13 2.38792e-13 1.79693e-13 1.29713e-13 8.95817e-14 5.90169e-14 3.69763e-14 2.19628e-14 1.2328e-14 6.51939e-15 3.2389e-15 1.50788e-15 6.56433e-16 2.66774e-16 1.01088e-16 3.56884e-17 1.17346e-17 3.59353e-18 1.0252e-18 2.72616e-19 6.7617e-20 1.5656e-20 3.38705e-21 6.85334e-22 1.29825e-22 2.30479e-23 3.83846e-24 6.00291e-25 8.82395e-26 1.22028e-26 1.58905e-27 1.9501e-28 2.25716e-29 2.46592e-30 2.54453e-31 2.4816e-32 2.28882e-33 1.9975e-34 1.65035e-35 1.29146e-36 9.57573e-38 6.70188e-39 0
0 6.02501e-39 8.78545e-38 1.2099e-36 1.57944e-35 1.95368e-34 2.28882e-33 2.53841e-32 2.66361e-31 2.64291e-30 2.47811e-29 2.19426e-28 1.83343e-27 1.44449e-26 1.07219e-25 7.49132e-25 4.92237e-24 3.03879e-23 1.76078e-22 9.56631e-22 4.86816e-21 2.318e-20 1.03167e-19 4.2877e-19 1.66248e-18 6.00882e-18 2.02318e-17 6.34298e-17 1.85134e-16 5.03129e-16 1.27381e-15 3.00743e-15 6.63125e-15 1.36824e-14 2.64822e-14 4.82178e-14 8.2849e-14 1.34783e-13 2.08316e-13 3.06896e-13 4.32347e-13 5.84171e-13 7.59108e-13 9.51024e-13 1.15119e-12 1.3489e-12 1.53241e-12 1.69001e-12 1.81113e-12 1.88741e-12 1.91345e-12 1.88741e-12 1.81113e-12 1.69001e-12 1.53241e-12 1.3489e-12 1.15119e-12 9.51024e-13 7.59108e-13 5.84171e-13 4.32347e-13 3.06896e-13 2.08316e-13 1.34783e-13 8.2849e-14 4.82178e-14 2.64822e-14 1.36824e-14 6.63125e-15 3.00743e-15 1.27381e-15 5.03129e-16 1.85134e-16 6.34298e-17 2.02318e-17 6.00882e-18 1.66248e-18 4.2877e-19 1.03167e-19 2.318e-20 4.86816e-21 9.56631e-22 1.76078e-22 3.03879e-23 4.92237e-24 7.49132e-25 1.07219e-25 1.44449e-26 1.83343e-27 2.19426e-28 2.47811e-29 2.64291e-30 2.66361e-31 2.53841e-32 2.28882e-33 1.95368e-34 1.57944e-35 1.20988e-36 8.74609e-38 0
0 7.68663e-38 1.08516e-36 1.44655e-35 1.82787e-34 2.1885e-33 2.4816e-32 2.66361e-31 2.70466e-30 2.5965e-29 2.35507e-28 2.01673e-27 1.62922e-26 1.24064e-25 8.89746e-25 6.00399e-24 3.80846e-23 2.2686e-22 1.26769e-21 6.63819e-21 3.25388e-20 1.49141e-19 6.38526e-19 2.55097e-18 9.50117e-18 3.29644e-17 1.06473e-16 3.20031e-16 8.951e-16 2.33028e-15 5.65103e-15 1.27812e-14 2.70091e-14 5.345e-14 9.93335e-14 1.73913e-13 2.87842e-13 4.51981e-13 6.75756e-13 9.65339e-13 1.32199e-12 1.74089e-12 2.21063e-12 2.71363e-12 3.22719e-12 3.72525e-12 4.18053e-12 4.56675e-12 4.86087e-12 5.04494e-12 5.1076e-12 5.04494e-12 4.86087e-12 4.56675e-12 4.18053e-12 3.72525e-12 3.22719e-12 2.71363e-12 2.21063e-12 1.74089e-12 1.32199e-12 9.65339e-13 6.75756e-13 4.51981e-13 2.87842e-13 1.73913e-13 9.93335e-14 5.345e-14 2.70091e-14 1.27812e-14 5.65103e-15 2.33028e-15 8.951e-16 3.20031e-16 1.06473e-16 3.29644e-17 9.50117e-18 2.55097e-18 6.38526e-19 1.49141e-19 3.25388e-20 6.63819e-21 1.26769e-21 2.2686e-22 3.80846e-23 6.00399e-24 8.89746e-25 1.24064e-25 1.62922e-26 2.01673e-27 2.35507e-28 2.5965e-29 2.70466e-30 2.66361e-31 2.4816e-32 2.1885e-33 1.82787e-34 1.44652e-35 1.07997e-36 0
0 9.27441e-37 1.26774e-35 1.63582e-34 2.00079e-33 2.31864e-32 2.54453e-31 2.64291e-30 2.5965e-29 2.41124e-28 2.11508e-27 1.75113e-26 1.36728e-25 1.00593e-24 6.96713e-24 4.5383e-23 2.77744e-22 1.59534e-21 8.59095e-21 4.33239e-20 2.04372e-19 9.00817e-19 3.70591e-18 1.42151e-17 5.07918e-17 1.68921e-16 5.22598e-16 1.50353e-15 4.02289e-15 1.0015e-14 2.32206e-14 5.02199e-14 1.01525e-13 1.92366e-13 3.42697e-13 5.76042e-13 9.17053e-13 1.38804e-12 2.00507e-12 2.77435e-12 3.68964e-12 4.73114e-12 5.866e-12 7.05037e-12 8.23256e-12 9.35696e-12 1.03681e-11 1.12148e-11 1.18532e-11 1.22502e-11 1.23848e-11 1.22502e-11 1.18532e-11 1.12148e-11 1.03681e-11 9.35696e-12 8.23256e-12 7.05037e-12 5.866e-12 4.73114e-12 3.68964e-12 2.77435e-12 2.00507e-12 1.38804e-12 9.17053e-13 5.76042e-13 3.42697e-13 1.92366e-13 1.01525e-13 5.02199e-14 2.32206e-14 1.0015e-14 4.02289e-15 1.50353e-15 5.22598e-16 1.68921e-16 5.07918e-17 1.42151e-17 3.70591e-18 9.00817e-19 2.04372e-19 4.33239e-20 8.59095e-21 1.59534e-21 2.77744e-22 4.5383e-23 6.96713e-24 1.00593e-24 1.36728e-25 1.75113e-26 2.11508e-27 2.41124e-28 2.5965e-29 2.64291e-30 2.54453e-31 2.31864e-32 2.00079e-33 1.63577e-34 1.26127e-35 0
0 1.05783e-35 1.40012e-34 1.74877e-33 2.07031e-32 2.32201e-31 2.46592e-30 2.47811e-29 2.35507e-28 2.11508e-27 1.79374e-26 1.43533e-25 1.08275e-24 7.69289e-24 5.14302e-23 3.232e-22 1.90715e-21 1.05554e-20 5.47325e-20 2.65575e-19 1.20445e-18 5.0996e-18 2.01344e-17 7.40517e-17 2.53461e-16 8.06727e-16 2.38643e-15 6.55968e-15 1.67573e-14 3.98116e-14 8.80712e-14 1.81754e-13 3.50787e-13 6.351e-13 1.0825e-12 1.74382e-12 2.66584e-12 3.88342e-12 5.4123e-12 7.24419e-12 9.34484e-12 1.16554e-11 1.40967e-11 1.65749e-11 1.89889e-11 2.1237e-11 2.32233e-11 2.4863e-11 2.60862e-11 2.68414e-11 2.70966e-11 2.68414e-11 2.60862e-11 2.4863e-11 2.32233e-11 2.1237e-11 1.89889e-11 1.65749e-11 1.40967e-11 1.16554e-11 9.34484e-12 7.24419e-12 5.4123e-12 3.88342e-12 2.66584e-12 1.74382e-12 1.0825e-12 6.351e-13 3.50787e-13 1.81754e-13 8.80712e-14 3.98116e-14 1.67573e-14 6.55968e-15 2.38643e-15 8.06727e-16 2.53461e-16 7.40517e-17 2.01344e-17 5.0996e-18 1.20445e-18 2.65575e-19 5.47325e-20 1.05554e-20 1.90715e-21 3.232e-22 5.14302e-23 7.69289e-24 1.08275e-24 1.43533e-25 1.79374e-26 2.11508e-27 2.35507e-28 2.47811e-29 2.46592e-30 2.32201e-31 2.07031e-32 1.74872e-33 1.3925e-34 0
0 1.14003e-34 1.46109e-33 1.76641e-32 2.02394e-31 2.19671e-30 2.25716e-29 2.19426e-28 2.01673e-27 1.75113e-26 1.43533e-25 1.10962e-24 8.08342e-24 5.54357e-23 3.5753e-22 2.1662e-21 1.23156e-20 6.5626e-20 3.27365e-19 1.52682e-18 6.64974e-18 2.70112e-17 1.02209e-16 3.59883e-16 1.17798e-15 3.58168e-15 1.01109e-14 2.64964e-14 6.44809e-14 1.45851e-13 3.07106e-13 6.03305e-13 1.10896e-12 1.91405e-12 3.11449e-12 4.79827e-12 7.03019e-12 9.8387e-12 1.32077e-11 1.70745e-11 2.13346e-11 2.58504e-11 3.04633e-11 3.50059e-11 3.93134e-11 4.32325e-11 4.6628e-11 4.93869e-11 5.14207e-11 5.26662e-11 5.30855e-11 5.26662e-11 5.14207e-11 4.93869e-11 4.6628e-11 4.32325e-11 3.93134e-11 3.50059e-11 3.04633e-11 2.58504e-11 2.13346e-11 1.70745e-11 1.32077e-11 9.8387e-12 7.03019e-12 4.79827e-12 3.11449e-12 1.91405e-12 1.10896e-12 6.03305e-13 3.07106e-13 1.45851e-13 6.44809e-14 2.64964e-14 1.01109e-14 3.58168e-15 1.17798e-15 3.59883e-16 1.02209e-16 2.70112e-17 6.64974e-18 1.52682e-18 3.27365e-19 6.5626e-20 1.23156e-20 2.1662e-21 3.5753e-22 5.54357e-23 8.08342e-24 1.10962e-24 1.43533e-25 1.75113e-26 2.01673e-27 2.19426e-28 2.25716e-29 2.19671e-30 2.02394e-31 1.76635e-32 1.4526e-33 0
0 1.16024e-33 1.43985e-32 1.6848e-31 1.86816e-30 1.96189e-29 1.9501e-28 1.83343e-27 1.62922e-26 1.36728e-25 1.08275e-24 8.08342e-24 5.68384e-23 3.76029e-22 2.33809e-21 1.36479e-20 7.46993e-20 3.82887e-19 1.83557e-18 8.21953e-18 3.43341e-17 1.3361e-16 4.83778e-16 1.62795e-15 5.08615e-15 1.4742e-14 3.96229e-14 9.87524e-14 2.2834e-13 4.90402e-13 9.80106e-13 1.82767e-12 3.19074e-12 5.23603e-12 8.11278e-12 1.19246e-11 1.6707e-11 2.24158e-11 2.89286e-11 3.60578e-11 4.35708e-11 5.12131e-11 5.87299e-11 6.58829e-11 7.24618e-11 7.82905e-11 8.32283e-11 8.71682e-11 9.00329e-11 9.17711e-11 9.23536e-11 9.17711e-11 9.00329e-11 8.71682e-11 8.32283e-11 7.82905e-11 7.24618e-11 6.58829e-11 5.87299e-11 5.12131e-11 4.35708e-11 3.60578e-11 2.89286e-11 2.24158e-11 1.6707e-11 1.19246e-11 8.11278e-12 5.23603e-12 3.19074e-12 1.82767e-12 9.80106e-13 4.90402e-13 2.2834e-13 9.87524e-14 3.96229e-14 1.4742e-14 5.08615e-15 1.62795e-15 4.83778e-16 1.3361e-16 3.43341e-17 8.21953e-18 1.83557e-18 3.82887e-19 7.46993e-20 1.36479e-20 2.33809e-21 3.76029e-22 5.68384e-23 8.08342e-24 1.08275e-24 1.36728e-25 1.62922e-26 1.83343e-27 1.9501e-28 1.96189e-29 1.86816e-30 1.68474e-31 1.43093e-32 0
0 1.11445e-32 1.33913e-31 1.51645e-30 1.62701e-29 1.65294e-28 1.58905e-27 1.44449e-26 1.24064e-25 1.00593e-24 7.69289e-24 5.54357e-23 3.76029e-22 2.39834e-21 1.43668e-20 8.07298e-20 4.24994e-19 2.09329e-18 9.63337e-18 4.13637e-17 1.65478e-16 6.15937e-16 2.13024e-15 6.8373e-15 2.03447e-14 5.60775e-14 1.43127e-13 3.3829e-13 7.40966e-13 1.50619e-12 2.84791e-12 5.02458e-12 8.3044e-12 1.29162e-11 1.89999e-11 2.65704e-11 3.55063e-11 4.55633e-11 5.64071e-11 6.76564e-11 7.89249e-11 8.98558e-11 1.00145e-10 1.0955e-10 1.17895e-10 1.25058e-10 1.30966e-10 1.35578e-10 1.38876e-10 1.40855e-10 1.41515e-10 1.40855e-10 1.38876e-10 1.35578e-10 1.30966e-10 1.25058e-10 1.17895e-10 1.0955e-10 1.00145e-10 8.98558e-11 7.89249e-11 6.76564e-11 5.64071e-11 4.55633e-11 3.55063e-11 2.65704e-11 1.89999e-11 1.29162e-11 8.3044e-12 5.02458e-12 2.84791e-12 1.50619e-12 7.40966e-13 3.3829e-13 1.43127e-13 5.60775e-14 2.03447e-14 6.8373e-15 2.13024e-15 6.15937e-16 1.65478e-16 4.13637e-17 9.63337e-18 2.09329e-18 4.24994e-19 8.07298e-20 1.43668e-20 2.39834e-21 3.76029e-22 5.54357e-23 7.69289e-24 1.00593e-24 1.24064e-25 1.44449e-26 1.58905e-27 1.65294e-28 1.62701e-29 1.51638e-30 1.33027e-31 0
0 1.00967e-31 1.17464e-30 1.28714e-29 1.33602e-28 1.31279e-27 1.22028e-26 1.07219e-25 8.89746e-25 6.96713e-24 5.14302e-23 3.5753e-22 2.33809e-21 1.43668e-20 8.28454e-20 4.4774e-19 2.26484e-18 1.07074e-17 4.7242e-17 1.94228e-16 7.42975e-16 2.64038e-15 8.70486e-15 2.65885e-14 7.51588e-14 1.9646e-13 4.74701e-13 1.06049e-12 2.19253e-12 4.20263e-12 7.48913e-12 1.24535e-11 1.94125e-11 2.85145e-11 3.9688e-11 5.26405e-11 6.69026e-11 8.19028e-11 9.70491e-11 1.11799e-10 1.25708e-10 1.3845e-10 1.49817e-10 1.59706e-10 1.68095e-10 1.75017e-10 1.80535e-10 1.84725e-10 1.87658e-10 1.89393e-10 1.89968e-10 1.89393e-10 1.87658e-10 1.84725e-10 1.80535e-10 1.75017e-10 1.68095e-10 1.59706e-10 1.49817e-10 1.3845e-10 1.25708e-10 1.11799e-10 9.70491e-11 8.19028e-11 6.69026e-11 5.26405e-11 3.9688e-11 2.85145e-11 1.94125e-11 1.24535e-11 7.48913e-12 4.20263e-12 2.19253e-12 1.06049e-12 4.74701e-13 1.9646e-13 7.51588e-14 2.65885e-14 8.70486e-15 2.64038e-15 7.42975e-16 1.94228e-16 4.7242e-17 1.07074e-17 2.26484e-18 4.4774e-19 8.28454e-20 1.43668e-20 2.33809e-21 3.5753e-22 5.14302e-23 6.96713e-24 8.89746e-25 1.07219e-25 1.22028e-26 1.31279e-27 1.33602e-28 1.28708e-29 1.16635e-30 0
0 8.62202e-31 9.71082e-30 1.0295e-28 1.0336e-27 9.82068e-27 8.82395e-26 7.49132e-25 6.00399e-24 4.5383e-23 3.232e-22 2.1662e-21 1.36479e-20 8.07298e-20 4.4774e-19 2.32507e-18 1.12882e-17 5.11593e-17 2.16094e-16 8.49312e-16 3.10086e-15 1.04997e-14 3.29206e-14 9.54426e-14 2.55552e-13 6.31418e-13 1.43918e-12 3.02707e-12 5.88265e-12 1.05861e-11 1.76994e-11 2.76162e-11 4.04264e-11 5.58527e-11 7.32834e-11 9.18853e-11 1.10752e-10 1.29046e-10 1.46097e-10 1.6145e-10 1.74866e-10 1.86289e-10 1.95798e-10 2.03555e-10 2.09762e-10 2.14625e-10 2.18336e-10 2.21056e-10 2.2291e-10 2.23987e-10 2.2434e-10 2.23987e-10 2.2291e-10 2.21056e-10 2.18336e-10 2.14625e-10 2.09762e-10 2.03555e-10 1.95798e-10 1.86289e-10 1.74866e-10 1.6145e-10 1.46097e-10 1.29046e-10 1.10752e-10 9.18853e-11 7.32834e-11 5.58527e-11 4.04264e-11 2.76162e-11 1.76994e-11 1.05861e-11 5.88265e-12 3.02707e-12 1.43918e-12 6.31418e-13 2.55552e-13 9.54426e-14 3.29206e-14 1.04997e-14 3.10086e-15 8.49312e-16 2.16094e-16 5.11593e-17 1.12882e-17 2.32507e-18 4.4774e-19 8.07298e-20 1.36479e-20 2.1662e-21 3.232e-22 4.5383e-23 6.00399e-24 7.49132e-25 8.82395e-26 9.82068e-27 1.0336e-27 1.02944e-28 9.63769e-30 0
0 6.93484e-30 7.56057e-29 7.75341e-28 7.52752e-27 6.91396e-26 6.00291e-25 4.92237e-24 3.80846e-23 2.77744e-22 1.90715e-21 1.23156e-20 7.46993e-20 4.24994e-19 2.26484e-18 1.12882e-17 5.25353e-17 2.27925e-16 9.20221e-16 3.45122e-15 1.20017e-14 3.86298e-14 1.14883e-13 3.15185e-13 7.96664e-13 1.85353e-12 3.96837e-12 7.8223e-12 1.42182e-11 2.38972e-11 3.72919e-11 5.4319e-11 7.43167e-11 9.61613e-11 1.18509e-10 1.40068e-10 1.59805e-10 1.77062e-10 1.9156e-10 2.03337e-10 2.12646e-10 2.19853e-10 2.25356e-10 2.29525e-10 2.32671e-10 2.35038e-10 2.36801e-10 2.38079e-10 2.38949e-10 2.39457e-10 2.39623e-10 2.39457e-10 2.38949e-10 2.38079e-10 2.36801e-10 2.35038e-10 2.32671e-10 2.29525e-10 2.25356e-10 2.19853e-10 2.12646e-10 2.03337e-10 1.9156e-10 1.77062e-10 1.59805e-10 1.40068e-10 1.18509e-10 9.61613e-11 7.43167e-11 5.4319e-11 3.72919e-11 2.38972e-11 1.42182e-11 7.8223e-12 3.96837e-12 1.85353e-12 7.96664e-13 3.15185e-13 1.14883e-13 3.86298e-14 1.20017e-14 3.45122e-15 9.20221e-16 2.27925e-16 5.25353e-17 1.12882e-17 2.26484e-18 4.24994e-19 7.46993e-20 1.23156e-20 1.90715e-21 2.77744e-22 3.80846e-23 4.92237e-24 6.00291e-25 6.91396e-26 7.52752e-27 7.7529e-28 7.49978e-29 0
0 5.24962e-29 5.5393e-28 5.4937e-27 5.15637e-26 4.57687e-25 3.83846e-24 3.03879e-23 2.2686e-22 1.59534e-21 1.05554e-20 6.5626e-20 3.82887e-19 2.09329e-18 1.07074e-17 5.11593e-17 2.27925e-16 9.45139e-16 3.64084e-15 1.30032e-14 4.29699e-14 1.3112e-13 3.68737e-13 9.53982e-13 2.26724e-12 4.94493e-12 9.89493e-12 1.8179e-11 3.07257e-11 4.79435e-11 6.94164e-11 9.38711e-11 1.19462e-10 1.44238e-10 1.66584e-10 1.85488e-10 2.00595e-10 2.12099e-10 2.20545e-10 2.26624e-10 2.3102e-10 2.34305e-10 2.36903e-10 2.39087e-10 2.41003e-10 2.42705e-10 2.44186e-10 2.45409e-10 2.46327e-10 2.46897e-10 2.4709e-10 2.46897e-10 2.46327e-10 2.45409e-10 2.44186e-10 2.42705e-10 2.41003e-10 2.39087e-10 2.36903e-10 2.34305e-10 2.3102e-10 2.26624e-10 2.20545e-10 2.12099e-10 2.00595e-10 1.85488e-10 1.66584e-10 1.44238e-10 1.19462e-10 9.38711e-11 6.94164e-11 4.79435e-11 3.07257e-11 1.8179e-11 9.89493e-12 4.94493e-12 2.26724e-12 9.53982e-13 3.68737e-13 1.3112e-13 4.29699e-14 1.30032e-14 3.64084e-15 9.45139e-16 2.27925e-16 5.11593e-17 1.07074e-17 2.09329e-18 3.82887e-19 6.5626e-20 1.05554e-20 1.59534e-21 2.2686e-22 3.03879e-23 3.83846e-24 4.57687e-25 5.15637e-26 5.49329e-27 5.49174e-28 0
0 3.73709e-28 3.81589e-27 3.65907e-26 3.31927e-25 2.8462e-24 2.30479e-23 1.76078e-22 1.26769e-21 8.59095e-21 5.47325e-20 3.27365e-19 1.83557e-18 9.63337e-18 4.7242e-17 2.16094e-16 9.20221e-16 3.64084e-15 1.33551e-14 4.53176e-14 1.4193e-13 4.09331e-13 1.08469e-12 2.63558e-12 5.8621e-12 1.19221e-11 2.21652e-11 3.77099e-11 5.88649e-11 8.46968e-11 1.13072e-10 1.4124e-10 1.66656e-10 1.87634e-10 2.03586e-10 2.14891e-10 2.22532e-10 2.27703e-10 2.31503e-10 2.34762e-10 2.37993e-10 2.41427e-10 2.45083e-10 2.48854e-10 2.52568e-10 2.56042e-10 2.59108e-10 2.61629e-10 2.63499e-10 2.64648e-10 2.65036e-10 2.64648e-10 2.63499e-10 2.61629e-10 2.59108e-10 2.56042e-10 2.52568e-10 2.48854e-10 2.45083e-10 2.41427e-10 2.37993e-10 2.34762e-10 2.31503e-10 2.27703e-10 2.22532e-10 2.14891e-10 2.03586e-10 1.87634e-10 1.66656e-10 1.4124e-10 1.13072e-10 8.46968e-11 5.88649e-11 3.77099e-11 2.21652e-11 1.19221e-11 5.8621e-12 2.63558e-12 1.08469e-12 4.09331e-13 1.4193e-13 4.53176e-14 1.33551e-14 3.64084e-15 9.20221e-16 2.16094e-16 4.7242e-17 9.63337e-18 1.83557e-18 3.27365e-19 5.47325e-20 8.59095e-21 1.26769e-21 1.76078e-22 2.30479e-23 2.8462e-24 3.31927e-25 3.65876e-26 3.78089e-27 0
0 2.49969e-27 2.46946e-26 2.28888e-25 2.00607e-24 1.66113e-23 1.29825e-22 9.56631e-22 6.63819e-21 4.33239e-20 2.65575e-19 1.52682e-18 8.21953e-18 4.13637e-17 1.94228e-16 8.49312e-16 3.45122e-15 1.30032e-14 4.53176e-14 1.45726e-13 4.3125e-13 1.1714e-12 2.91302e-12 6.6161e-12 1.36968e-11 2.58129e-11 4.42787e-11 6.92394e-11 9.90702e-11 1.30545e-10 1.59886e-10 1.84118e-10 2.01939e-10 2.13753e-10 2.21098e-10 2.25905e-10 2.2988e-10 2.34183e-10 2.39369e-10 2.45504e-10 2.52346e-10 2.59513e-10 2.6661e-10 2.73303e-10 2.79342e-10 2.84565e-10 2.88879e-10 2.9224e-10 2.94638e-10 2.96073e-10 2.9655e-10 2.96073e-10 2.94638e-10 2.9224e-10 2.88879e-10 2.84565e-10 2.79342e-10 2.73303e-10 2.6661e-10 2.59513e-10 2.52346e-10 2.45504e-10 2.39369e-10 2.34183e-10 2.2988e-10 2.25905e-10 2.21098e-10 2.13753e-10 2.01939e-10 1.84118e-10 1.59886e-10 1.30545e-10 9.90702e-11 6.92394e-11 4.42787e-11 2.58129e-11 1.36968e-11 6.6161e-12 2.91302e-12 1.1714e-12 4.3125e-13 1.45726e-13 4.53176e-14 1.30032e-14 3.45122e-15 8.49312e-16 1.94228e-16 4.13637e-17 8.21953e-18 1.52682e-18 2.65575e-19 4.33239e-20 6.63819e-21 9.56631e-22 1.29825e-22 1.66113e-23 2.00607e-24 2.28866e-25 2.44526e-26 0
0 1.56966e-26 1.49997e-25 1.34345e-24 1.13722e-23 9.08995e-23 6.85334e-22 4.86816e-21 3.25388e-20 2.04372e-19 1.20445e-18 6.64974e-18 3.43341e-17 1.65478e-16 7.42975e-16 3.10086e-15 1.20017e-14 4.29699e-14 1.4193e-13 4.3125e-13 1.20179e-12 3.06225e-12 7.11275e-12 1.5017e-11 2.87506e-11 4.98437e-11 7.82577e-11 1.11559e-10 1.45251e-10 1.74473e-10 1.9611e-10 2.09854e-10 2.17695e-10 2.2257e-10 2.2713e-10 2.3304e-10 2.40862e-10 2.50331e-10 2.6075e-10 2.71333e-10 2.81419e-10 2.90559e-10 2.98521e-10 3.05239e-10 3.10754e-10 3.15168e-10 3.18594e-10 3.21141e-10 3.22896e-10 3.23924e-10 3.24263e-10 3.23924e-10 3.22896e-10 3.21141e-10 3.18594e-10 3.15168e-10 3.10754e-10 3.05239e-10 2.98521e-10 2.90559e-10 2.81419e-10 2.71333e-10 2.6075e-10 2.50331e-10 2.40862e-10 2.3304e-10 2.2713e-10 2.2257e-10 2.17695e-10 2.09854e-10 1.9611e-10 1.74473e-10 1.45251e-10 1.11559e-10 7.82577e-11 4.98437e-11 2.87506e-11 1.5017e-11 7.11275e-12 3.06225e-12 1.20179e-12 4.3125e-13 1.4193e-13 4.29699e-14 1.20017e-14 3.10086e-15 7.42975e-16 1.65478e-16 3.43341e-17 6.64974e-18 1.20445e-18 2.04372e-19 3.25388e-20 4.86816e-21 6.85334e-22 9.08995e-23 1.13722e-23 1.3433e-24 1.48426e-25 0
0 9.24482e-26 8.54364e-25 7.39201e-24 6.04122e-23 4.65919e-22 3.38705e-21 2.318e-20 1.49141e-19 9.00817e-19 5.0996e-18 2.70112e-17 1.3361e-16 6.15937e-16 2.64038e-15 1.04997e-14 3.86298e-14 1.3112e-13 4.09331e-13 1.1714e-12 3.06225e-12 7.28618e-12 1.57216e-11 3.06582e-11 5.38815e-11 8.52215e-11 1.21423e-10 1.56622e-10 1.84861e-10 2.03201e-10 2.12958e-10 2.182e-10 2.23134e-10 2.30403e-10 2.40729e-10 2.53369e-10 2.66931e-10 2.80079e-10 2.91875e-10 3.01872e-10 3.10023e-10 3.16519e-10 3.21658e-10 3.25733e-10 3.28989e-10 3.316e-10 3.33673e-10 3.35265e-10 3.36398e-10 3.3708e-10 3.37307e-10 3.3708e-10 3.36398e-10 3.35265e-10 3.33673e-10 3.316e-10 3.28989e-10 3.25733e-10 3.21658e-10 3.16519e-10 3.10023e-10 3.01872e-10 2.91875e-10 2.80079e-10 2.66931e-10 2.53369e-10 2.40729e-10 2.30403e-10 2.23134e-10 2.182e-10 2.12958e-10 2.03201e-10 1.84861e-10 1.56622e-10 1.21423e-10 8.52215e-11 5.38815e-11 3.06582e-11 1.57216e-11 7.28618e-12 3.06225e-12 1.1714e-12 4.09331e-13 1.3112e-13 3.86298e-14 1.04997e-14 2.64038e-15 6.15937e-16 1.3361e-16 2.70112e-17 5.0996e-18 9.00817e-19 1.49141e-19 2.318e-20 3.38705e-21 4.65919e-22 6.04121e-23 7.39107e-24 8.4479e-25 0
0 5.1023e-25 4.55906e-24 3.80918e-23 3.00444e-22 2.23473e-21 1.5656e-20 1.03167e-19 6.38526e-19 3.70591e-18 2.01344e-17 1.02209e-16 4.83778e-16 2.13024e-15 8.70486e-15 3.29206e-14 1.14883e-13 3.68737e-13 1.08469e-12 2.91302e-12 7.11275e-12 1.57216e-11 3.13195e-11 5.60035e-11 8.96097e-11 1.28192e-10 1.64533e-10 1.91546e-10 2.06651e-10 2.13273e-10 2.17859e-10 2.25385e-10 2.37355e-10 2.52587e-10 2.68757e-10 2.83696e-10 2.9619e-10 3.05977e-10 3.13417e-10 3.19178e-10 3.23894e-10 3.28046e-10 3.31921e-10 3.35613e-10 3.39115e-10 3.42332e-10 3.4516e-10 3.47483e-10 3.49212e-10 3.50276e-10 3.50636e-10 3.50276e-10 3.49212e-10 3.47483e-10 3.4516e-10 3.42332e-10 3.39115e-10 3.35613e-10 3.31921e-10 3.28046e-10 3.23894e-10 3.19178e-10 3.13417e-10 3.05977e-10 2.9619e-10 2.83696e-10 2.68757e-10 2.52587e-10 2.37355e-10 2.25385e-10 2.17859e-10 2.13273e-10 2.06651e-10 1.91546e-10 1.64533e-10 1.28192e-10 8.96097e-11 5.60035e-11 3.13195e-11 1.57216e-11 7.11275e-12 2.91302e-12 1.08469e-12 3.68737e-13 1.14883e-13 3.29206e-14 8.70486e-15 2.13024e-15 4.83778e-16 1.02209e-16 2.01344e-17 3.70591e-18 6.38526e-19 1.03167e-19 1.5656e-20 2.23473e-21 3.00443e-22 3.80862e-23 4.50439e-24 0
0 2.63637e-24 2.27707e-23 1.83663e-22 1.3975e-21 1.00205e-20 6.7617e-20 4.2877e-19 2.55097e-18 1.42151e-17 7.40517e-17 3.59883e-16 1.62795e-15 6.8373e-15 2.65885e-14 9.54426e-14 3.15185e-13 9.53982e-13 2.63558e-12 6.6161e-12 1.5017e-11 3.06582e-11 5.60035e-11 9.11073e-11 1.31623e-10 1.69135e-10 1.95336e-10 2.07896e-10 2.12514e-10 2.18144e-10 2.29915e-10 2.46931e-10 2.65447e-10 2.82125e-10 2.95171e-10 3.04577e-10 3.11492e-10 3.17184e-10 3.22678e-10 3.28541e-10 3.34855e-10 3.4149e-10 3.4814e-10 3.54509e-10 3.60348e-10 3.65456e-10 3.69729e-10 3.73079e-10 3.75493e-10 3.76936e-10 3.77423e-10 3.76936e-10 3.75493e-10 3.73079e-10 3.69729e-10 3.65456e-10 3.60348e-10 3.54509e-10 3.4814e-10 3.4149e-10 3.34855e-10 3.28541e-10 3.22678e-10 3.17184e-10 3.11492e-10 3.04577e-10 2.95171e-10 2.82125e-10 2.65447e-10 2.46931e-10 2.29915e-10 2.18144e-10 2.12514e-10 2.07896e-10 1.95336e-10 1.69135e-10 1.31623e-10 9.11073e-11 5.60035e-11 3.06582e-11 1.5017e-11 6.6161e-12 2.63558e-12 9.53982e-13 3.15185e-13 9.54426e-14 2.65885e-14 6.8373e-15 1.62795e-15 3.59883e-16 7.40517e-17 1.42151e-17 2.55097e-18 4.2877e-19 6.7617e-20 1.00205e-20 1.39749e-21 1.83632e-22 2.24784e-23 0
0 1.27415e-23 1.06353e-22 8.27825e-22 6.07422e-21 4.19664e-20 2.72616e-19 1.66248e-18 9.50117e-18 5.07918e-17 2.53461e-16 1.17798e-15 5.08615e-15 2.03447e-14 7.51588e-14 2.55552e-13 7.96664e-13 2.26724e-12 5.8621e-12 1.36968e-11 2.87506e-11 5.38815e-11 8.96097e-11 1.31623e-10 1.70639e-10 1.97002e-10 2.08138e-10 2.11711e-10 2.19229e-10 2.35646e-10 2.5672e-10 2.75879e-10 2.90145e-10 2.99795e-10 3.06645e-10 3.13073e-10 3.20504e-10 3.2921e-10 3.38969e-10 3.49067e-10 3.58857e-10 3.67902e-10 3.75861e-10 3.82699e-10 3.88372e-10 3.9299e-10 3.96622e-10 3.99359e-10 4.01272e-10 4.02396e-10 4.02774e-10 4.02396e-10 4.01272e-10 3.99359e-10 3.96622e-10 3.9299e-10 3.88372e-10 3.82699e-10 3.75861e-10 3.67902e-10 3.58857e-10 3.49067e-10 3.38969e-10 3.2921e-10 3.20504e-10 3.13073e-10 3.06645e-10 2.99795e-10 2.90145e-10 2.75879e-10 2.5672e-10 2.35646e-10 2.19229e-10 2.11711e-10 2.08138e-10 1.97002e-10 1.70639e-10 1.31623e-10 8.96097e-11 5.38815e-11 2.87506e-11 1.36968e-11 5.8621e-12 2.26724e-12 7.96664e-13 2.55552e-13 7.51588e-14 2.03447e-14 5.08615e-15 1.17798e-15 2.53461e-16 5.07918e-17 9.50117e-18 1.66248e-18 2.72616e-19 4.19664e-20 6.0742e-21 8.27666e-22 1.04891e-22 0
0 5.75473e-23 4.64109e-22 3.48502e-21 2.46497e-20 1.64022e-19 1.0252e-18 6.00882e-18 3.29644e-17 1.68921e-16 8.06727e-16 3.58168e-15 1.4742e-14 5.60775e-14 1.9646e-13 6.31418e-13 1.85353e-12 4.94493e-12 1.19221e-11 2.58129e-11 4.98437e-11 8.52215e-11 1.28192e-10 1.69135e-10 1.97002e-10 2.08135e-10 2.11271e-10 2.20433e-10 2.408e-10 2.64562e-10 2.82217e-10 2.92669e-10 2.99993e-10 3.07361e-10 3.16748e-10 3.28599e-10 3.41459e-10 3.54114e-10 3.65702e-10 3.75549e-10 3.83826e-10 3.90613e-10 3.96229e-10 4.00978e-10 4.04945e-10 4.08359e-10 4.11129e-10 4.13379e-10 4.14967e-10 4.15975e-10 4.16281e-10 4.15975e-10 4.14967e-10 4.13379e-10 4.11129e-10 4.08359e-10 4.04945e-10 4.00978e-10 3.96229e-10 3.90613e-10 3.83826e-10 3.75549e-10 3.65702e-10 3.54114e-10 3.41459e-10 3.28599e-10 3.16748e-10 3.07361e-10 2.99993e-10 2.92669e-10 2.82217e-10 2.64562e-10 2.408e-10 2.20433e-10 2.11271e-10 2.08135e-10 1.97002e-10 1.69135e-10 1.28192e-10 8.52215e-11 4.98437e-11 2.58129e-11 1.19221e-11 4.94493e-12 1.85353e-12 6.31418e-13 1.9646e-13 5.60775e-14 1.4742e-14 3.58168e-15 8.06727e-16 1.68921e-16 3.29644e-17 6.00882e-18 1.0252e-18 1.64022e-19 2.46497e-20 3.48425e-21 4.5727e-22 0
0 2.4269e-22 1.89073e-21 1.36924e-20 9.33227e-20 5.97825e-19 3.59353e-18 2.02318e-17 1.06473e-16 5.22598e-16 2.38643e-15 1.01109e-14 3.96229e-14 1.43127e-13 4.74701e-13 1.43918e-12 3.96837e-12 9.89493e-12 2.21652e-11 4.42787e-11 7.82577e-11 1.21423e-10 1.64533e-10 1.95336e-10 2.08138e-10 2.11271e-10 2.20949e-10 2.43808e-10 2.69376e-10 2.84952e-10 2.91854e-10 2.99268e-10 3.1055e-10 3.24434e-10 3.39829e-10 3.54258e-10 3.66067e-10 3.7583e-10 3.83624e-10 3.90259e-10 3.96517e-10 4.02353e-10 4.08251e-10 4.13826e-10 4.1913e-10 4.23911e-10 4.27992e-10 4.31344e-10 4.33724e-10 4.35254e-10 4.35697e-10 4.35254e-10 4.33724e-10 4.31344e-10 4.27992e-10 4.23911e-10 4.1913e-10 4.13826e-10 4.08251e-10 4.02353e-10 3.96517e-10 3.90259e-10 3.83624e-10 3.7583e-10 3.66067e-10 3.54258e-10 3.39829e-10 3.24434e-10 3.1055e-10 2.99268e-10 2.91854e-10 2.84952e-10 2.69376e-10 2.43808e-10 2.20949e-10 2.11271e-10 2.08138e-10 1.95336e-10 1.64533e-10 1.21423e-10 7.82577e-11 4.42787e-11 2.21652e-11 9.89493e-12 3.96837e-12 1.43918e-12 4.74701e-13 1.43127e-13 3.96229e-14 1.01109e-14 2.38643e-15 5.22598e-16 1.06473e-16 2.02318e-17 3.59353e-18 5.97825e-19 9.33223e-20 1.3689e-20 1.86086e-21 0
0 9.54933e-22 7.18565e-21 5.01733e-20 3.29415e-19 2.0308e-18 1.17346e-17 6.34298e-17 3.20031e-16 1.50353e-15 6.55968e-15 2.64964e-14 9.87524e-14 3.3829e-13 1.06049e-12 3.02707e-12 7.8223e-12 1.8179e-11 3.77099e-11 6.92394e-11 1.11559e-10 1.56622e-10 1.91546e-10 2.07896e-10 2.11711e-10 2.20433e-10 2.43808e-10 2.70966e-10 2.85684e-10 2.90251e-10 2.99396e-10 3.16285e-10 3.33548e-10 3.48696e-10 3.61484e-10 3.70579e-10 3.78439e-10 3.86528e-10 3.94559e-10 4.03678e-10 4.12853e-10 4.21902e-10 4.30646e-10 4.38276e-10 4.45284e-10 4.50898e-10 4.55725e-10 4.59232e-10 4.61885e-10 4.63338e-10 4.63914e-10 4.63338e-10 4.61885e-10 4.59232e-10 4.55725e-10 4.50898e-10 4.45284e-10 4.38276e-10 4.30646e-10 4.21902e-10 4.12853e-10 4.03678e-10 3.94559e-10 3.86528e-10 3.78439e-10 3.70579e-10 3.61484e-10 3.48696e-10 3.33548e-10 3.16285e-10 2.99396e-10 2.90251e-10 2.85684e-10 2.70966e-10 2.43808e-10 2.20433e-10 2.11711e-10 2.07896e-10 1.91546e-10 1.56622e-10 1.11559e-10 6.92394e-11 3.77099e-11 1.8179e-11 7.8223e-12 3.02707e-12 1.06049e-12 3.3829e-13 9.87524e-14 2.64964e-14 6.55968e-15 1.50353e-15 3.20031e-16 6.34298e-17 1.17346e-17 2.0308e-18 3.29413e-19 5.01587e-20 7.06392e-21 0
0 3.50351e-21 2.5461e-20 1.71377e-19 1.08363e-18 6.42715e-18 3.56884e-17 1.85134e-16 8.951e-16 4.02289e-15 1.67573e-14 6.44809e-14 2.2834e-13 7.40966e-13 2.19253e-12 5.88265e-12 1.42182e-11 3.07257e-11 5.88649e-11 9.90702e-11 1.45251e-10 1.84861e-10 2.06651e-10 2.12514e-10 2.19229e-10 2.408e-10 2.69376e-10 2.85684e-10 2.89538e-10 2.9997e-10 3.21793e-10 3.4061e-10 3.51964e-10 3.6223e-10 3.71286e-10 3.80256e-10 3.92268e-10 4.0435e-10 4.16496e-10 4.28511e-10 4.38433e-10 4.47822e-10 4.55326e-10 4.61924e-10 4.67513e-10 4.7194e-10 4.75911e-10 4.78565e-10 4.8094e-10 4.81917e-10 4.82628e-10 4.81917e-10 4.8094e-10 4.78565e-10 4.75911e-10 4.7194e-10 4.67513e-10 4.61924e-10 4.55326e-10 4.47822e-10 4.38433e-10 4.28511e-10 4.16496e-10 4.0435e-10 3.92268e-10 3.80256e-10 3.71286e-10 3.6223e-10 3.51964e-10 3.4061e-10 3.21793e-10 2.9997e-10 2.89538e-10 2.85684e-10 2.69376e-10 2.408e-10 2.19229e-10 2.12514e-10 2.06651e-10 1.84861e-10 1.45251e-10 9.90702e-11 5.88649e-11 3.07257e-11 1.42182e-11 5.88265e-12 2.19253e-12 7.40966e-13 2.2834e-13 6.44809e-14 1.67573e-14 4.02289e-15 8.951e-16 1.85134e-16 3.56884e-17 6.42715e-18 1.08363e-18 1.7132e-19 2.49984e-20 0
0 1.19791e-20 8.4077e-20 5.45483e-19 3.32131e-18 1.89487e-17 1.01088e-16 5.03129e-16 2.33028e-15 1.0015e-14 3.98116e-14 1.45851e-13 4.90402e-13 1.50619e-12 4.20263e-12 1.05861e-11 2.38972e-11 4.79435e-11 8.46968e-11 1.30545e-10 1.74473e-10 2.03201e-10 2.13273e-10 2.18144e-10 2.35646e-10 2.64562e-10 2.84952e-10 2.90251e-10 2.9997e-10 3.24042e-10 3.441e-10 3.5122e-10 3.59973e-10 3.73701e-10 3.86269e-10 4.01353e-10 4.16301e-10 4.27528e-10 4.38855e-10 4.47552e-10 4.55337e-10 4.63197e-10 4.69424e-10 4.76578e-10 4.8201e-10 4.87848e-10 4.92168e-10 4.96113e-10 4.98749e-10 5.00484e-10 5.01022e-10 5.00484e-10 4.98749e-10 4.96113e-10 4.92168e-10 4.87848e-10 4.8201e-10 4.76578e-10 4.69424e-10 4.63197e-10 4.55337e-10 4.47552e-10 4.38855e-10 4.27528e-10 4.16301e-10 4.01353e-10 3.86269e-10 3.73701e-10 3.59973e-10 3.5122e-10 3.441e-10 3.24042e-10 2.9997e-10 2.90251e-10 2.84952e-10 2.64562e-10 2.35646e-10 2.18144e-10 2.13273e-10 2.03201e-10 1.74473e-10 1.30545e-10 8.46968e-11 4.79435e-11 2.38972e-11 1.05861e-11 4.20263e-12 1.50619e-12 4.90402e-13 1.45851e-13 3.98116e-14 1.0015e-14 2.33028e-15 5.03129e-16 1.01088e-16 1.89487e-17 3.32128e-18 5.45271e-19 8.24382e-20 0
0 3.81593e-20 2.58691e-19 1.61778e-18 9.4851e-18 5.20517e-17 2.66774e-16 1.27381e-15 5.65103e-15 2.32206e-14 8.80712e-14 3.07106e-13 9.80106e-13 2.84791e-12 7.48913e-12 1.76994e-11 3.72919e-11 6.94164e-11 1.13072e-10 1.59886e-10 1.9611e-10 2.12958e-10 2.17859e-10 2.29915e-10 2.5672e-10 2.82217e-10 2.91854e-10 2.99396e-10 3.21793e-10 3.441e-10 3.50331e-10 3.58154e-10 3.78191e-10 3.94713e-10 4.07579e-10 4.223e-10 4.31531e-10 4.40783e-10 4.51537e-10 4.59977e-10 4.71287e-10 4.80693e-10 4.90452e-10 4.99679e-10 5.06957e-10 5.14603e-10 5.19301e-10 5.24637e-10 5.26836e-10 5.29646e-10 5.29362e-10 5.29646e-10 5.26836e-10 5.24637e-10 5.19301e-10 5.14603e-10 5.06957e-10 4.99679e-10 4.90452e-10 4.80693e-10 4.71287e-10 4.59977e-10 4.51537e-10 4.40783e-10 4.31531e-10 4.223e-10 4.07579e-10 3.94713e-10 3.78191e-10 3.58154e-10 3.50331e-10 3.441e-10 3.21793e-10 2.99396e-10 2.91854e-10 2.82217e-10 2.5672e-10 2.29915e-10 2.17859e-10 2.12958e-10 1.9611e-10 1.59886e-10 1.13072e-10 6.94164e-11 3.72919e-11 1.76994e-11 7.48913e-12 2.84791e-12 9.80106e-13 3.07106e-13 8.80712e-14 2.32206e-14 5.65103e-15 1.27381e-15 2.66774e-16 5.20517e-17 9.48501e-18 1.61705e-18 2.53282e-19 0
0 1.13239e-19 7.41672e-19 4.47154e-18 2.52491e-17 1.33299e-16 6.56433e-16 3.00743e-15 1.27812e-14 5.02199e-14 1.81754e-13 6.03305e-13 1.82767e-12 5.02458e-12 1.24535e-11 2.76162e-11 5.4319e-11 9.38711e-11 1.4124e-10 1.84118e-10 2.09854e-10 2.182e-10 2.25385e-10 2.46931e-10 2.75879e-10 2.92669e-10 2.99268e-10 3.16285e-10 3.4061e-10 3.5122e-10 3.58154e-10 3.80547e-10 4.00595e-10 4.08275e-10 4.20753e-10 4.33289e-10 4.42705e-10 4.58307e-10 4.70845e-10 4.83461e-10 4.9677e-10 5.05785e-10 5.16888e-10 5.23735e-10 5.31757e-10 5.37225e-10 5.42338e-10 5.46349e-10 5.48836e-10 5.5099e-10 5.51047e-10 5.5099e-10 5.48836e-10 5.46349e-10 5.42338e-10 5.37225e-10 5.31757e-10 5.23735e-10 5.16888e-10 5.05785e-10 4.9677e-10 4.83461e-10 4.70845e-10 4.58307e-10 4.42705e-10 4.33289e-10 4.20753e-10 4.08275e-10 4.00595e-10 3.80547e-10 3.58154e-10 3.5122e-10 3.4061e-10 3.16285e-10 2.99268e-10 2.92669e-10 2.75879e-10 2.46931e-10 2.25385e-10 2.182e-10 2.09854e-10 1.84118e-10 1.4124e-10 9.38711e-11 5.4319e-11 2.76162e-11 1.24535e-11 5.02458e-12 1.82767e-12 6.03305e-13 1.81754e-13 5.02199e-14 1.27812e-14 3.00743e-15 6.56433e-16 1.33299e-16 2.52488e-17 4.46924e-18 7.25047e-19 0
0 3.13107e-19 1.9821e-18 1.15248e-17 6.26966e-17 3.18552e-16 1.50788e-15 6.63125e-15 2.70091e-14 1.01525e-13 3.50787e-13 1.10896e-12 3.19074e-12 8.3044e-12 1.94125e-11 4.04264e-11 7.43167e-11 1.19462e-10 1.66656e-10 2.01939e-10 2.17695e-10 2.23134e-10 2.37355e-10 2.65447e-10 2.90145e-10 2.99993e-10 3.1055e-10 3.33548e-10 3.51964e-10 3.59973e-10 3.78191e-10 4.00595e-10 4.07459e-10 4.17243e-10 4.37283e-10 4.50106e-10 4.65484e-10 4.81911e-10 4.91364e-10 5.04755e-10 5.13702e-10 5.23165e-10 5.33085e-10 5.40038e-10 5.49672e-10 5.5481e-10 5.62641e-10 5.65794e-10 5.70928e-10 5.71628e-10 5.73779e-10 5.71628e-10 5.70928e-10 5.65794e-10 5.62641e-10 5.5481e-10 5.49672e-10 5.40038e-10 5.33085e-10 5.23165e-10 5.13702e-10 5.04755e-10 4.91364e-10 4.81911e-10 4.65484e-10 4.50106e-10 4.37283e-10 4.17243e-10 4.07459e-10 4.00595e-10 3.78191e-10 3.59973e-10 3.51964e-10 3.33548e-10 3.1055e-10 2.99993e-10 2.90145e-10 2.65447e-10 2.37355e-10 2.23134e-10 2.17695e-10 2.01939e-10 1.66656e-10 1.19462e-10 7.43167e-11 4.04264e-11 1.94125e-11 8.3044e-12 3.19074e-12 1.10896e-12 3.50787e-13 1.01525e-13 2.70091e-14 6.63125e-15 1.50788e-15 3.18552e-16 6.26957e-17 1.1518e-17 1.9345e-18 0
0 8.07073e-19 4.94115e-18 2.77232e-17 1.4539e-16 7.11372e-16 3.2389e-15 1.36824e-14 5.345e-14 1.92366e-13 6.351e-13 1.91405e-12 5.23603e-12 1.29162e-11 2.85145e-11 5.58527e-11 9.61613e-11 1.44238e-10 1.87634e-10 2.13753e-10 2.2257e-10 2.30403e-10 2.52587e-10 2.82125e-10 2.99795e-10 3.07361e-10 3.24434e-10 3.48696e-10 3.6223e-10 3.73701e-10 3.94713e-10 4.08275e-10 4.17243e-10 4.39853e-10 4.57725e-10 4.67131e-10 4.83596e-10 4.94141e-10 5.05112e-10 5.20013e-10 5.29908e-10 5.44551e-10 5.54852e-10 5.66389e-10 5.76072e-10 5.83912e-10 5.9177e-10 5.96075e-10 6.01337e-10 6.02298e-10 6.04549e-10 6.02298e-10 6.01337e-10 5.96075e-10 5.9177e-10 5.83912e-10 5.76072e-10 5.66389e-10 5.54852e-10 5.44551e-10 5.29908e-10 5.20013e-10 5.05112e-10 4.94141e-10 4.83596e-10 4.67131e-10 4.57725e-10 4.39853e-10 4.17243e-10 4.08275e-10 3.94713e-10 3.73701e-10 3.6223e-10 3.48696e-10 3.24434e-10 3.07361e-10 2.99795e-10 2.82125e-10 2.52587e-10 2.30403e-10 2.2257e-10 2.13753e-10 1.87634e-10 1.44238e-10 9.61613e-11 5.58527e-11 2.85145e-11 1.29162e-11 5.23603e-12 1.91405e-12 6.351e-13 1.92366e-13 5.345e-14 1.36824e-14 3.2389e-15 7.11371e-16 1.45387e-16 2.77045e-17 4.81416e-18 0
