0 2.24453e-23 1.29555e-22 6.93949e-22 3.53646e-21 1.71453e-20 7.90172e-20 3.45901e-19 1.43709e-18 5.66188e-18 2.11366e-17 7.47079e-17 2.49821e-16 7.89808e-16 2.35927e-15 6.6554e-15 1.77236e-14 4.45478e-14 1.05683e-13 2.36705e-13 5.00822e-13 1.00189e-12 1.89744e-12 3.40736e-12 5.81335e-12 9.44449e-12 1.4648e-11 2.17479e-11 3.09985e-11 4.25428e-11 5.63828e-11 7.237e-11 9.02147e-11 1.09513e-10 1.29787e-10 1.50526e-10 1.71229e-10 1.91436e-10 2.10754e-10 2.28871e-10 2.45554e-10 2.60649e-10 2.74069e-10 2.85783e-10 2.95796e-10 3.04143e-10 3.10873e-10 3.16039e-10 3.19689e-10 3.21862e-10 3.22584e-10 3.21862e-10 3.19689e-10 3.16039e-10 3.10873e-10 3.04143e-10 2.95796e-10 2.85783e-10 2.74069e-10 2.60649e-10 2.45554e-10 2.28871e-10 2.10754e-10 1.91436e-10 1.71229e-10 1.50526e-10 1.29787e-10 1.09513e-10 9.02147e-11 7.237e-11 5.63828e-11 4.25428e-11 3.09985e-11 2.17479e-11 1.4648e-11 9.44449e-12 5.81335e-12 3.40736e-12 1.89744e-12 1.00189e-12 5.00822e-13 2.36705e-13 1.05683e-13 4.45478e-14 1.77236e-14 6.6554e-15 2.35927e-15 7.89808e-16 2.49821e-16 7.47079e-17 2.11366e-17 5.66188e-18 1.43709e-18 3.45901e-19 7.90172e-20 1.71453e-20 3.53636e-21 6.93329e-22 1.25736e-22 0
0 6.60231e-23 3.71328e-22 1.93453e-21 9.58369e-21 4.51455e-20 2.02059e-19 8.58537e-19 3.46015e-18 1.32167e-17 4.78057e-17 1.63614e-16 5.29433e-16 1.61865e-15 4.67284e-15 1.27317e-14 3.27289e-14 7.93705e-14 1.81603e-13 3.92191e-13 8.00027e-13 1.5432e-12 2.81897e-12 4.8856e-12 8.05137e-12 1.26486e-11 1.89952e-11 2.73497e-11 3.78698e-11 5.05821e-11 6.537e-11 8.19814e-11 1.00053e-10 1.19147e-10 1.38791e-10 1.58518e-10 1.77894e-10 1.96549e-10 2.1418e-10 2.30562e-10 2.4554e-10 2.59021e-10 2.70963e-10 2.81363e-10 2.90245e-10 2.97649e-10 3.03622e-10 3.0821e-10 3.11455e-10 3.13388e-10 3.1403e-10 3.13388e-10 3.11455e-10 3.0821e-10 3.03622e-10 2.97649e-10 2.90245e-10 2.81363e-10 2.70963e-10 2.59021e-10 2.4554e-10 2.30562e-10 2.1418e-10 1.96549e-10 1.77894e-10 1.58518e-10 1.38791e-10 1.19147e-10 1.00053e-10 8.19814e-11 6.537e-11 5.05821e-11 3.78698e-11 2.73497e-11 1.89952e-11 1.26486e-11 8.05137e-12 4.8856e-12 2.81897e-12 1.5432e-12 8.00027e-13 3.92191e-13 1.81603e-13 7.93705e-14 3.27289e-14 1.27317e-14 4.67284e-15 1.61865e-15 5.29433e-16 1.63614e-16 4.78057e-17 1.32167e-17 3.46015e-18 8.58537e-19 2.02058e-19 4.51455e-20 9.58338e-21 1.93261e-21 3.59784e-22 0
0 3.49717e-22 1.90976e-21 9.63758e-21 4.62075e-20 2.10482e-19 9.10123e-19 3.73231e-18 1.45028e-17 5.3348e-17 1.85603e-16 6.10188e-16 1.89404e-15 5.54656e-15 1.53134e-14 3.98377e-14 9.76185e-14 2.2528e-13 4.89696e-13 1.0031e-12 1.93798e-12 3.53587e-12 6.10283e-12 9.98616e-12 1.55317e-11 2.30289e-11 3.26555e-11 4.44371e-11 5.82314e-11 7.37417e-11 9.05533e-11 1.08186e-10 1.26149e-10 1.43985e-10 1.61308e-10 1.77818e-10 1.93303e-10 2.07635e-10 2.2075e-10 2.32635e-10 2.43308e-10 2.52807e-10 2.61177e-10 2.68463e-10 2.74705e-10 2.79938e-10 2.84188e-10 2.87475e-10 2.89815e-10 2.91215e-10 2.91681e-10 2.91215e-10 2.89815e-10 2.87475e-10 2.84188e-10 2.79938e-10 2.74705e-10 2.68463e-10 2.61177e-10 2.52807e-10 2.43308e-10 2.32635e-10 2.2075e-10 2.07635e-10 1.93303e-10 1.77818e-10 1.61308e-10 1.43985e-10 1.26149e-10 1.08186e-10 9.05533e-11 7.37417e-11 5.82314e-11 4.44371e-11 3.26555e-11 2.30289e-11 1.55317e-11 9.98616e-12 6.10283e-12 3.53587e-12 1.93798e-12 1.0031e-12 4.89696e-13 2.2528e-13 9.76185e-14 3.98377e-14 1.53134e-14 5.54656e-15 1.89404e-15 6.10188e-16 1.85603e-16 5.3348e-17 1.45028e-17 3.73231e-18 9.10123e-19 2.10481e-19 4.62057e-20 9.62675e-21 1.8467e-21 0
0 1.81218e-21 9.61755e-21 4.70568e-20 2.18559e-19 9.63661e-19 4.02985e-18 1.59677e-17 5.98896e-17 2.12415e-16 7.11725e-16 2.25066e-15 6.71083e-15 1.8851e-14 4.98492e-14 1.24016e-13 2.90145e-13 6.38251e-13 1.32029e-12 2.5696e-12 4.70972e-12 8.14089e-12 1.32963e-11 2.05694e-11 3.02269e-11 4.23315e-11 5.66997e-11 7.29087e-11 9.0353e-11 1.08333e-10 1.26156e-10 1.43222e-10 1.59083e-10 1.73464e-10 1.86262e-10 1.9751e-10 2.07337e-10 2.15925e-10 2.23471e-10 2.30157e-10 2.36132e-10 2.41506e-10 2.46346e-10 2.50686e-10 2.54529e-10 2.57858e-10 2.60645e-10 2.62858e-10 2.64464e-10 2.65439e-10 2.65765e-10 2.65439e-10 2.64464e-10 2.62858e-10 2.60645e-10 2.57858e-10 2.54529e-10 2.50686e-10 2.46346e-10 2.41506e-10 2.36132e-10 2.30157e-10 2.23471e-10 2.15925e-10 2.07337e-10 1.9751e-10 1.86262e-10 1.73464e-10 1.59083e-10 1.43222e-10 1.26156e-10 1.08333e-10 9.0353e-11 7.29087e-11 5.66997e-11 4.23315e-11 3.02269e-11 2.05694e-11 1.32963e-11 8.14089e-12 4.70972e-12 2.5696e-12 1.32029e-12 6.38251e-13 2.90145e-13 1.24016e-13 4.98492e-14 1.8851e-14 6.71083e-15 2.25066e-15 7.11725e-16 2.12415e-16 5.98896e-17 1.59677e-17 4.02985e-18 9.63659e-19 2.18549e-19 4.69972e-20 9.28086e-21 0
0 8.94093e-21 4.60963e-20 2.18541e-19 9.82632e-19 4.19064e-18 1.69346e-17 6.47764e-17 2.34284e-16 8.00353e-16 2.57966e-15 7.83654e-15 2.24142e-14 6.03037e-14 1.52484e-13 3.6213e-13 8.07353e-13 1.68942e-12 3.31861e-12 6.12317e-12 1.06235e-11 1.73593e-11 2.67751e-11 3.90892e-11 5.41911e-11 7.16056e-11 9.05431e-11 1.10024e-10 1.29043e-10 1.46723e-10 1.62432e-10 1.75834e-10 1.86882e-10 1.9576e-10 2.0281e-10 2.08444e-10 2.13077e-10 2.17073e-10 2.20717e-10 2.24203e-10 2.27638e-10 2.31055e-10 2.34432e-10 2.37706e-10 2.40794e-10 2.43604e-10 2.46044e-10 2.48032e-10 2.49503e-10 2.50406e-10 2.5071e-10 2.50406e-10 2.49503e-10 2.48032e-10 2.46044e-10 2.43604e-10 2.40794e-10 2.37706e-10 2.34432e-10 2.31055e-10 2.27638e-10 2.24203e-10 2.20717e-10 2.17073e-10 2.13077e-10 2.08444e-10 2.0281e-10 1.9576e-10 1.86882e-10 1.75834e-10 1.62432e-10 1.46723e-10 1.29043e-10 1.10024e-10 9.05431e-11 7.16056e-11 5.41911e-11 3.90892e-11 2.67751e-11 1.73593e-11 1.06235e-11 6.12317e-12 3.31861e-12 1.68942e-12 8.07353e-13 3.6213e-13 1.52484e-13 6.03037e-14 2.24142e-14 7.83654e-15 2.57966e-15 8.00353e-16 2.34284e-16 6.47764e-17 1.69346e-17 4.19063e-18 9.82578e-19 2.18229e-19 4.43837e-20 0
0 4.19337e-20 2.09909e-19 9.63563e-19 4.19062e-18 1.727e-17 6.7369e-17 2.48479e-16 8.65511e-16 2.84377e-15 8.80317e-15 2.56445e-14 7.02212e-14 1.8055e-13 4.35487e-13 9.84611e-13 2.08562e-12 4.13804e-12 7.69179e-12 1.3404e-11 2.19265e-11 3.37336e-11 4.89375e-11 6.71611e-11 8.7531e-11 1.08808e-10 1.29619e-10 1.48717e-10 1.6519e-10 1.78575e-10 1.88856e-10 1.96385e-10 2.01741e-10 2.05594e-10 2.08584e-10 2.11244e-10 2.13954e-10 2.16943e-10 2.20305e-10 2.24026e-10 2.2802e-10 2.3216e-10 2.36301e-10 2.403e-10 2.44022e-10 2.47354e-10 2.50201e-10 2.52488e-10 2.54159e-10 2.55176e-10 2.55518e-10 2.55176e-10 2.54159e-10 2.52488e-10 2.50201e-10 2.47354e-10 2.44022e-10 2.403e-10 2.36301e-10 2.3216e-10 2.2802e-10 2.24026e-10 2.20305e-10 2.16943e-10 2.13954e-10 2.11244e-10 2.08584e-10 2.05594e-10 2.01741e-10 1.96385e-10 1.88856e-10 1.78575e-10 1.6519e-10 1.48717e-10 1.29619e-10 1.08808e-10 8.7531e-11 6.71611e-11 4.89375e-11 3.37336e-11 2.19265e-11 1.3404e-11 7.69179e-12 4.13804e-12 2.08562e-12 9.84611e-13 4.35487e-13 1.8055e-13 7.02212e-14 2.56445e-14 8.80317e-15 2.84377e-15 8.65511e-16 2.48479e-16 6.7369e-17 1.72699e-17 4.19035e-18 9.62006e-19 2.01622e-19 0
0 1.86793e-19 9.07316e-19 4.02936e-18 1.69345e-17 6.7369e-17 2.53398e-16 9.00041e-16 3.01496e-15 9.51241e-15 2.82305e-14 7.87034e-14 2.05855e-13 5.04544e-13 1.15755e-12 2.48371e-12 4.98095e-12 9.33402e-12 1.63484e-11 2.67851e-11 4.11146e-11 5.92655e-11 8.04815e-11 1.03377e-10 1.26203e-10 1.47233e-10 1.65135e-10 1.79208e-10 1.89434e-10 1.96356e-10 2.0086e-10 2.03936e-10 2.06483e-10 2.09184e-10 2.12458e-10 2.1648e-10 2.2123e-10 2.26559e-10 2.32252e-10 2.38079e-10 2.43823e-10 2.49306e-10 2.54391e-10 2.58979e-10 2.63006e-10 2.66434e-10 2.69245e-10 2.7143e-10 2.72989e-10 2.73923e-10 2.74234e-10 2.73923e-10 2.72989e-10 2.7143e-10 2.69245e-10 2.66434e-10 2.63006e-10 2.58979e-10 2.54391e-10 2.49306e-10 2.43823e-10 2.38079e-10 2.32252e-10 2.26559e-10 2.2123e-10 2.1648e-10 2.12458e-10 2.09184e-10 2.06483e-10 2.03936e-10 2.0086e-10 1.96356e-10 1.89434e-10 1.79208e-10 1.65135e-10 1.47233e-10 1.26203e-10 1.03377e-10 8.04815e-11 5.92655e-11 4.11146e-11 2.67851e-11 1.63484e-11 9.33402e-12 4.98095e-12 2.48371e-12 1.15755e-12 5.04544e-13 2.05855e-13 7.87034e-14 2.82305e-14 9.51241e-15 3.01496e-15 9.00041e-16 2.53398e-16 6.73688e-17 1.69331e-17 4.02197e-18 8.69211e-19 0
0 7.89575e-19 3.71924e-18 1.59653e-17 6.4776e-17 2.48479e-16 9.00041e-16 3.07426e-15 9.888e-15 2.99043e-14 8.49132e-14 2.26041e-13 5.633e-13 1.3123e-12 2.85446e-12 5.79116e-12 1.09507e-11 1.92946e-11 3.16869e-11 4.85558e-11 6.95636e-11 9.34606e-11 1.18251e-10 1.41661e-10 1.61729e-10 1.77288e-10 1.88167e-10 1.95071e-10 1.99259e-10 2.02142e-10 2.04946e-10 2.08518e-10 2.13265e-10 2.19214e-10 2.26124e-10 2.33618e-10 2.41289e-10 2.48778e-10 2.5581e-10 2.62209e-10 2.67882e-10 2.72807e-10 2.77007e-10 2.8053e-10 2.83438e-10 2.85791e-10 2.87643e-10 2.89039e-10 2.90012e-10 2.90587e-10 2.90778e-10 2.90587e-10 2.90012e-10 2.89039e-10 2.87643e-10 2.85791e-10 2.83438e-10 2.8053e-10 2.77007e-10 2.72807e-10 2.67882e-10 2.62209e-10 2.5581e-10 2.48778e-10 2.41289e-10 2.33618e-10 2.26124e-10 2.19214e-10 2.13265e-10 2.08518e-10 2.04946e-10 2.02142e-10 1.99259e-10 1.95071e-10 1.88167e-10 1.77288e-10 1.61729e-10 1.41661e-10 1.18251e-10 9.34606e-11 6.95636e-11 4.85558e-11 3.16869e-11 1.92946e-11 1.09507e-11 5.79116e-12 2.85446e-12 1.3123e-12 5.633e-13 2.26041e-13 8.49132e-14 2.99043e-14 9.888e-15 3.07426e-15 9.00041e-16 2.48478e-16 6.47696e-17 1.5932e-17 3.55283e-18 0
0 3.16427e-18 1.44449e-17 5.98788e-17 2.34282e-16 8.65511e-16 3.01496e-15 9.888e-15 3.04838e-14 8.81974e-14 2.39078e-13 6.06156e-13 1.43504e-12 3.16725e-12 6.5073e-12 1.24305e-11 2.20588e-11 3.63539e-11 5.56681e-11 7.93237e-11 1.05478e-10 1.31457e-10 1.54502e-10 1.72616e-10 1.8512e-10 1.92695e-10 1.96975e-10 1.99907e-10 2.03184e-10 2.07881e-10 2.14374e-10 2.22459e-10 2.31576e-10 2.41041e-10 2.50227e-10 2.58667e-10 2.66087e-10 2.72391e-10 2.77614e-10 2.81873e-10 2.8532e-10 2.88113e-10 2.90388e-10 2.92256e-10 2.93797e-10 2.95062e-10 2.96081e-10 2.96871e-10 2.97435e-10 2.97775e-10 2.97888e-10 2.97775e-10 2.97435e-10 2.96871e-10 2.96081e-10 2.95062e-10 2.93797e-10 2.92256e-10 2.90388e-10 2.88113e-10 2.8532e-10 2.81873e-10 2.77614e-10 2.72391e-10 2.66087e-10 2.58667e-10 2.50227e-10 2.41041e-10 2.31576e-10 2.22459e-10 2.14374e-10 2.07881e-10 2.03184e-10 1.99907e-10 1.96975e-10 1.92695e-10 1.8512e-10 1.72616e-10 1.54502e-10 1.31457e-10 1.05478e-10 7.93237e-11 5.56681e-11 3.63539e-11 2.20588e-11 1.24305e-11 6.5073e-12 3.16725e-12 1.43504e-12 6.06156e-13 2.39078e-13 8.81974e-14 3.04838e-14 9.888e-15 3.01495e-15 8.65506e-16 2.34254e-16 5.97363e-17 1.37553e-17 0
0 1.20119e-17 5.31046e-17 2.12368e-16 8.00344e-16 2.84377e-15 9.51241e-15 2.99043e-14 8.81974e-14 2.43586e-13 6.28769e-13 1.514e-12 3.39398e-12 7.07e-12 1.36616e-11 2.4453e-11 4.05031e-11 6.207e-11 8.80847e-11 1.1604e-10 1.42551e-10 1.64461e-10 1.7999e-10 1.89287e-10 1.94163e-10 1.97202e-10 2.00782e-10 2.06399e-10 2.14461e-10 2.24487e-10 2.35501e-10 2.46447e-10 2.56472e-10 2.65067e-10 2.72066e-10 2.77572e-10 2.81845e-10 2.85202e-10 2.87946e-10 2.90319e-10 2.92486e-10 2.94543e-10 2.96525e-10 2.98423e-10 3.00204e-10 3.0182e-10 3.03223e-10 3.04365e-10 3.05209e-10 3.05727e-10 3.05902e-10 3.05727e-10 3.05209e-10 3.04365e-10 3.03223e-10 3.0182e-10 3.00204e-10 2.98423e-10 2.96525e-10 2.94543e-10 2.92486e-10 2.90319e-10 2.87946e-10 2.85202e-10 2.81845e-10 2.77572e-10 2.72066e-10 2.65067e-10 2.56472e-10 2.46447e-10 2.35501e-10 2.24487e-10 2.14461e-10 2.06399e-10 2.00782e-10 1.97202e-10 1.94163e-10 1.89287e-10 1.7999e-10 1.64461e-10 1.42551e-10 1.1604e-10 8.80847e-11 6.207e-11 4.05031e-11 2.4453e-11 1.36616e-11 7.07e-12 3.39398e-12 1.514e-12 6.28769e-13 2.43586e-13 8.81974e-14 2.99043e-14 9.51241e-15 2.84375e-15 8.00227e-16 2.11789e-16 5.03953e-17 0
0 4.31538e-17 1.84632e-16 7.11533e-16 2.57963e-15 8.80317e-15 2.82305e-14 8.49132e-14 2.39078e-13 6.28769e-13 1.54125e-12 3.51317e-12 7.42967e-12 1.45449e-11 2.63046e-11 4.38734e-11 6.74206e-11 9.54705e-11 1.24818e-10 1.51359e-10 1.71653e-10 1.84388e-10 1.90855e-10 1.94138e-10 1.97599e-10 2.0355e-10 2.12685e-10 2.2429e-10 2.36888e-10 2.48949e-10 2.59376e-10 2.67683e-10 2.73942e-10 2.78579e-10 2.82166e-10 2.85245e-10 2.88225e-10 2.91354e-10 2.94727e-10 2.98325e-10 3.02058e-10 3.05802e-10 3.09432e-10 3.12832e-10 3.15909e-10 3.18592e-10 3.20834e-10 3.226e-10 3.23873e-10 3.2464e-10 3.24896e-10 3.2464e-10 3.23873e-10 3.226e-10 3.20834e-10 3.18592e-10 3.15909e-10 3.12832e-10 3.09432e-10 3.05802e-10 3.02058e-10 2.98325e-10 2.94727e-10 2.91354e-10 2.88225e-10 2.85245e-10 2.82166e-10 2.78579e-10 2.73942e-10 2.67683e-10 2.59376e-10 2.48949e-10 2.36888e-10 2.2429e-10 2.12685e-10 2.0355e-10 1.97599e-10 1.94138e-10 1.90855e-10 1.84388e-10 1.71653e-10 1.51359e-10 1.24818e-10 9.54705e-11 6.74206e-11 4.38734e-11 2.63046e-11 1.45449e-11 7.42967e-12 3.51317e-12 1.54125e-12 6.28769e-13 2.39078e-13 8.49132e-14 2.82305e-14 8.80307e-15 2.57916e-15 7.09303e-16 1.74549e-16 0
0 1.46593e-16 6.06514e-16 2.24991e-15 7.8364e-15 2.56445e-14 7.87033e-14 2.26041e-13 6.06156e-13 1.514e-12 3.51317e-12 7.5534e-12 1.50063e-11 2.74753e-11 4.62489e-11 7.14427e-11 1.01206e-10 1.31642e-10 1.57946e-10 1.76473e-10 1.8659e-10 1.90947e-10 1.93918e-10 1.99279e-10 2.08641e-10 2.21339e-10 2.35348e-10 2.4849e-10 2.59295e-10 2.67318e-10 2.72965e-10 2.77105e-10 2.80672e-10 2.84398e-10 2.88698e-10 2.93681e-10 2.99234e-10 3.05118e-10 3.11062e-10 3.16819e-10 3.22199e-10 3.27075e-10 3.31379e-10 3.35089e-10 3.38215e-10 3.40781e-10 3.42821e-10 3.44369e-10 3.45452e-10 3.46094e-10 3.46306e-10 3.46094e-10 3.45452e-10 3.44369e-10 3.42821e-10 3.40781e-10 3.38215e-10 3.35089e-10 3.31379e-10 3.27075e-10 3.22199e-10 3.16819e-10 3.11062e-10 3.05118e-10 2.99234e-10 2.93681e-10 2.88698e-10 2.84398e-10 2.80672e-10 2.77105e-10 2.72965e-10 2.67318e-10 2.59295e-10 2.4849e-10 2.35348e-10 2.21339e-10 2.08641e-10 1.99279e-10 1.93918e-10 1.90947e-10 1.8659e-10 1.76473e-10 1.57946e-10 1.31642e-10 1.01206e-10 7.14427e-11 4.62489e-11 2.74753e-11 1.50063e-11 7.5534e-12 3.51317e-12 1.514e-12 6.06156e-13 2.26041e-13 7.87033e-14 2.56441e-14 7.83463e-15 2.24178e-15 5.70997e-16 0
0 4.70461e-16 1.88087e-15 6.70804e-15 2.24136e-14 7.02211e-14 2.05855e-13 5.633e-13 1.43504e-12 3.39398e-12 7.42967e-12 1.50063e-11 2.78758e-11 4.74762e-11 7.39359e-11 1.05111e-10 1.36473e-10 1.62527e-10 1.79456e-10 1.87395e-10 1.90468e-10 1.94244e-10 2.02461e-10 2.15405e-10 2.30689e-10 2.45213e-10 2.56805e-10 2.64894e-10 2.70265e-10 2.74336e-10 2.78458e-10 2.835e-10 2.89741e-10 2.96987e-10 3.04785e-10 3.12623e-10 3.20064e-10 3.26812e-10 3.3272e-10 3.37761e-10 3.4199e-10 3.45504e-10 3.48409e-10 3.50805e-10 3.52774e-10 3.54375e-10 3.55651e-10 3.56627e-10 3.57318e-10 3.5773e-10 3.57867e-10 3.5773e-10 3.57318e-10 3.56627e-10 3.55651e-10 3.54375e-10 3.52774e-10 3.50805e-10 3.48409e-10 3.45504e-10 3.4199e-10 3.37761e-10 3.3272e-10 3.26812e-10 3.20064e-10 3.12623e-10 3.04785e-10 2.96987e-10 2.89741e-10 2.835e-10 2.78458e-10 2.74336e-10 2.70265e-10 2.64894e-10 2.56805e-10 2.45213e-10 2.30689e-10 2.15405e-10 2.02461e-10 1.94244e-10 1.90468e-10 1.87395e-10 1.79456e-10 1.62527e-10 1.36473e-10 1.05111e-10 7.39359e-11 4.74762e-11 2.78758e-11 1.50063e-11 7.42967e-12 3.39398e-12 1.43504e-12 5.633e-13 2.05854e-13 7.02197e-14 2.24073e-14 6.67995e-15 1.76254e-15 0
0 1.4253e-15 5.50183e-15 1.88412e-14 6.03016e-14 1.8055e-13 5.04544e-13 1.3123e-12 3.16725e-12 7.07e-12 1.45449e-11 2.74753e-11 4.74762e-11 7.47802e-11 1.07085e-10 1.3934e-10 1.65376e-10 1.81137e-10 1.87477e-10 1.89973e-10 1.95265e-10 2.06661e-10 2.22636e-10 2.39008e-10 2.52206e-10 2.61035e-10 2.66512e-10 2.70727e-10 2.75603e-10 2.82144e-10 2.90377e-10 2.9967e-10 3.09142e-10 3.18025e-10 3.25833e-10 3.32383e-10 3.3774e-10 3.42104e-10 3.45724e-10 3.48832e-10 3.51604e-10 3.54152e-10 3.5653e-10 3.58748e-10 3.60785e-10 3.62603e-10 3.64161e-10 3.6542e-10 3.66344e-10 3.66908e-10 3.67098e-10 3.66908e-10 3.66344e-10 3.6542e-10 3.64161e-10 3.62603e-10 3.60785e-10 3.58748e-10 3.5653e-10 3.54152e-10 3.51604e-10 3.48832e-10 3.45724e-10 3.42104e-10 3.3774e-10 3.32383e-10 3.25833e-10 3.18025e-10 3.09142e-10 2.9967e-10 2.90377e-10 2.82144e-10 2.75603e-10 2.70727e-10 2.66512e-10 2.61035e-10 2.52206e-10 2.39008e-10 2.22636e-10 2.06661e-10 1.95265e-10 1.89973e-10 1.87477e-10 1.81137e-10 1.65376e-10 1.3934e-10 1.07085e-10 7.47802e-11 4.74762e-11 2.74753e-11 1.45449e-11 7.07e-12 3.16725e-12 1.3123e-12 5.04543e-13 1.80545e-13 6.02803e-14 1.87494e-14 5.12929e-15 0
0 4.07332e-15 1.51696e-14 4.98166e-14 1.52477e-13 4.35486e-13 1.15755e-12 2.85446e-12 6.5073e-12 1.36616e-11 2.63046e-11 4.62489e-11 7.39359e-11 1.07085e-10 1.40289e-10 1.66733e-10 1.81958e-10 1.87306e-10 1.89671e-10 1.96691e-10 2.1105e-10 2.29166e-10 2.45205e-10 2.55927e-10 2.62035e-10 2.66384e-10 2.71747e-10 2.79519e-10 2.89465e-10 3.00368e-10 3.10882e-10 3.20041e-10 3.27471e-10 3.33314e-10 3.37988e-10 3.41993e-10 3.45752e-10 3.49534e-10 3.53463e-10 3.57534e-10 3.6167e-10 3.65752e-10 3.69658e-10 3.73281e-10 3.76532e-10 3.7935e-10 3.81689e-10 3.83527e-10 3.84845e-10 3.85639e-10 3.85903e-10 3.85639e-10 3.84845e-10 3.83527e-10 3.81689e-10 3.7935e-10 3.76532e-10 3.73281e-10 3.69658e-10 3.65752e-10 3.6167e-10 3.57534e-10 3.53463e-10 3.49534e-10 3.45752e-10 3.41993e-10 3.37988e-10 3.33314e-10 3.27471e-10 3.20041e-10 3.10882e-10 3.00368e-10 2.89465e-10 2.79519e-10 2.71747e-10 2.66384e-10 2.62035e-10 2.55927e-10 2.45205e-10 2.29166e-10 2.1105e-10 1.96691e-10 1.89671e-10 1.87306e-10 1.81958e-10 1.66733e-10 1.40289e-10 1.07085e-10 7.39359e-11 4.62489e-11 2.63046e-11 1.36616e-11 6.5073e-12 2.85446e-12 1.15755e-12 4.3547e-13 1.52408e-13 4.95331e-14 1.40619e-14 0
0 1.09745e-14 3.94004e-14 1.23914e-13 3.62107e-13 9.84606e-13 2.48371e-12 5.79116e-12 1.24305e-11 2.4453e-11 4.38734e-11 7.14427e-11 1.05111e-10 1.3934e-10 1.66733e-10 1.822e-10 1.8716e-10 1.89552e-10 1.98035e-10 2.14799e-10 2.34235e-10 2.4906e-10 2.57043e-10 2.61448e-10 2.66686e-10 2.7502e-10 2.86214e-10 2.98459e-10 3.09718e-10 3.18858e-10 3.2579e-10 3.31102e-10 3.35687e-10 3.40296e-10 3.45361e-10 3.51016e-10 3.57129e-10 3.63457e-10 3.69725e-10 3.75689e-10 3.81185e-10 3.86104e-10 3.9041e-10 3.94097e-10 3.97193e-10 3.99732e-10 4.01752e-10 4.03288e-10 4.04364e-10 4.05004e-10 4.05215e-10 4.05004e-10 4.04364e-10 4.03288e-10 4.01752e-10 3.99732e-10 3.97193e-10 3.94097e-10 3.9041e-10 3.86104e-10 3.81185e-10 3.75689e-10 3.69725e-10 3.63457e-10 3.57129e-10 3.51016e-10 3.45361e-10 3.40296e-10 3.35687e-10 3.31102e-10 3.2579e-10 3.18858e-10 3.09718e-10 2.98459e-10 2.86214e-10 2.7502e-10 2.66686e-10 2.61448e-10 2.57043e-10 2.4906e-10 2.34235e-10 2.14799e-10 1.98035e-10 1.89552e-10 1.8716e-10 1.822e-10 1.66733e-10 1.3934e-10 1.05111e-10 7.14427e-11 4.38734e-11 2.4453e-11 1.24305e-11 5.79116e-12 2.4837e-12 9.84557e-13 3.619e-13 1.23087e-13 3.62914e-14 0
0 2.7862e-14 9.63611e-14 2.89839e-13 8.07282e-13 2.0856e-12 4.98094e-12 1.09507e-11 2.20588e-11 4.05031e-11 6.74206e-11 1.01206e-10 1.36473e-10 1.65376e-10 1.81958e-10 1.8716e-10 1.89526e-10 1.9884e-10 2.17286e-10 2.37562e-10 2.51021e-10 2.56693e-10 2.6069e-10 2.68427e-10 2.80306e-10 2.93723e-10 3.05929e-10 3.15287e-10 3.21917e-10 3.27153e-10 3.32309e-10 3.38273e-10 3.45348e-10 3.5323e-10 3.61438e-10 3.69453e-10 3.76853e-10 3.83446e-10 3.8914e-10 3.93998e-10 3.98121e-10 4.01624e-10 4.04626e-10 4.07195e-10 4.09404e-10 4.11263e-10 4.12802e-10 4.14004e-10 4.14877e-10 4.154e-10 4.15579e-10 4.154e-10 4.14877e-10 4.14004e-10 4.12802e-10 4.11263e-10 4.09404e-10 4.07195e-10 4.04626e-10 4.01624e-10 3.98121e-10 3.93998e-10 3.8914e-10 3.83446e-10 3.76853e-10 3.69453e-10 3.61438e-10 3.5323e-10 3.45348e-10 3.38273e-10 3.32309e-10 3.27153e-10 3.21917e-10 3.15287e-10 3.05929e-10 2.93723e-10 2.80306e-10 2.68427e-10 2.6069e-10 2.56693e-10 2.51021e-10 2.37562e-10 2.17286e-10 1.9884e-10 1.89526e-10 1.8716e-10 1.81958e-10 1.65376e-10 1.36473e-10 1.01206e-10 6.74206e-11 4.05031e-11 2.20588e-11 1.09507e-11 4.98091e-12 2.08546e-12 8.06689e-13 2.87559e-13 8.8128e-14 0
0 6.66358e-14 2.21861e-13 6.37387e-13 1.68921e-12 4.13799e-12 9.33401e-12 1.92946e-11 3.63539e-11 6.207e-11 9.54705e-11 1.31642e-10 1.62527e-10 1.81137e-10 1.87306e-10 1.89552e-10 1.9884e-10 2.18153e-10 2.39177e-10 2.51799e-10 2.55916e-10 2.60396e-10 2.71292e-10 2.8615e-10 2.99765e-10 3.09868e-10 3.16763e-10 3.22093e-10 3.28057e-10 3.35684e-10 3.44693e-10 3.54434e-10 3.63939e-10 3.72477e-10 3.79835e-10 3.85957e-10 3.91111e-10 3.95591e-10 3.99624e-10 4.0345e-10 4.07112e-10 4.10678e-10 4.14089e-10 4.17302e-10 4.20245e-10 4.22842e-10 4.25053e-10 4.26806e-10 4.28095e-10 4.28864e-10 4.29133e-10 4.28864e-10 4.28095e-10 4.26806e-10 4.25053e-10 4.22842e-10 4.20245e-10 4.17302e-10 4.14089e-10 4.10678e-10 4.07112e-10 4.0345e-10 3.99624e-10 3.95591e-10 3.91111e-10 3.85957e-10 3.79835e-10 3.72477e-10 3.63939e-10 3.54434e-10 3.44693e-10 3.35684e-10 3.28057e-10 3.22093e-10 3.16763e-10 3.09868e-10 2.99765e-10 2.8615e-10 2.71292e-10 2.60396e-10 2.55916e-10 2.51799e-10 2.39177e-10 2.18153e-10 1.9884e-10 1.89552e-10 1.87306e-10 1.81137e-10 1.62527e-10 1.31642e-10 9.54705e-11 6.207e-11 3.63539e-11 1.92946e-11 9.33391e-12 4.13758e-12 1.68761e-12 6.31452e-13 2.01297e-13 0
0 1.50123e-13 4.80905e-13 1.31798e-12 3.31804e-12 7.69166e-12 1.63484e-11 3.16869e-11 5.56681e-11 8.80847e-11 1.24818e-10 1.57946e-10 1.79456e-10 1.87477e-10 1.89671e-10 1.98035e-10 2.17286e-10 2.39177e-10 2.51984e-10 2.55381e-10 2.60478e-10 2.7419e-10 2.91043e-10 3.03228e-10 3.1041e-10 3.1616e-10 3.22739e-10 3.31492e-10 3.42302e-10 3.53296e-10 3.63248e-10 3.71699e-10 3.78426e-10 3.84088e-10 3.89242e-10 3.94259e-10 3.99561e-10 4.05056e-10 4.10753e-10 4.16462e-10 4.21975e-10 4.27207e-10 4.31946e-10 4.36216e-10 4.39878e-10 4.42997e-10 4.45504e-10 4.47458e-10 4.4883e-10 4.4966e-10 4.49929e-10 4.4966e-10 4.4883e-10 4.47458e-10 4.45504e-10 4.42997e-10 4.39878e-10 4.36216e-10 4.31946e-10 4.27207e-10 4.21975e-10 4.16462e-10 4.10753e-10 4.05056e-10 3.99561e-10 3.94259e-10 3.89242e-10 3.84088e-10 3.78426e-10 3.71699e-10 3.63248e-10 3.53296e-10 3.42302e-10 3.31492e-10 3.22739e-10 3.1616e-10 3.1041e-10 3.03228e-10 2.91043e-10 2.7419e-10 2.60478e-10 2.55381e-10 2.51984e-10 2.39177e-10 2.17286e-10 1.98035e-10 1.89671e-10 1.87477e-10 1.79456e-10 1.57946e-10 1.24818e-10 8.80847e-11 5.56681e-11 3.16869e-11 1.63481e-11 7.69057e-12 3.31393e-12 1.30339e-12 4.32459e-13 0
0 3.18661e-13 9.81731e-13 2.56377e-12 6.12168e-12 1.34036e-11 2.6785e-11 4.85557e-11 7.93237e-11 1.1604e-10 1.51359e-10 1.76473e-10 1.87395e-10 1.89973e-10 1.96691e-10 2.14799e-10 2.37562e-10 2.51799e-10 2.55381e-10 2.60567e-10 2.75979e-10 2.94123e-10 3.04479e-10 3.09104e-10 3.15681e-10 3.2565e-10 3.37207e-10 3.49312e-10 3.59771e-10 3.67601e-10 3.74139e-10 3.79996e-10 3.85964e-10 3.92836e-10 4.00178e-10 4.07972e-10 4.15789e-10 4.23141e-10 4.3004e-10 4.36093e-10 4.41496e-10 4.46135e-10 4.50127e-10 4.53561e-10 4.5641e-10 4.58847e-10 4.60744e-10 4.62289e-10 4.63314e-10 4.64001e-10 4.6417e-10 4.64001e-10 4.63314e-10 4.62289e-10 4.60744e-10 4.58847e-10 4.5641e-10 4.53561e-10 4.50127e-10 4.46135e-10 4.41496e-10 4.36093e-10 4.3004e-10 4.23141e-10 4.15789e-10 4.07972e-10 4.00178e-10 3.92836e-10 3.85964e-10 3.79996e-10 3.74139e-10 3.67601e-10 3.59771e-10 3.49312e-10 3.37207e-10 3.2565e-10 3.15681e-10 3.09104e-10 3.04479e-10 2.94123e-10 2.75979e-10 2.60567e-10 2.55381e-10 2.51799e-10 2.37562e-10 2.14799e-10 1.96691e-10 1.89973e-10 1.87395e-10 1.76473e-10 1.51359e-10 1.1604e-10 7.93236e-11 4.85556e-11 2.67843e-11 1.34009e-11 6.11174e-12 2.52992e-12 8.74064e-13 0
0 6.37658e-13 1.88883e-12 4.69579e-12 1.06198e-11 2.19255e-11 4.11144e-11 6.95636e-11 1.05478e-10 1.42551e-10 1.71653e-10 1.8659e-10 1.90468e-10 1.95265e-10 2.1105e-10 2.34235e-10 2.51021e-10 2.55916e-10 2.60478e-10 2.75979e-10 2.95152e-10 3.04656e-10 3.07629e-10 3.1609e-10 3.30137e-10 3.42851e-10 3.53303e-10 3.61905e-10 3.68074e-10 3.74505e-10 3.82461e-10 3.90992e-10 4.00538e-10 4.10008e-10 4.18567e-10 4.26522e-10 4.33149e-10 4.3904e-10 4.44214e-10 4.48747e-10 4.53103e-10 4.56935e-10 4.60722e-10 4.64041e-10 4.67188e-10 4.69868e-10 4.72189e-10 4.74023e-10 4.75358e-10 4.76186e-10 4.76443e-10 4.76186e-10 4.75358e-10 4.74023e-10 4.72189e-10 4.69868e-10 4.67188e-10 4.64041e-10 4.60722e-10 4.56935e-10 4.53103e-10 4.48747e-10 4.44214e-10 4.3904e-10 4.33149e-10 4.26522e-10 4.18567e-10 4.10008e-10 4.00538e-10 3.90992e-10 3.82461e-10 3.74505e-10 3.68074e-10 3.61905e-10 3.53303e-10 3.42851e-10 3.30137e-10 3.1609e-10 3.07629e-10 3.04656e-10 2.95152e-10 2.75979e-10 2.60478e-10 2.55916e-10 2.51021e-10 2.34235e-10 2.1105e-10 1.95265e-10 1.90468e-10 1.8659e-10 1.71653e-10 1.4255e-10 1.05478e-10 6.95631e-11 4.11127e-11 2.1919e-11 1.0597e-11 4.62157e-12 1.663e-12 0
0 1.20398e-12 3.42886e-12 8.10934e-12 1.73506e-11 3.37313e-11 5.9265e-11 9.34605e-11 1.31457e-10 1.64461e-10 1.84388e-10 1.90947e-10 1.94244e-10 2.06661e-10 2.29166e-10 2.4906e-10 2.56693e-10 2.60396e-10 2.7419e-10 2.94123e-10 3.04656e-10 3.0703e-10 3.1673e-10 3.34113e-10 3.46559e-10 3.53448e-10 3.61025e-10 3.68578e-10 3.76952e-10 3.88154e-10 3.98869e-10 4.0854e-10 4.17657e-10 4.24652e-10 4.31141e-10 4.37136e-10 4.42614e-10 4.48675e-10 4.54307e-10 4.60335e-10 4.6606e-10 4.71533e-10 4.76774e-10 4.81271e-10 4.85543e-10 4.88856e-10 4.91914e-10 4.93975e-10 4.95745e-10 4.96539e-10 4.97021e-10 4.96539e-10 4.95745e-10 4.93975e-10 4.91914e-10 4.88856e-10 4.85543e-10 4.81271e-10 4.76774e-10 4.71533e-10 4.6606e-10 4.60335e-10 4.54307e-10 4.48675e-10 4.42614e-10 4.37136e-10 4.31141e-10 4.24652e-10 4.17657e-10 4.0854e-10 3.98869e-10 3.88154e-10 3.76952e-10 3.68578e-10 3.61025e-10 3.53448e-10 3.46559e-10 3.34113e-10 3.1673e-10 3.0703e-10 3.04656e-10 2.94123e-10 2.7419e-10 2.60396e-10 2.56693e-10 2.4906e-10 2.29166e-10 2.06661e-10 1.94244e-10 1.90947e-10 1.84388e-10 1.64461e-10 1.31457e-10 9.34595e-11 5.92609e-11 3.37166e-11 1.73015e-11 7.95551e-12 2.98142e-12 0
0 2.14774e-12 5.88209e-12 1.32286e-11 2.67556e-11 4.89322e-11 8.04802e-11 1.18251e-10 1.54502e-10 1.7999e-10 1.90855e-10 1.93918e-10 2.02461e-10 2.22636e-10 2.45205e-10 2.57043e-10 2.6069e-10 2.71292e-10 2.91043e-10 3.04479e-10 3.07629e-10 3.1673e-10 3.3568e-10 3.48129e-10 3.51703e-10 3.59631e-10 3.71585e-10 3.81988e-10 3.93878e-10 4.0477e-10 4.1202e-10 4.19669e-10 4.26497e-10 4.33009e-10 4.41195e-10 4.48705e-10 4.57053e-10 4.65124e-10 4.72392e-10 4.79732e-10 4.85575e-10 4.91459e-10 4.96024e-10 5.00368e-10 5.03848e-10 5.0682e-10 5.09303e-10 5.11061e-10 5.12542e-10 5.13177e-10 5.13619e-10 5.13177e-10 5.12542e-10 5.11061e-10 5.09303e-10 5.0682e-10 5.03848e-10 5.00368e-10 4.96024e-10 4.91459e-10 4.85575e-10 4.79732e-10 4.72392e-10 4.65124e-10 4.57053e-10 4.48705e-10 4.41195e-10 4.33009e-10 4.26497e-10 4.19669e-10 4.1202e-10 4.0477e-10 3.93878e-10 3.81988e-10 3.71585e-10 3.59631e-10 3.51703e-10 3.48129e-10 3.3568e-10 3.1673e-10 3.07629e-10 3.04479e-10 2.91043e-10 2.71292e-10 2.6069e-10 2.57043e-10 2.45205e-10 2.22636e-10 2.02461e-10 1.93918e-10 1.90855e-10 1.79989e-10 1.54502e-10 1.18249e-10 8.04711e-11 4.8901e-11 2.6655e-11 1.29268e-11 5.04374e-12 0
0 3.62584e-12 9.55418e-12 2.04315e-11 3.9048e-11 6.71496e-11 1.03374e-10 1.4166e-10 1.72616e-10 1.89287e-10 1.94138e-10 1.99279e-10 2.15405e-10 2.39008e-10 2.55927e-10 2.61448e-10 2.68427e-10 2.8615e-10 3.03228e-10 3.09104e-10 3.1609e-10 3.34113e-10 3.48129e-10 3.5073e-10 3.58946e-10 3.75716e-10 3.87108e-10 3.95718e-10 4.05948e-10 4.12342e-10 4.19727e-10 4.29875e-10 4.38408e-10 4.4886e-10 4.58609e-10 4.66738e-10 4.75452e-10 4.81715e-10 4.88394e-10 4.93891e-10 4.98895e-10 5.0404e-10 5.07955e-10 5.1257e-10 5.15653e-10 5.19398e-10 5.21602e-10 5.24209e-10 5.25365e-10 5.26699e-10 5.26652e-10 5.26699e-10 5.25365e-10 5.24209e-10 5.21602e-10 5.19398e-10 5.15653e-10 5.1257e-10 5.07955e-10 5.0404e-10 4.98895e-10 4.93891e-10 4.88394e-10 4.81715e-10 4.75452e-10 4.66738e-10 4.58609e-10 4.4886e-10 4.38408e-10 4.29875e-10 4.19727e-10 4.12342e-10 4.05948e-10 3.95718e-10 3.87108e-10 3.75716e-10 3.58946e-10 3.5073e-10 3.48129e-10 3.34113e-10 3.1609e-10 3.09104e-10 3.03228e-10 2.8615e-10 2.68427e-10 2.61448e-10 2.55927e-10 2.39008e-10 2.15405e-10 1.99279e-10 1.94138e-10 1.89287e-10 1.72615e-10 1.41655e-10 1.03355e-10 6.70864e-11 3.88526e-11 1.98706e-11 8.06649e-12 0
0 5.80494e-12 1.47285e-11 2.996e-11 5.41084e-11 8.75071e-11 1.26197e-10 1.61727e-10 1.85119e-10 1.94163e-10 1.97599e-10 2.08641e-10 2.30689e-10 2.52206e-10 2.62035e-10 2.66686e-10 2.80306e-10 2.99765e-10 3.1041e-10 3.15681e-10 3.30137e-10 3.46559e-10 3.51703e-10 3.58946e-10 3.7765e-10 3.90046e-10 3.94088e-10 4.04104e-10 4.14281e-10 4.22486e-10 4.35688e-10 4.46215e-10 4.54975e-10 4.65093e-10 4.71364e-10 4.79023e-10 4.85936e-10 4.92004e-10 4.99791e-10 5.05508e-10 5.12975e-10 5.18637e-10 5.24815e-10 5.30063e-10 5.34576e-10 5.38943e-10 5.41772e-10 5.44929e-10 5.46156e-10 5.47927e-10 5.47626e-10 5.47927e-10 5.46156e-10 5.44929e-10 5.41772e-10 5.38943e-10 5.34576e-10 5.30063e-10 5.24815e-10 5.18637e-10 5.12975e-10 5.05508e-10 4.99791e-10 4.92004e-10 4.85936e-10 4.79023e-10 4.71364e-10 4.65093e-10 4.54975e-10 4.46215e-10 4.35688e-10 4.22486e-10 4.14281e-10 4.04104e-10 3.94088e-10 3.90046e-10 3.7765e-10 3.58946e-10 3.51703e-10 3.46559e-10 3.30137e-10 3.15681e-10 3.1041e-10 2.99765e-10 2.80306e-10 2.66686e-10 2.62035e-10 2.52206e-10 2.30689e-10 2.08641e-10 1.97599e-10 1.94162e-10 1.85116e-10 1.61716e-10 1.26159e-10 8.73857e-11 5.37481e-11 2.89702e-11 1.22234e-11 0
0 8.83467e-12 2.16072e-11 4.18401e-11 7.14475e-11 1.08761e-10 1.4722e-10 1.77285e-10 1.92695e-10 1.97201e-10 2.0355e-10 2.21339e-10 2.45213e-10 2.61035e-10 2.66384e-10 2.7502e-10 2.93723e-10 3.09868e-10 3.1616e-10 3.2565e-10 3.42851e-10 3.53448e-10 3.59631e-10 3.75716e-10 3.90046e-10 3.92811e-10 4.02338e-10 4.18545e-10 4.27672e-10 4.38847e-10 4.50575e-10 4.56266e-10 4.65676e-10 4.73926e-10 4.81244e-10 4.91996e-10 4.9956e-10 5.09424e-10 5.17653e-10 5.25054e-10 5.33031e-10 5.38243e-10 5.4509e-10 5.48828e-10 5.54135e-10 5.56819e-10 5.60509e-10 5.62202e-10 5.64341e-10 5.64919e-10 5.65624e-10 5.64919e-10 5.64341e-10 5.62202e-10 5.60509e-10 5.56819e-10 5.54135e-10 5.48828e-10 5.4509e-10 5.38243e-10 5.33031e-10 5.25054e-10 5.17653e-10 5.09424e-10 4.9956e-10 4.91996e-10 4.81244e-10 4.73926e-10 4.65676e-10 4.56266e-10 4.50575e-10 4.38847e-10 4.27672e-10 4.18545e-10 4.02338e-10 3.92811e-10 3.90046e-10 3.75716e-10 3.59631e-10 3.53448e-10 3.42851e-10 3.2565e-10 3.1616e-10 3.09868e-10 2.93723e-10 2.7502e-10 2.66384e-10 2.61035e-10 2.45213e-10 2.21339e-10 2.03549e-10 1.972e-10 1.92688e-10 1.77263e-10 1.47147e-10 1.08539e-10 7.08157e-11 4.01788e-11 1.75958e-11 0
0 1.2816e-11 3.02549e-11 5.58367e-11 9.02549e-11 1.2953e-10 1.65108e-10 1.8816e-10 1.96973e-10 2.00781e-10 2.12685e-10 2.35348e-10 2.56805e-10 2.66512e-10 2.71747e-10 2.86214e-10 3.05929e-10 3.16763e-10 3.22739e-10 3.37207e-10 3.53303e-10 3.61025e-10 3.71585e-10 3.87108e-10 3.94088e-10 4.02338e-10 4.20894e-10 4.31641e-10 4.37351e-10 4.49752e-10 4.57463e-10 4.66085e-10 4.79502e-10 4.87988e-10 4.99598e-10 5.0955e-10 5.17059e-10 5.26797e-10 5.32353e-10 5.40458e-10 5.45946e-10 5.52134e-10 5.57893e-10 5.62368e-10 5.67873e-10 5.70814e-10 5.75418e-10 5.76862e-10 5.80121e-10 5.80015e-10 5.81718e-10 5.80015e-10 5.80121e-10 5.76862e-10 5.75418e-10 5.70814e-10 5.67873e-10 5.62368e-10 5.57893e-10 5.52134e-10 5.45946e-10 5.40458e-10 5.32353e-10 5.26797e-10 5.17059e-10 5.0955e-10 4.99598e-10 4.87988e-10 4.79502e-10 4.66085e-10 4.57463e-10 4.49752e-10 4.37351e-10 4.31641e-10 4.20894e-10 4.02338e-10 3.94088e-10 3.87108e-10 3.71585e-10 3.61025e-10 3.53303e-10 3.37207e-10 3.22739e-10 3.16763e-10 3.05929e-10 2.86214e-10 2.71747e-10 2.66511e-10 2.56805e-10 2.35348e-10 2.12684e-10 2.00778e-10 1.96961e-10 1.88118e-10 1.64977e-10 1.29143e-10 8.91987e-11 5.31786e-11 2.41312e-11 0
0 1.77723e-11 4.05616e-11 7.14608e-11 1.09522e-10 1.48555e-10 1.79159e-10 1.95057e-10 1.99904e-10 2.06398e-10 2.2429e-10 2.4849e-10 2.64894e-10 2.70727e-10 2.79519e-10 2.98459e-10 3.15287e-10 3.22093e-10 3.31492e-10 3.49312e-10 3.61905e-10 3.68578e-10 3.81988e-10 3.95718e-10 4.04104e-10 4.18545e-10 4.31641e-10 4.35718e-10 4.47429e-10 4.61832e-10 4.70175e-10 4.84106e-10 4.94881e-10 5.02297e-10 5.13587e-10 5.19933e-10 5.29127e-10 5.3766e-10 5.44975e-10 5.54711e-10 5.61053e-10 5.70103e-10 5.75791e-10 5.83044e-10 5.8792e-10 5.9304e-10 5.96801e-10 5.99821e-10 6.02183e-10 6.03243e-10 6.03983e-10 6.03243e-10 6.02183e-10 5.99821e-10 5.96801e-10 5.9304e-10 5.8792e-10 5.83044e-10 5.75791e-10 5.70103e-10 5.61053e-10 5.54711e-10 5.44975e-10 5.3766e-10 5.29127e-10 5.19933e-10 5.13587e-10 5.02297e-10 4.94881e-10 4.84106e-10 4.70175e-10 4.61832e-10 4.47429e-10 4.35718e-10 4.31641e-10 4.18545e-10 4.04104e-10 3.95718e-10 3.81988e-10 3.68578e-10 3.61905e-10 3.49312e-10 3.31492e-10 3.22093e-10 3.15287e-10 2.98459e-10 2.79519e-10 2.70727e-10 2.64894e-10 2.48489e-10 2.24288e-10 2.06391e-10 1.99881e-10 1.94983e-10 1.78933e-10 1.47912e-10 1.07836e-10 6.7396e-11 3.16254e-11 0
0 2.36305e-11 5.22351e-11 8.8026e-11 1.28207e-10 1.64911e-10 1.89347e-10 1.99234e-10 2.03177e-10 2.1446e-10 2.36887e-10 2.59295e-10 2.70265e-10 2.75603e-10 2.89465e-10 3.09718e-10 3.21917e-10 3.28057e-10 3.42302e-10 3.59771e-10 3.68074e-10 3.76952e-10 3.93878e-10 4.05948e-10 4.14281e-10 4.27672e-10 4.37351e-10 4.47429e-10 4.64652e-10 4.74663e-10 4.83078e-10 4.95992e-10 5.02746e-10 5.13297e-10 5.24951e-10 5.33378e-10 5.46181e-10 5.54836e-10 5.65033e-10 5.74076e-10 5.81347e-10 5.89797e-10 5.951e-10 6.0222e-10 6.06189e-10 6.11665e-10 6.14408e-10 6.1813e-10 6.19491e-10 6.21437e-10 6.21214e-10 6.21437e-10 6.19491e-10 6.1813e-10 6.14408e-10 6.11665e-10 6.06189e-10 6.0222e-10 5.951e-10 5.89797e-10 5.81347e-10 5.74076e-10 5.65033e-10 5.54836e-10 5.46181e-10 5.33378e-10 5.24951e-10 5.13297e-10 5.02746e-10 4.95992e-10 4.83078e-10 4.74663e-10 4.64652e-10 4.47429e-10 4.37351e-10 4.27672e-10 4.14281e-10 4.05948e-10 3.93878e-10 3.76952e-10 3.68074e-10 3.59771e-10 3.42302e-10 3.28057e-10 3.21917e-10 3.09718e-10 2.89465e-10 2.75603e-10 2.70265e-10 2.59294e-10 2.36884e-10 2.14448e-10 2.03137e-10 1.99107e-10 1.88973e-10 1.63887e-10 1.25627e-10 8.20699e-11 3.9734e-11 0
0 3.02194e-11 6.48264e-11 1.04743e-10 1.45387e-10 1.78113e-10 1.96207e-10 2.02097e-10 2.07868e-10 2.24483e-10 2.48948e-10 2.67318e-10 2.74336e-10 2.82144e-10 3.00368e-10 3.18858e-10 3.27153e-10 3.35684e-10 3.53296e-10 3.67601e-10 3.74505e-10 3.88154e-10 4.0477e-10 4.12342e-10 4.22486e-10 4.38847e-10 4.49752e-10 4.61832e-10 4.74663e-10 4.81135e-10 4.93636e-10 5.0688e-10 5.1603e-10 5.31032e-10 5.41199e-10 5.51072e-10 5.62847e-10 5.69563e-10 5.80247e-10 5.87338e-10 5.9564e-10 6.03721e-10 6.09955e-10 6.17896e-10 6.22551e-10 6.29203e-10 6.32361e-10 6.37092e-10 6.38557e-10 6.41149e-10 6.40671e-10 6.41149e-10 6.38557e-10 6.37092e-10 6.32361e-10 6.29203e-10 6.22551e-10 6.17896e-10 6.09955e-10 6.03721e-10 5.9564e-10 5.87338e-10 5.80247e-10 5.69563e-10 5.62847e-10 5.51072e-10 5.41199e-10 5.31032e-10 5.1603e-10 5.0688e-10 4.93636e-10 4.81135e-10 4.74663e-10 4.61832e-10 4.49752e-10 4.38847e-10 4.22486e-10 4.12342e-10 4.0477e-10 3.88154e-10 3.74505e-10 3.67601e-10 3.53296e-10 3.35684e-10 3.27153e-10 3.18858e-10 3.00368e-10 2.82144e-10 2.74335e-10 2.67316e-10 2.48942e-10 2.24463e-10 2.078e-10 2.01889e-10 1.95614e-10 1.76549e-10 1.41597e-10 9.63569e-11 4.80126e-11 0
0 3.72841e-11 7.77835e-11 1.20826e-10 1.60379e-10 1.88124e-10 2.00616e-10 2.04871e-10 2.14352e-10 2.35495e-10 2.59374e-10 2.72965e-10 2.78458e-10 2.90377e-10 3.10882e-10 3.2579e-10 3.32309e-10 3.44693e-10 3.63248e-10 3.74139e-10 3.82461e-10 3.98869e-10 4.1202e-10 4.19727e-10 4.35688e-10 4.50575e-10 4.57463e-10 4.70175e-10 4.83078e-10 4.93636e-10 5.1011e-10 5.20744e-10 5.30924e-10 5.44387e-10 5.51254e-10 5.63685e-10 5.73918e-10 5.82945e-10 5.96141e-10 6.03462e-10 6.1575e-10 6.23199e-10 6.32311e-10 6.40007e-10 6.45764e-10 6.5287e-10 6.55825e-10 6.61503e-10 6.62083e-10 6.65835e-10 6.64208e-10 6.65835e-10 6.62083e-10 6.61503e-10 6.55825e-10 6.5287e-10 6.45764e-10 6.40007e-10 6.32311e-10 6.23199e-10 6.1575e-10 6.03462e-10 5.96141e-10 5.82945e-10 5.73918e-10 5.63685e-10 5.51254e-10 5.44387e-10 5.30924e-10 5.20744e-10 5.1011e-10 4.93636e-10 4.83078e-10 4.70175e-10 4.57463e-10 4.50575e-10 4.35688e-10 4.19727e-10 4.1202e-10 3.98869e-10 3.82461e-10 3.74139e-10 3.63248e-10 3.44693e-10 3.32309e-10 3.2579e-10 3.10882e-10 2.90377e-10 2.78457e-10 2.72962e-10 2.59364e-10 2.35461e-10 2.14242e-10 2.04542e-10 1.99712e-10 1.85825e-10 1.55021e-10 1.09448e-10 5.5977e-11 0
0 4.45156e-11 9.05188e-11 1.35588e-10 1.72796e-10 1.95265e-10 2.03553e-10 2.08396e-10 2.22423e-10 2.46437e-10 2.67681e-10 2.77104e-10 2.835e-10 2.9967e-10 3.20041e-10 3.31102e-10 3.38273e-10 3.54434e-10 3.71699e-10 3.79996e-10 3.90992e-10 4.0854e-10 4.19669e-10 4.29875e-10 4.46215e-10 4.56266e-10 4.66085e-10 4.84106e-10 4.95992e-10 5.0688e-10 5.20744e-10 5.28789e-10 5.423e-10 5.5495e-10 5.65322e-10 5.81292e-10 5.90361e-10 6.03751e-10 6.14443e-10 6.22993e-10 6.35113e-10 6.40522e-10 6.51975e-10 6.56335e-10 6.65428e-10 6.69446e-10 6.75525e-10 6.78805e-10 6.81884e-10 6.83667e-10 6.84066e-10 6.83667e-10 6.81884e-10 6.78805e-10 6.75525e-10 6.69446e-10 6.65428e-10 6.56335e-10 6.51975e-10 6.40522e-10 6.35113e-10 6.22993e-10 6.14443e-10 6.03751e-10 5.90361e-10 5.81292e-10 5.65322e-10 5.5495e-10 5.423e-10 5.28789e-10 5.20744e-10 5.0688e-10 4.95992e-10 4.84106e-10 4.66085e-10 4.56266e-10 4.46215e-10 4.29875e-10 4.19669e-10 4.0854e-10 3.90992e-10 3.79996e-10 3.71699e-10 3.54434e-10 3.38273e-10 3.31102e-10 3.20041e-10 2.9967e-10 2.83499e-10 2.77099e-10 2.67664e-10 2.46381e-10 2.2225e-10 2.07897e-10 2.02225e-10 1.92008e-10 1.65481e-10 1.20672e-10 6.31675e-11 0
0 5.15879e-11 1.02479e-10 1.48508e-10 1.82537e-10 2.00091e-10 2.05902e-10 2.13074e-10 2.31518e-10 2.56455e-10 2.73937e-10 2.80671e-10 2.89741e-10 3.09142e-10 3.27471e-10 3.35687e-10 3.45348e-10 3.63939e-10 3.78426e-10 3.85964e-10 4.00538e-10 4.17657e-10 4.26497e-10 4.38408e-10 4.54975e-10 4.65676e-10 4.79502e-10 4.94881e-10 5.02746e-10 5.1603e-10 5.30924e-10 5.423e-10 5.58537e-10 5.70117e-10 5.82535e-10 5.95401e-10 6.04399e-10 6.18142e-10 6.26607e-10 6.39165e-10 6.49056e-10 6.58797e-10 6.69866e-10 6.76521e-10 6.87285e-10 6.91236e-10 7.00275e-10 7.01781e-10 7.08278e-10 7.0728e-10 7.10982e-10 7.0728e-10 7.08278e-10 7.01781e-10 7.00275e-10 6.91236e-10 6.87285e-10 6.76521e-10 6.69866e-10 6.58797e-10 6.49056e-10 6.39165e-10 6.26607e-10 6.18142e-10 6.04399e-10 5.95401e-10 5.82535e-10 5.70117e-10 5.58537e-10 5.423e-10 5.30924e-10 5.1603e-10 5.02746e-10 4.94881e-10 4.79502e-10 4.65676e-10 4.54975e-10 4.38408e-10 4.26497e-10 4.17657e-10 4.00538e-10 3.85964e-10 3.78426e-10 3.63939e-10 3.45348e-10 3.35687e-10 3.27471e-10 3.09141e-10 2.89739e-10 2.80663e-10 2.7391e-10 2.56368e-10 2.31256e-10 2.12345e-10 2.0402e-10 1.95629e-10 1.72875e-10 1.29563e-10 6.92064e-11 0
0 5.81952e-11 1.13201e-10 1.59267e-10 1.89747e-10 2.03243e-10 2.08331e-10 2.18927e-10 2.4095e-10 2.6504e-10 2.78572e-10 2.84396e-10 2.96986e-10 3.18025e-10 3.33314e-10 3.40296e-10 3.5323e-10 3.72477e-10 3.84088e-10 3.92836e-10 4.10008e-10 4.24652e-10 4.33009e-10 4.4886e-10 4.65093e-10 4.73926e-10 4.87988e-10 5.02297e-10 5.13297e-10 5.31032e-10 5.44387e-10 5.5495e-10 5.70117e-10 5.80359e-10 5.93767e-10 6.07528e-10 6.19599e-10 6.34501e-10 6.45977e-10 6.59729e-10 6.70452e-10 6.82141e-10 6.91853e-10 7.01125e-10 7.09573e-10 7.16215e-10 7.22976e-10 7.26824e-10 7.31378e-10 7.32332e-10 7.34247e-10 7.32332e-10 7.31378e-10 7.26824e-10 7.22976e-10 7.16215e-10 7.09573e-10 7.01125e-10 6.91853e-10 6.82141e-10 6.70452e-10 6.59729e-10 6.45977e-10 6.34501e-10 6.19599e-10 6.07528e-10 5.93767e-10 5.80359e-10 5.70117e-10 5.5495e-10 5.44387e-10 5.31032e-10 5.13297e-10 5.02297e-10 4.87988e-10 4.73926e-10 4.65093e-10 4.4886e-10 4.33009e-10 4.24652e-10 4.10008e-10 3.92836e-10 3.84088e-10 3.72477e-10 3.5323e-10 3.40296e-10 3.33314e-10 3.18024e-10 2.96983e-10 2.84384e-10 2.7853e-10 2.6491e-10 2.4057e-10 2.17895e-10 2.05751e-10 1.9732e-10 1.77362e-10 1.35889e-10 7.38364e-11 0
