0 0 0 0 0 0 0 0 0 0 0 0 0 0 0 0 0 0 0 9.80909e-45 2.03188e-43 3.27764e-42 4.76007e-41 6.38839e-40 7.92637e-39 9.08674e-38 9.61682e-37 9.38689e-36 8.44111e-35 6.98435e-34 5.31015e-33 3.70418e-32 2.3669e-31 1.38299e-30 7.37596e-30 3.58387e-29 1.58336e-28 6.3482e-28 2.3054e-27 7.56993e-27 2.24388e-26 5.99658e-26 1.44341e-25 3.12771e-25 6.10066e-25 1.07149e-24 1.69568e-24 2.42006e-24 3.11761e-24 3.628e-24 3.81583e-24 3.628e-24 3.11761e-24 2.42006e-24 1.69568e-24 1.07149e-24 6.10066e-25 3.12771e-25 1.44341e-25 5.99658e-26 2.24388e-26 7.56993e-27 2.3054e-27 6.3482e-28 1.58336e-28 3.58387e-29 7.37596e-30 1.38299e-30 2.3669e-31 3.70418e-32 5.31015e-33 6.98435e-34 8.44111e-35 9.38689e-36 9.61682e-37 9.08674e-38 7.92637e-39 6.38839e-40 4.76007e-41 3.27764e-42 2.03188e-43 9.80909e-45 0 0 0 0 0 0 0 0 0 0 0 0 0 0 0 0 0 0
0 0 0 0 0 0 0 0 0 0 0 0 0 0 0 0 0 0 8.40779e-45 1.65353e-43 2.72833e-42 4.09796e-41 5.69332e-40 7.32137e-39 8.70977e-38 9.57815e-37 9.72816e-36 9.11615e-35 7.87278e-34 6.25789e-33 4.57203e-32 3.0656e-31 1.88342e-30 1.05843e-29 5.43105e-29 2.5399e-28 1.08058e-27 4.17462e-27 1.46201e-26 4.63431e-26 1.32785e-25 3.43575e-25 8.02324e-25 1.69075e-24 3.21624e-24 5.52675e-24 8.58771e-24 1.20799e-23 1.53995e-23 1.78074e-23 1.86897e-23 1.78074e-23 1.53995e-23 1.20799e-23 8.58771e-24 5.52675e-24 3.21624e-24 1.69075e-24 8.02324e-25 3.43575e-25 1.32785e-25 4.63431e-26 1.46201e-26 4.17462e-27 1.08058e-27 2.5399e-28 5.43105e-29 1.05843e-29 1.88342e-30 3.0656e-31 4.57203e-32 6.25789e-33 7.87278e-34 9.11615e-35 9.72816e-36 9.57815e-37 8.70977e-38 7.32137e-39 5.69332e-40 4.09796e-41 2.72833e-42 1.65353e-43 8.40779e-45 0 0 0 0 0 0 0 0 0 0 0 0 0 0 0 0 0
0 0 0 0 0 0 0 0 0 0 0 0 0 0 0 0 0 1.26117e-44 2.57839e-43 4.30058e-42 6.6664e-41 9.57433e-40 1.27417e-38 1.57047e-37 1.79148e-36 1.88984e-35 1.84187e-34 1.65672e-33 1.37369e-32 1.04859e-31 7.3586e-31 4.74017e-30 2.79837e-29 1.51145e-28 7.45602e-28 3.35333e-27 1.3726e-26 5.10492e-26 1.72245e-25 5.26562e-25 1.45701e-24 3.64682e-24 8.25524e-24 1.69058e-23 3.13439e-23 5.26698e-23 8.03236e-23 1.11328e-22 1.40411e-22 1.61319e-22 1.68946e-22 1.61319e-22 1.40411e-22 1.11328e-22 8.03236e-23 5.26698e-23 3.13439e-23 1.69058e-23 8.25524e-24 3.64682e-24 1.45701e-24 5.26562e-25 1.72245e-25 5.10492e-26 1.3726e-26 3.35333e-27 7.45602e-28 1.51145e-28 2.79837e-29 4.74017e-30 7.3586e-31 1.04859e-31 1.37369e-32 1.65672e-33 1.84187e-34 1.88984e-35 1.79148e-36 1.57047e-37 1.27417e-38 9.57433e-40 6.6664e-41 4.30058e-42 2.57839e-43 1.26117e-44 0 0 0 0 0 0 0 0 0 0 0 0 0 0 0 0
0 0 0 0 0 0 0 0 0 0 0 0 0 0 0 0 1.82169e-44 3.71344e-43 6.43897e-42 1.02995e-40 1.52773e-39 2.10202e-38 2.68149e-37 3.16951e-36 3.46862e-35 3.51153e-34 3.28533e-33 2.83745e-32 2.25952e-31 1.65679e-30 1.11702e-29 6.91412e-29 3.92284e-28 2.03672e-27 9.6604e-27 4.1789e-26 1.64599e-25 5.89432e-25 1.91651e-24 5.65203e-24 1.51083e-23 3.65961e-23 8.03443e-23 1.59986e-22 2.89276e-22 4.75638e-22 7.12329e-22 9.73257e-22 1.21492e-21 1.38716e-21 1.44973e-21 1.38716e-21 1.21492e-21 9.73257e-22 7.12329e-22 4.75638e-22 2.89276e-22 1.59986e-22 8.03443e-23 3.65961e-23 1.51083e-23 5.65203e-24 1.91651e-24 5.89432e-25 1.64599e-25 4.1789e-26 9.6604e-27 2.03672e-27 3.92284e-28 6.91412e-29 1.11702e-29 1.65679e-30 2.25952e-31 2.83745e-32 3.28533e-33 3.51153e-34 3.46862e-35 3.16951e-36 2.68149e-37 2.10202e-38 1.52773e-39 1.02995e-40 6.43897e-42 3.71344e-43 1.82169e-44 0 0 0 0 0 0 0 0 0 0 0 0 0 0 0
0 0 0 0 0 0 0 0 0 0 0 0 0 0 0 2.38221e-44 5.12875e-43 9.16169e-42 1.50986e-40 2.31078e-39 3.2837e-38 4.33068e-37 5.2977e-36 6.007e-35 6.30838e-34 6.13012e-33 5.50633e-32 4.56672e-31 3.49262e-30 2.45991e-29 1.59324e-28 9.47495e-28 5.16554e-27 2.57748e-26 1.17518e-25 4.88827e-25 1.85224e-24 6.38487e-24 2.00007e-23 5.68915e-23 1.46894e-22 3.44323e-22 7.33173e-22 1.41973e-21 2.50394e-21 4.02935e-21 5.92734e-21 7.98517e-21 9.86721e-21 1.11974e-20 1.16786e-20 1.11974e-20 9.86721e-21 7.98517e-21 5.92734e-21 4.02935e-21 2.50394e-21 1.41973e-21 7.33173e-22 3.44323e-22 1.46894e-22 5.68915e-23 2.00007e-23 6.38487e-24 1.85224e-24 4.88827e-25 1.17518e-25 2.57748e-26 5.16554e-27 9.47495e-28 1.59324e-28 2.45991e-29 3.49262e-30 4.56672e-31 5.50633e-32 6.13012e-33 6.30838e-34 6.007e-35 5.2977e-36 4.33068e-37 3.2837e-38 2.31078e-39 1.50986e-40 9.16169e-42 5.12875e-43 2.38221e-44 0 0 0 0 0 0 0 0 0 0 0 0 0 0
0 0 0 0 0 0 0 0 0 0 0 0 0 1.4013e-45 3.08286e-44 6.74025e-43 1.23791e-41 2.10123e-40 3.31503e-39 4.86048e-38 6.62021e-37 8.37218e-36 9.82432e-35 1.06891e-33 1.0774e-32 1.00507e-31 8.66823e-31 6.90349e-30 5.07056e-29 3.43002e-28 2.13383e-27 1.21895e-26 6.38397e-26 3.06049e-25 1.34094e-24 5.3616e-24 1.95373e-23 6.48072e-23 1.95525e-22 5.36296e-22 1.33729e-21 3.03313e-21 6.26395e-21 1.17965e-20 2.02964e-20 3.19709e-20 4.62042e-20 6.13847e-20 7.50971e-20 8.4709e-20 8.81709e-20 8.4709e-20 7.50971e-20 6.13847e-20 4.62042e-20 3.19709e-20 2.02964e-20 1.17965e-20 6.26395e-21 3.03313e-21 1.33729e-21 5.36296e-22 1.95525e-22 6.48072e-23 1.95373e-23 5.3616e-24 1.34094e-24 3.06049e-25 6.38397e-26 1.21895e-26 2.13383e-27 3.43002e-28 5.07056e-29 6.90349e-30 8.66823e-31 1.00507e-31 1.0774e-32 1.06891e-33 9.82432e-35 8.37218e-36 6.62021e-37 4.86048e-38 3.31503e-39 2.10123e-40 1.23791e-41 6.74025e-43 3.08286e-44 1.4013e-45 0 0 0 0 0 0 0 0 0 0 0 0
0 0 0 0 0 0 0 0 0 0 0 0 1.4013e-45 4.2039e-44 8.44983e-43 1.58977e-41 2.77722e-40 4.51277e-39 6.8206e-38 9.58497e-37 1.25182e-35 1.51852e-34 1.70973e-33 1.7853e-32 1.72735e-31 1.54702e-30 1.28107e-29 9.79673e-29 6.90967e-28 4.48844e-27 2.68139e-26 1.47093e-25 7.39815e-25 3.40632e-24 1.43363e-23 5.50779e-23 1.92927e-22 6.15574e-22 1.78808e-21 4.72776e-21 1.13827e-20 2.49776e-20 5.0027e-20 9.16282e-20 1.53812e-19 2.372e-19 3.36833e-19 4.41379e-19 5.34664e-19 5.99518e-19 6.22781e-19 5.99518e-19 5.34664e-19 4.41379e-19 3.36833e-19 2.372e-19 1.53812e-19 9.16282e-20 5.0027e-20 2.49776e-20 1.13827e-20 4.72776e-21 1.78808e-21 6.15574e-22 1.92927e-22 5.50779e-23 1.43363e-23 3.40632e-24 7.39815e-25 1.47093e-25 2.68139e-26 4.48844e-27 6.90967e-28 9.79673e-29 1.28107e-29 1.54702e-30 1.72735e-31 1.7853e-32 1.70973e-33 1.51852e-34 1.25182e-35 9.58497e-37 6.8206e-38 4.51277e-39 2.77722e-40 1.58977e-41 8.44983e-43 4.2039e-44 1.4013e-45 0 0 0 0 0 0 0 0 0 0 0
0 0 0 0 0 0 0 0 0 0 0 1.4013e-45 4.76441e-44 1.00613e-42 1.94164e-41 3.48748e-40 5.83186e-39 9.07811e-38 1.31504e-36 1.77196e-35 2.21973e-34 2.58345e-33 2.79143e-32 2.79777e-31 2.59859e-30 2.23433e-29 1.77637e-28 1.30425e-27 8.83164e-27 5.50767e-26 3.15864e-25 1.66335e-24 8.03085e-24 3.54969e-23 1.43438e-22 5.29229e-22 1.7811e-21 5.4638e-21 1.52735e-20 3.89146e-20 9.04366e-20 1.91961e-19 3.72842e-19 6.64159e-19 1.08782e-18 1.64255e-18 2.29218e-18 2.96291e-18 3.55415e-18 3.96188e-18 4.10754e-18 3.96188e-18 3.55415e-18 2.96291e-18 2.29218e-18 1.64255e-18 1.08782e-18 6.64159e-19 3.72842e-19 1.91961e-19 9.04366e-20 3.89146e-20 1.52735e-20 5.4638e-21 1.7811e-21 5.29229e-22 1.43438e-22 3.54969e-23 8.03085e-24 1.66335e-24 3.15864e-25 5.50767e-26 8.83164e-27 1.30425e-27 1.77637e-28 2.23433e-29 2.59859e-30 2.79777e-31 2.79143e-32 2.58345e-33 2.21973e-34 1.77196e-35 1.31504e-36 9.07811e-38 5.83186e-39 3.48748e-40 1.94164e-41 1.00613e-42 4.76441e-44 1.4013e-45 0 0 0 0 0 0 0 0 0 0
0 0 0 0 0 0 0 0 0 0 1.4013e-45 5.32493e-44 1.13645e-42 2.25525e-41 4.16204e-40 7.1569e-39 1.14648e-37 1.71046e-36 2.37569e-35 3.07032e-34 3.69006e-33 4.12129e-32 4.274e-31 4.1119e-30 3.66623e-29 3.02614e-28 2.30955e-27 1.62772e-26 1.05792e-25 6.33174e-25 3.4846e-24 1.76073e-23 8.15643e-23 3.45907e-22 1.34124e-21 4.7497e-21 1.53491e-20 4.52444e-20 1.21653e-19 2.98547e-19 6.69481e-19 1.37425e-18 2.58809e-18 4.48365e-18 7.16564e-18 1.05947e-17 1.45307e-17 1.85297e-17 2.20125e-17 2.43949e-17 2.52426e-17 2.43949e-17 2.20125e-17 1.85297e-17 1.45307e-17 1.05947e-17 7.16564e-18 4.48365e-18 2.58809e-18 1.37425e-18 6.69481e-19 2.98547e-19 1.21653e-19 4.52444e-20 1.53491e-20 4.7497e-21 1.34124e-21 3.45907e-22 8.15643e-23 1.76073e-23 3.4846e-24 6.33174e-25 1.05792e-25 1.62772e-26 2.30955e-27 3.02614e-28 3.66623e-29 4.1119e-30 4.274e-31 4.12129e-32 3.69006e-33 3.07032e-34 2.37569e-35 1.71046e-36 1.14648e-37 7.1569e-39 4.16204e-40 2.25525e-41 1.13645e-42 5.32493e-44 1.4013e-45 0 0 0 0 0 0 0 0 0
0 0 0 0 0 0 0 0 0 1.4013e-45 5.46506e-44 1.22193e-42 2.49151e-41 4.72162e-40 8.34282e-39 1.37427e-37 2.10991e-36 3.01809e-35 4.02049e-34 4.98497e-33 5.74902e-32 6.16232e-31 6.13394e-30 5.66452e-29 4.84794e-28 3.8408e-27 2.81332e-26 1.90272e-25 1.18654e-24 6.8127e-24 3.59616e-23 1.74261e-22 7.74062e-22 3.14764e-21 1.17034e-20 3.97513e-20 1.23265e-19 3.48909e-19 9.01833e-19 2.13062e-18 4.60838e-18 9.14548e-18 1.66972e-17 2.81295e-17 4.38649e-17 6.35087e-17 8.56104e-17 1.07709e-16 1.26723e-16 1.39626e-16 1.44199e-16 1.39626e-16 1.26723e-16 1.07709e-16 8.56104e-17 6.35087e-17 4.38649e-17 2.81295e-17 1.66972e-17 9.14548e-18 4.60838e-18 2.13062e-18 9.01833e-19 3.48909e-19 1.23265e-19 3.97513e-20 1.17034e-20 3.14764e-21 7.74062e-22 1.74261e-22 3.59616e-23 6.8127e-24 1.18654e-24 1.90272e-25 2.81332e-26 3.8408e-27 4.84794e-28 5.66452e-29 6.13394e-30 6.16232e-31 5.74902e-32 4.98497e-33 4.02049e-34 3.01809e-35 2.10991e-36 1.37427e-37 8.34282e-39 4.72162e-40 2.49151e-41 1.22193e-42 5.46506e-44 1.4013e-45 0 0 0 0 0 0 0 0
0 0 0 0 0 0 0 0 1.4013e-45 5.46506e-44 1.25416e-42 2.61847e-41 5.09257e-40 9.2397e-39 1.56393e-37 2.46899e-36 3.63435e-35 4.98605e-34 6.37208e-33 7.58107e-32 8.39061e-31 8.63205e-30 8.24699e-29 7.30966e-28 6.00398e-27 4.56459e-26 3.20795e-25 2.08127e-24 1.24476e-23 6.85272e-23 3.46753e-22 1.61035e-21 6.85426e-21 2.67049e-20 9.5138e-20 3.09685e-19 9.20739e-19 2.50073e-18 6.20917e-18 1.41139e-17 2.94304e-17 5.64454e-17 9.9881e-17 1.63609e-16 2.48924e-16 3.52907e-16 4.67579e-16 5.80405e-16 6.76323e-16 7.4089e-16 7.6368e-16 7.4089e-16 6.76323e-16 5.80405e-16 4.67579e-16 3.52907e-16 2.48924e-16 1.63609e-16 9.9881e-17 5.64454e-17 2.94304e-17 1.41139e-17 6.20917e-18 2.50073e-18 9.20739e-19 3.09685e-19 9.5138e-20 2.67049e-20 6.85426e-21 1.61035e-21 3.46753e-22 6.85272e-23 1.24476e-23 2.08127e-24 3.20795e-25 4.56459e-26 6.00398e-27 7.30966e-28 8.24699e-29 8.63205e-30 8.39061e-31 7.58107e-32 6.37208e-33 4.98605e-34 3.63435e-35 2.46899e-36 1.56393e-37 9.2397e-39 5.09257e-40 2.61847e-41 1.25416e-42 5.46506e-44 1.4013e-45 0 0 0 0 0 0 0
0 0 0 0 0 0 0 1.4013e-45 5.32493e-44 1.22193e-42 2.61847e-41 5.22254e-40 9.72334e-39 1.68995e-37 2.7414e-36 4.14942e-35 5.85799e-34 7.70986e-33 9.45422e-32 1.07942e-30 1.14658e-29 1.1321e-28 1.03804e-27 8.82926e-27 6.95847e-26 5.07507e-25 3.42084e-24 2.12803e-23 1.21997e-22 6.43584e-22 3.11961e-21 1.38743e-20 5.65397e-20 2.10874e-19 7.19155e-19 2.24135e-18 6.38338e-18 1.6621e-17 3.96123e-17 8.65714e-17 1.73935e-16 3.22259e-16 5.52515e-16 8.79803e-16 1.30585e-15 1.81275e-15 2.36058e-15 2.89097e-15 3.33644e-15 3.6339e-15 3.73846e-15 3.6339e-15 3.33644e-15 2.89097e-15 2.36058e-15 1.81275e-15 1.30585e-15 8.79803e-16 5.52515e-16 3.22259e-16 1.73935e-16 8.65714e-17 3.96123e-17 1.6621e-17 6.38338e-18 2.24135e-18 7.19155e-19 2.10874e-19 5.65397e-20 1.38743e-20 3.11961e-21 6.43584e-22 1.21997e-22 2.12803e-23 3.42084e-24 5.07507e-25 6.95847e-26 8.82926e-27 1.03804e-27 1.1321e-28 1.14658e-29 1.07942e-30 9.45422e-32 7.70986e-33 5.85799e-34 4.14942e-35 2.7414e-36 1.68995e-37 9.72334e-39 5.22254e-40 2.61847e-41 1.22193e-42 5.32493e-44 1.4013e-45 0 0 0 0 0 0
0 0 0 0 0 0 1.4013e-45 4.76441e-44 1.13645e-42 2.49151e-41 5.09257e-40 9.72334e-39 1.73415e-37 2.88857e-36 4.49253e-35 6.52162e-34 8.83241e-33 1.11538e-31 1.31252e-30 1.43816e-29 1.46609e-28 1.3892e-27 1.22227e-26 9.97429e-26 7.54021e-25 5.2736e-24 3.40766e-23 2.03146e-22 1.11562e-21 5.63552e-21 2.61466e-20 1.11262e-19 4.33687e-19 1.54682e-18 5.04443e-18 1.50367e-17 4.09783e-17 1.02188e-16 2.33548e-16 4.90347e-16 9.48614e-16 1.69696e-15 2.8179e-15 4.36079e-15 6.31308e-15 8.5798e-15 1.09802e-14 1.32665e-14 1.51635e-14 1.64199e-14 1.68598e-14 1.64199e-14 1.51635e-14 1.32665e-14 1.09802e-14 8.5798e-15 6.31308e-15 4.36079e-15 2.8179e-15 1.69696e-15 9.48614e-16 4.90347e-16 2.33548e-16 1.02188e-16 4.09783e-17 1.50367e-17 5.04443e-18 1.54682e-18 4.33687e-19 1.11262e-19 2.61466e-20 5.63552e-21 1.11562e-21 2.03146e-22 3.40766e-23 5.2736e-24 7.54021e-25 9.97429e-26 1.22227e-26 1.3892e-27 1.46609e-28 1.43816e-29 1.31252e-30 1.11538e-31 8.83241e-33 6.52162e-34 4.49253e-35 2.88857e-36 1.73415e-37 9.72334e-39 5.09257e-40 2.49151e-41 1.13645e-42 4.76441e-44 1.4013e-45 0 0 0 0 0
0 0 0 0 0 1.4013e-45 4.2039e-44 1.00613e-42 2.25525e-41 4.72162e-40 9.2397e-39 1.68995e-37 2.88857e-36 4.61304e-35 6.88086e-34 9.58219e-33 1.24517e-31 1.50893e-30 1.70402e-29 1.79185e-28 1.7529e-27 1.5937e-26 1.34518e-25 1.05284e-24 7.63138e-24 5.11579e-23 3.16719e-22 1.80818e-21 9.50519e-21 4.59377e-20 2.0381e-19 8.28956e-19 3.08716e-18 1.05172e-17 3.27576e-17 9.32739e-17 2.42936e-16 5.79517e-16 1.26878e-15 2.5568e-15 4.75906e-15 8.21482e-15 1.32057e-14 1.98536e-14 2.80263e-14 3.72827e-14 4.68842e-14 5.58794e-14 6.32508e-14 6.80929e-14 6.97811e-14 6.80929e-14 6.32508e-14 5.58794e-14 4.68842e-14 3.72827e-14 2.80263e-14 1.98536e-14 1.32057e-14 8.21482e-15 4.75906e-15 2.5568e-15 1.26878e-15 5.79517e-16 2.42936e-16 9.32739e-17 3.27576e-17 1.05172e-17 3.08716e-18 8.28956e-19 2.0381e-19 4.59377e-20 9.50519e-21 1.80818e-21 3.16719e-22 5.11579e-23 7.63138e-24 1.05284e-24 1.34518e-25 1.5937e-26 1.7529e-27 1.79185e-28 1.70402e-29 1.50893e-30 1.24517e-31 9.58219e-33 6.88086e-34 4.61304e-35 2.88857e-36 1.68995e-37 9.2397e-39 4.72162e-40 2.25525e-41 1.00613e-42 4.2039e-44 1.4013e-45 0 0 0 0
0 0 0 0 0 3.08286e-44 8.44983e-43 1.94164e-41 4.16204e-40 8.34282e-39 1.56393e-37 2.7414e-36 4.49253e-35 6.88086e-34 9.84587e-33 1.31557e-31 1.64047e-30 1.90777e-29 2.06751e-28 2.08621e-27 1.95813e-26 1.70779e-25 1.38242e-24 1.03732e-23 7.20574e-23 4.62723e-22 2.74282e-21 1.49846e-20 7.53335e-20 3.47983e-19 1.47473e-18 5.72621e-18 2.03485e-17 6.61236e-17 1.96419e-16 5.33476e-16 1.32605e-15 3.02191e-15 6.33017e-15 1.22304e-14 2.18833e-14 3.6422e-14 5.66473e-14 8.26983e-14 1.13793e-13 1.48129e-13 1.83e-13 2.15121e-13 2.41112e-13 2.58042e-13 2.6392e-13 2.58042e-13 2.41112e-13 2.15121e-13 1.83e-13 1.48129e-13 1.13793e-13 8.26983e-14 5.66473e-14 3.6422e-14 2.18833e-14 1.22304e-14 6.33017e-15 3.02191e-15 1.32605e-15 5.33476e-16 1.96419e-16 6.61236e-17 2.03485e-17 5.72621e-18 1.47473e-18 3.47983e-19 7.53335e-20 1.49846e-20 2.74282e-21 4.62723e-22 7.20574e-23 1.03732e-23 1.38242e-24 1.70779e-25 1.95813e-26 2.08621e-27 2.06751e-28 1.90777e-29 1.64047e-30 1.31557e-31 9.84587e-33 6.88086e-34 4.49253e-35 2.7414e-36 1.56393e-37 8.34282e-39 4.16204e-40 1.94164e-41 8.44983e-43 3.08286e-44 0 0 0 0
0 0 0 0 2.38221e-44 6.74025e-43 1.58977e-41 3.48748e-40 7.1569e-39 1.37427e-37 2.46899e-36 4.14942e-35 6.52162e-34 9.58219e-33 1.31557e-31 1.6868e-30 2.01851e-29 2.25266e-28 2.34257e-27 2.26786e-26 2.04184e-25 1.70773e-24 1.32519e-23 9.52861e-23 6.33962e-22 3.89706e-21 2.20995e-20 1.15428e-19 5.54411e-19 2.4449e-18 9.88463e-18 3.65898e-17 1.23882e-16 3.83373e-16 1.0843e-15 2.80438e-15 6.64176e-15 1.44371e-14 2.88942e-14 5.34579e-14 9.18487e-14 1.47271e-13 2.21449e-13 3.13744e-13 4.20608e-13 5.35572e-13 6.49815e-13 7.53235e-13 8.35834e-13 8.89169e-13 9.07607e-13 8.89169e-13 8.35834e-13 7.53235e-13 6.49815e-13 5.35572e-13 4.20608e-13 3.13744e-13 2.21449e-13 1.47271e-13 9.18487e-14 5.34579e-14 2.88942e-14 1.44371e-14 6.64176e-15 2.80438e-15 1.0843e-15 3.83373e-16 1.23882e-16 3.65898e-17 9.88463e-18 2.4449e-18 5.54411e-19 1.15428e-19 2.20995e-20 3.89706e-21 6.33962e-22 9.52861e-23 1.32519e-23 1.70773e-24 2.04184e-25 2.26786e-26 2.34257e-27 2.25266e-28 2.01851e-29 1.6868e-30 1.31557e-31 9.58219e-33 6.52162e-34 4.14942e-35 2.46899e-36 1.37427e-37 7.1569e-39 3.48748e-40 1.58977e-41 6.74025e-43 2.38221e-44 0 0 0
0 0 0 1.82169e-44 5.12875e-43 1.23791e-41 2.77722e-40 5.83186e-39 1.14648e-37 2.10991e-36 3.63435e-35 5.85799e-34 8.83241e-33 1.24517e-31 1.64047e-30 2.01851e-29 2.31795e-28 2.48221e-27 2.47651e-26 2.29972e-25 1.98548e-24 1.59181e-23 1.18355e-22 8.14997e-22 5.18983e-21 3.05145e-20 1.65393e-19 8.25024e-19 3.78132e-18 1.58983e-17 6.12283e-17 2.15721e-16 6.94649e-16 2.04346e-15 5.49238e-15 1.35009e-14 3.04078e-14 6.29323e-14 1.20141e-13 2.1254e-13 3.50229e-13 5.40424e-13 7.84966e-13 1.07849e-12 1.40779e-12 1.75258e-12 2.08754e-12 2.38534e-12 2.61997e-12 2.77011e-12 2.82178e-12 2.77011e-12 2.61997e-12 2.38534e-12 2.08754e-12 1.75258e-12 1.40779e-12 1.07849e-12 7.84966e-13 5.40424e-13 3.50229e-13 2.1254e-13 1.20141e-13 6.29323e-14 3.04078e-14 1.35009e-14 5.49238e-15 2.04346e-15 6.94649e-16 2.15721e-16 6.12283e-17 1.58983e-17 3.78132e-18 8.25024e-19 1.65393e-19 3.05145e-20 5.18983e-21 8.14997e-22 1.18355e-22 1.59181e-23 1.98548e-24 2.29972e-25 2.47651e-26 2.48221e-27 2.31795e-28 2.01851e-29 1.64047e-30 1.24517e-31 8.83241e-33 5.85799e-34 3.63435e-35 2.10991e-36 1.14648e-37 5.83186e-39 2.77722e-40 1.23791e-41 5.12875e-43 1.82169e-44 0 0
0 0 1.26117e-44 3.71344e-43 9.16169e-42 2.10123e-40 4.51277e-39 9.07811e-38 1.71046e-36 3.01809e-35 4.98605e-34 7.70986e-33 1.11538e-31 1.50893e-30 1.90777e-29 2.25266e-28 2.48221e-27 2.5502e-26 2.44051e-25 2.17314e-24 1.7984e-23 1.38141e-22 9.83562e-22 6.48159e-21 3.94718e-20 2.21773e-19 1.14765e-18 5.46071e-18 2.38495e-17 9.54542e-17 3.49583e-16 1.17008e-15 3.57627e-15 9.97884e-15 2.54313e-14 5.92793e-14 1.26689e-13 2.49124e-13 4.52783e-13 7.6464e-13 1.20665e-12 1.78961e-12 2.50824e-12 3.3389e-12 4.24045e-12 5.15788e-12 6.02823e-12 6.78738e-12 7.37703e-12 7.75077e-12 7.87877e-12 7.75077e-12 7.37703e-12 6.78738e-12 6.02823e-12 5.15788e-12 4.24045e-12 3.3389e-12 2.50824e-12 1.78961e-12 1.20665e-12 7.6464e-13 4.52783e-13 2.49124e-13 1.26689e-13 5.92793e-14 2.54313e-14 9.97884e-15 3.57627e-15 1.17008e-15 3.49583e-16 9.54542e-17 2.38495e-17 5.46071e-18 1.14765e-18 2.21773e-19 3.94718e-20 6.48159e-21 9.83562e-22 1.38141e-22 1.7984e-23 2.17314e-24 2.44051e-25 2.5502e-26 2.48221e-27 2.25266e-28 1.90777e-29 1.50893e-30 1.11538e-31 7.70986e-33 4.98605e-34 3.01809e-35 1.71046e-36 9.07811e-38 4.51277e-39 2.10123e-40 9.16169e-42 3.71344e-43 1.26117e-44 0
0 8.40779e-45 2.57839e-43 6.43897e-42 1.50986e-40 3.31503e-39 6.8206e-38 1.31504e-36 2.37569e-35 4.02049e-34 6.37208e-33 9.45422e-32 1.31252e-30 1.70402e-29 2.06751e-28 2.34257e-27 2.47651e-26 2.44051e-25 2.23952e-24 1.91145e-23 1.51551e-22 1.11468e-21 7.59456e-21 4.78562e-20 2.78444e-19 1.49332e-18 7.36893e-18 3.33973e-17 1.38772e-16 5.27766e-16 1.83436e-15 5.81997e-15 1.6844e-14 4.4468e-14 1.07175e-13 2.36269e-13 4.77898e-13 8.90709e-13 1.53781e-12 2.47415e-12 3.73263e-12 5.31289e-12 7.17581e-12 9.24464e-12 1.14122e-11 1.35519e-11 1.55309e-11 1.72222e-11 1.85158e-11 1.93274e-11 1.96039e-11 1.93274e-11 1.85158e-11 1.72222e-11 1.55309e-11 1.35519e-11 1.14122e-11 9.24464e-12 7.17581e-12 5.31289e-12 3.73263e-12 2.47415e-12 1.53781e-12 8.90709e-13 4.77898e-13 2.36269e-13 1.07175e-13 4.4468e-14 1.6844e-14 5.81997e-15 1.83436e-15 5.27766e-16 1.38772e-16 3.33973e-17 7.36893e-18 1.49332e-18 2.78444e-19 4.78562e-20 7.59456e-21 1.11468e-21 1.51551e-22 1.91145e-23 2.23952e-24 2.44051e-25 2.47651e-26 2.34257e-27 2.06751e-28 1.70402e-29 1.31252e-30 9.45422e-32 6.37208e-33 4.02049e-34 2.37569e-35 1.31504e-36 6.8206e-38 3.31503e-39 1.50986e-40 6.43897e-42 2.56438e-43 0
0 1.65353e-43 4.30058e-42 1.02995e-40 2.31078e-39 4.86048e-38 9.58497e-37 1.77196e-35 3.07032e-34 4.98497e-33 7.58107e-32 1.07942e-30 1.43816e-29 1.79185e-28 2.08621e-27 2.26786e-26 2.29972e-25 2.17314e-24 1.91145e-23 1.56301e-22 1.18659e-21 8.35112e-21 5.44024e-20 3.27488e-19 1.8185e-18 9.29759e-18 4.36863e-17 1.88282e-16 7.42931e-16 2.67921e-15 8.81711e-15 2.64495e-14 7.22839e-14 1.80013e-13 4.09033e-13 8.50157e-13 1.62255e-12 2.85814e-12 4.67529e-12 7.14956e-12 1.02906e-11 1.4032e-11 1.82352e-11 2.27052e-11 2.72127e-11 3.15176e-11 3.53901e-11 3.86264e-11 4.10606e-11 4.25705e-11 4.30821e-11 4.25705e-11 4.10606e-11 3.86264e-11 3.53901e-11 3.15176e-11 2.72127e-11 2.27052e-11 1.82352e-11 1.4032e-11 1.02906e-11 7.14956e-12 4.67529e-12 2.85814e-12 1.62255e-12 8.50157e-13 4.09033e-13 1.80013e-13 7.22839e-14 2.64495e-14 8.81711e-15 2.67921e-15 7.42931e-16 1.88282e-16 4.36863e-17 9.29759e-18 1.8185e-18 3.27488e-19 5.44024e-20 8.35112e-21 1.18659e-21 1.56301e-22 1.91145e-23 2.17314e-24 2.29972e-25 2.26786e-26 2.08621e-27 1.79185e-28 1.43816e-29 1.07942e-30 7.58107e-32 4.98497e-33 3.07032e-34 1.77196e-35 9.58497e-37 4.86048e-38 2.31078e-39 1.02995e-40 4.29638e-42 0
0 2.71992e-42 6.6664e-41 1.52773e-39 3.2837e-38 6.62021e-37 1.25182e-35 2.21973e-34 3.69006e-33 5.74902e-32 8.39061e-31 1.14658e-29 1.46609e-28 1.7529e-27 1.95813e-26 2.04184e-25 1.98548e-24 1.7984e-23 1.51551e-22 1.18659e-21 8.61953e-21 5.80006e-20 3.60925e-19 2.0733e-18 1.09736e-17 5.34094e-17 2.38557e-16 9.75857e-16 3.64871e-15 1.24468e-14 3.86784e-14 1.09371e-13 2.81314e-13 6.5854e-13 1.40558e-12 2.74421e-12 4.92414e-12 8.17031e-12 1.2624e-11 1.82992e-11 2.50683e-11 3.26776e-11 4.07843e-11 4.90019e-11 5.6943e-11 6.42517e-11 7.06241e-11 7.58171e-11 7.96489e-11 8.19957e-11 8.27857e-11 8.19957e-11 7.96489e-11 7.58171e-11 7.06241e-11 6.42517e-11 5.6943e-11 4.90019e-11 4.07843e-11 3.26776e-11 2.50683e-11 1.82992e-11 1.2624e-11 8.17031e-12 4.92414e-12 2.74421e-12 1.40558e-12 6.5854e-13 2.81314e-13 1.09371e-13 3.86784e-14 1.24468e-14 3.64871e-15 9.75857e-16 2.38557e-16 5.34094e-17 1.09736e-17 2.0733e-18 3.60925e-19 5.80006e-20 8.61953e-21 1.18659e-21 1.51551e-22 1.7984e-23 1.98548e-24 2.04184e-25 1.95813e-26 1.7529e-27 1.46609e-28 1.14658e-29 8.39061e-31 5.74902e-32 3.69006e-33 2.21973e-34 1.25182e-35 6.62021e-37 3.2837e-38 1.52773e-39 6.65631e-41 0
0 4.08577e-41 9.57429e-40 2.10202e-38 4.33068e-37 8.37218e-36 1.51852e-34 2.58345e-33 4.12129e-32 6.16232e-31 8.63205e-30 1.1321e-28 1.3892e-27 1.5937e-26 1.70779e-25 1.70773e-24 1.59181e-23 1.38141e-22 1.11468e-21 8.35112e-21 5.80006e-20 3.72805e-19 2.21365e-18 1.21193e-17 6.10524e-17 2.82398e-16 1.19675e-15 4.63631e-15 1.63851e-14 5.27216e-14 1.54203e-13 4.09558e-13 9.87565e-13 2.16401e-12 4.31967e-12 7.88728e-12 1.32499e-11 2.0627e-11 2.99975e-11 4.10887e-11 5.3426e-11 6.64188e-11 7.94514e-11 9.19567e-11 1.03462e-10 1.13604e-10 1.2213e-10 1.28874e-10 1.3374e-10 1.36675e-10 1.37655e-10 1.36675e-10 1.3374e-10 1.28874e-10 1.2213e-10 1.13604e-10 1.03462e-10 9.19567e-11 7.94514e-11 6.64188e-11 5.3426e-11 4.10887e-11 2.99975e-11 2.0627e-11 1.32499e-11 7.88728e-12 4.31967e-12 2.16401e-12 9.87565e-13 4.09558e-13 1.54203e-13 5.27216e-14 1.63851e-14 4.63631e-15 1.19675e-15 2.82398e-16 6.10524e-17 1.21193e-17 2.21365e-18 3.72805e-19 5.80006e-20 8.35112e-21 1.11468e-21 1.38141e-22 1.59181e-23 1.70773e-24 1.70779e-25 1.5937e-26 1.3892e-27 1.1321e-28 8.63205e-30 6.16232e-31 4.12129e-32 2.58345e-33 1.51852e-34 8.37218e-36 4.33068e-37 2.10201e-38 9.55792e-40 0
0 5.67464e-40 1.27416e-38 2.68149e-37 5.2977e-36 9.82432e-35 1.70973e-33 2.79143e-32 4.274e-31 6.13394e-30 8.24699e-29 1.03804e-27 1.22227e-26 1.34518e-25 1.38242e-24 1.32519e-23 1.18355e-22 9.83562e-22 7.59456e-21 5.44024e-20 3.60925e-19 2.21365e-18 1.25269e-17 6.52705e-17 3.12438e-16 1.37081e-15 5.49954e-15 2.01264e-14 6.70338e-14 2.02767e-13 5.56092e-13 1.38134e-12 3.10793e-12 6.34272e-12 1.1779e-11 2.00093e-11 3.13135e-11 4.55303e-11 6.2073e-11 8.00652e-11 9.85257e-11 1.16537e-10 1.33359e-10 1.48473e-10 1.61573e-10 1.72529e-10 1.81333e-10 1.88044e-10 1.92752e-10 1.95538e-10 1.9646e-10 1.95538e-10 1.92752e-10 1.88044e-10 1.81333e-10 1.72529e-10 1.61573e-10 1.48473e-10 1.33359e-10 1.16537e-10 9.85257e-11 8.00652e-11 6.2073e-11 4.55303e-11 3.13135e-11 2.00093e-11 1.1779e-11 6.34272e-12 3.10793e-12 1.38134e-12 5.56092e-13 2.02767e-13 6.70338e-14 2.01264e-14 5.49954e-15 1.37081e-15 3.12438e-16 6.52705e-17 1.25269e-17 2.21365e-18 3.60925e-19 5.44024e-20 7.59456e-21 9.83562e-22 1.18355e-22 1.32519e-23 1.38242e-24 1.34518e-25 1.22227e-26 1.03804e-27 8.24699e-29 6.13394e-30 4.274e-31 2.79143e-32 1.70973e-33 9.82432e-35 5.2977e-36 2.68148e-37 1.27179e-38 0
0 7.29516e-39 1.57046e-37 3.16951e-36 6.007e-35 1.06891e-33 1.7853e-32 2.79777e-31 4.1119e-30 5.66452e-29 7.30966e-28 8.82926e-27 9.97429e-26 1.05284e-24 1.03732e-23 9.52861e-23 8.14997e-22 6.48159e-21 4.78562e-20 3.27488e-19 2.0733e-18 1.21193e-17 6.52705e-17 3.23138e-16 1.46702e-15 6.09195e-15 2.30783e-14 7.95476e-14 2.48837e-13 7.04798e-13 1.80421e-12 4.17016e-12 8.70526e-12 1.64458e-11 2.82363e-11 4.43517e-11 6.42918e-11 8.68782e-11 1.10579e-10 1.33877e-10 1.55548e-10 1.7479e-10 1.91225e-10 2.0481e-10 2.15725e-10 2.2426e-10 2.30737e-10 2.35452e-10 2.38646e-10 2.40493e-10 2.41097e-10 2.40493e-10 2.38646e-10 2.35452e-10 2.30737e-10 2.2426e-10 2.15725e-10 2.0481e-10 1.91225e-10 1.7479e-10 1.55548e-10 1.33877e-10 1.10579e-10 8.68782e-11 6.42918e-11 4.43517e-11 2.82363e-11 1.64458e-11 8.70526e-12 4.17016e-12 1.80421e-12 7.04798e-13 2.48837e-13 7.95476e-14 2.30783e-14 6.09195e-15 1.46702e-15 3.23138e-16 6.52705e-17 1.21193e-17 2.0733e-18 3.27488e-19 4.78562e-20 6.48159e-21 8.14997e-22 9.52861e-23 1.03732e-23 1.05284e-24 9.97429e-26 8.82926e-27 7.30966e-28 5.66452e-29 4.1119e-30 2.79777e-31 1.7853e-32 1.06891e-33 6.007e-35 3.16949e-36 1.56727e-37 0
0 8.67582e-38 1.79147e-36 3.46862e-35 6.30838e-34 1.0774e-32 1.72735e-31 2.59859e-30 3.66623e-29 4.84794e-28 6.00398e-27 6.95847e-26 7.54021e-25 7.63138e-24 7.20574e-23 6.33962e-22 5.18983e-21 3.94718e-20 2.78444e-19 1.8185e-18 1.09736e-17 6.10524e-17 3.12438e-16 1.46702e-15 6.30313e-15 2.4711e-14 8.81372e-14 2.85148e-13 8.34387e-13 2.20253e-12 5.23433e-12 1.11881e-11 2.15214e-11 3.73626e-11 5.88702e-11 8.49093e-11 1.13329e-10 1.41665e-10 1.67821e-10 1.90443e-10 2.08991e-10 2.23569e-10 2.34677e-10 2.42971e-10 2.49097e-10 2.53597e-10 2.56879e-10 2.59222e-10 2.608e-10 2.61715e-10 2.62015e-10 2.61715e-10 2.608e-10 2.59222e-10 2.56879e-10 2.53597e-10 2.49097e-10 2.42971e-10 2.34677e-10 2.23569e-10 2.08991e-10 1.90443e-10 1.67821e-10 1.41665e-10 1.13329e-10 8.49093e-11 5.88702e-11 3.73626e-11 2.15214e-11 1.11881e-11 5.23433e-12 2.20253e-12 8.34387e-13 2.85148e-13 8.81372e-14 2.4711e-14 6.30313e-15 1.46702e-15 3.12438e-16 6.10524e-17 1.09736e-17 1.8185e-18 2.78444e-19 3.94718e-20 5.18983e-21 6.33962e-22 7.20574e-23 7.63138e-24 7.54021e-25 6.95847e-26 6.00398e-27 4.84794e-28 3.66623e-29 2.59859e-30 1.72735e-31 1.0774e-32 6.30838e-34 3.46861e-35 1.78751e-36 0
0 9.53755e-37 1.88983e-35 3.51153e-34 6.13012e-33 1.00507e-31 1.54702e-30 2.23433e-29 3.02614e-28 3.8408e-27 4.56459e-26 5.07507e-25 5.2736e-24 5.11579e-23 4.62723e-22 3.89706e-21 3.05145e-20 2.21773e-19 1.49332e-18 9.29759e-18 5.34094e-17 2.82398e-16 1.37081e-15 6.09195e-15 2.4711e-14 9.11994e-14 3.05218e-13 9.23135e-13 2.51484e-12 6.15235e-12 1.34854e-11 2.64577e-11 4.65128e-11 7.35676e-11 1.055e-10 1.38747e-10 1.69696e-10 1.95863e-10 2.16265e-10 2.31187e-10 2.41675e-10 2.48995e-10 2.54281e-10 2.5837e-10 2.61771e-10 2.64728e-10 2.67298e-10 2.69436e-10 2.71055e-10 2.72066e-10 2.72411e-10 2.72066e-10 2.71055e-10 2.69436e-10 2.67298e-10 2.64728e-10 2.61771e-10 2.5837e-10 2.54281e-10 2.48995e-10 2.41675e-10 2.31187e-10 2.16265e-10 1.95863e-10 1.69696e-10 1.38747e-10 1.055e-10 7.35676e-11 4.65128e-11 2.64577e-11 1.34854e-11 6.15235e-12 2.51484e-12 9.23135e-13 3.05218e-13 9.11994e-14 2.4711e-14 6.09195e-15 1.37081e-15 2.82398e-16 5.34094e-17 9.29759e-18 1.49332e-18 2.21773e-19 3.05145e-20 3.89706e-21 4.62723e-22 5.11579e-23 5.2736e-24 5.07507e-25 4.56459e-26 3.8408e-27 3.02614e-28 2.23433e-29 1.54702e-30 1.00507e-31 6.13012e-33 3.51151e-34 1.88529e-35 0
0 9.68336e-36 1.84185e-34 3.28533e-33 5.50633e-32 8.66823e-31 1.28107e-29 1.77637e-28 2.30955e-27 2.81332e-26 3.20795e-25 3.42084e-24 3.40766e-23 3.16719e-22 2.74282e-21 2.20995e-20 1.65393e-19 1.14765e-18 7.36893e-18 4.36863e-17 2.38557e-16 1.19675e-15 5.49954e-15 2.30783e-14 8.81372e-14 3.05218e-13 9.54736e-13 2.68691e-12 6.77668e-12 1.52628e-11 3.0616e-11 5.46451e-11 8.69518e-11 1.24108e-10 1.60712e-10 1.91903e-10 2.15322e-10 2.31221e-10 2.41414e-10 2.48195e-10 2.5351e-10 2.58584e-10 2.63974e-10 2.69722e-10 2.7559e-10 2.81234e-10 2.86305e-10 2.90523e-10 2.93671e-10 2.95613e-10 2.96268e-10 2.95613e-10 2.93671e-10 2.90523e-10 2.86305e-10 2.81234e-10 2.7559e-10 2.69722e-10 2.63974e-10 2.58584e-10 2.5351e-10 2.48195e-10 2.41414e-10 2.31221e-10 2.15322e-10 1.91903e-10 1.60712e-10 1.24108e-10 8.69518e-11 5.46451e-11 3.0616e-11 1.52628e-11 6.77668e-12 2.68691e-12 9.54736e-13 3.05218e-13 8.81372e-14 2.30783e-14 5.49954e-15 1.19675e-15 2.38557e-16 4.36863e-17 7.36893e-18 1.14765e-18 1.65393e-19 2.20995e-20 2.74282e-21 3.16719e-22 3.40766e-23 3.42084e-24 3.20795e-25 2.81332e-26 2.30955e-27 1.77637e-28 1.28107e-29 8.66823e-31 5.50633e-32 3.28531e-33 1.83705e-34 0
0 9.07059e-35 1.6567e-33 2.83745e-32 4.56672e-31 6.90349e-30 9.79673e-29 1.30425e-27 1.62772e-26 1.90272e-25 2.08127e-24 2.12803e-23 2.03146e-22 1.80818e-21 1.49846e-20 1.15428e-19 8.25024e-19 5.46071e-18 3.33973e-17 1.88282e-16 9.75857e-16 4.63631e-15 2.01264e-14 7.95476e-14 2.85148e-13 9.23135e-13 2.68691e-12 6.9982e-12 1.6234e-11 3.33973e-11 6.07443e-11 9.76187e-11 1.3913e-10 1.777e-10 2.07192e-10 2.26122e-10 2.37098e-10 2.44032e-10 2.50212e-10 2.57579e-10 2.66611e-10 2.76899e-10 2.87695e-10 2.98196e-10 3.07818e-10 3.16164e-10 3.23035e-10 3.28362e-10 3.32133e-10 3.34383e-10 3.35126e-10 3.34383e-10 3.32133e-10 3.28362e-10 3.23035e-10 3.16164e-10 3.07818e-10 2.98196e-10 2.87695e-10 2.76899e-10 2.66611e-10 2.57579e-10 2.50212e-10 2.44032e-10 2.37098e-10 2.26122e-10 2.07192e-10 1.777e-10 1.3913e-10 9.76187e-11 6.07443e-11 3.33973e-11 1.6234e-11 6.9982e-12 2.68691e-12 9.23135e-13 2.85148e-13 7.95476e-14 2.01264e-14 4.63631e-15 9.75857e-16 1.88282e-16 3.33973e-17 5.46071e-18 8.25024e-19 1.15428e-19 1.49846e-20 1.80818e-21 2.03146e-22 2.12803e-23 2.08127e-24 1.90272e-25 1.62772e-26 1.30425e-27 9.79673e-29 6.90349e-30 4.56672e-31 2.83743e-32 1.65202e-33 0
0 7.83009e-34 1.37366e-32 2.25952e-31 3.49262e-30 5.07056e-29 6.90967e-28 8.83164e-27 1.05792e-25 1.18654e-24 1.24476e-23 1.21997e-22 1.11562e-21 9.50519e-21 7.53335e-20 5.54411e-19 3.78132e-18 2.38495e-17 1.38772e-16 7.42931e-16 3.64871e-15 1.63851e-14 6.70338e-14 2.48837e-13 8.34387e-13 2.51484e-12 6.77668e-12 1.6234e-11 3.43758e-11 6.40122e-11 1.04471e-10 1.49533e-10 1.89278e-10 2.16193e-10 2.30319e-10 2.37758e-10 2.44745e-10 2.54423e-10 2.67378e-10 2.82482e-10 2.97946e-10 3.12467e-10 3.25204e-10 3.3584e-10 3.44466e-10 3.51233e-10 3.56444e-10 3.60272e-10 3.62914e-10 3.64452e-10 3.64964e-10 3.64452e-10 3.62914e-10 3.60272e-10 3.56444e-10 3.51233e-10 3.44466e-10 3.3584e-10 3.25204e-10 3.12467e-10 2.97946e-10 2.82482e-10 2.67378e-10 2.54423e-10 2.44745e-10 2.37758e-10 2.30319e-10 2.16193e-10 1.89278e-10 1.49533e-10 1.04471e-10 6.40122e-11 3.43758e-11 1.6234e-11 6.77668e-12 2.51484e-12 8.34387e-13 2.48837e-13 6.70338e-14 1.63851e-14 3.64871e-15 7.42931e-16 1.38772e-16 2.38495e-17 3.78132e-18 5.54411e-19 7.53335e-20 9.50519e-21 1.11562e-21 1.21997e-22 1.24476e-23 1.18654e-24 1.05792e-25 8.83164e-27 6.90967e-28 5.07056e-29 3.49262e-30 2.2595e-31 1.36945e-32 0
0 6.22111e-33 1.04857e-31 1.65679e-30 2.45991e-29 3.43002e-28 4.48844e-27 5.50767e-26 6.33174e-25 6.8127e-24 6.85272e-23 6.43584e-22 5.63552e-21 4.59377e-20 3.47983e-19 2.4449e-18 1.58983e-17 9.54542e-17 5.27766e-16 2.67921e-15 1.24468e-14 5.27216e-14 2.02767e-13 7.04798e-13 2.20253e-12 6.15235e-12 1.52628e-11 3.33973e-11 6.40122e-11 1.0683e-10 1.54817e-10 1.95817e-10 2.20603e-10 2.30812e-10 2.36845e-10 2.4728e-10 2.63285e-10 2.82334e-10 3.01655e-10 3.18714e-10 3.32576e-10 3.4353e-10 3.51971e-10 3.58732e-10 3.64261e-10 3.6887e-10 3.72747e-10 3.75809e-10 3.78115e-10 3.79485e-10 3.79988e-10 3.79485e-10 3.78115e-10 3.75809e-10 3.72747e-10 3.6887e-10 3.64261e-10 3.58732e-10 3.51971e-10 3.4353e-10 3.32576e-10 3.18714e-10 3.01655e-10 2.82334e-10 2.63285e-10 2.4728e-10 2.36845e-10 2.30812e-10 2.20603e-10 1.95817e-10 1.54817e-10 1.0683e-10 6.40122e-11 3.33973e-11 1.52628e-11 6.15235e-12 2.20253e-12 7.04798e-13 2.02767e-13 5.27216e-14 1.24468e-14 2.67921e-15 5.27766e-16 9.54542e-17 1.58983e-17 2.4449e-18 3.47983e-19 4.59377e-20 5.63552e-21 6.43584e-22 6.85272e-23 6.8127e-24 6.33174e-25 5.50767e-26 4.48844e-27 3.43002e-28 2.45991e-29 1.65677e-30 1.04509e-31 0
0 4.54292e-32 7.35845e-31 1.11702e-29 1.59324e-28 2.13383e-27 2.68139e-26 3.15864e-25 3.4846e-24 3.59616e-23 3.46753e-22 3.11961e-21 2.61466e-20 2.0381e-19 1.47473e-18 9.88463e-18 6.12283e-17 3.49583e-16 1.83436e-15 8.81711e-15 3.86784e-14 1.54203e-13 5.56092e-13 1.80421e-12 5.23433e-12 1.34854e-11 3.0616e-11 6.07443e-11 1.04471e-10 1.54817e-10 1.97907e-10 2.22243e-10 2.30106e-10 2.36257e-10 2.51933e-10 2.74774e-10 2.97326e-10 3.16405e-10 3.31043e-10 3.41515e-10 3.5006e-10 3.57721e-10 3.6511e-10 3.72711e-10 3.79949e-10 3.86873e-10 3.92872e-10 3.97853e-10 4.01517e-10 4.03764e-10 4.0453e-10 4.03764e-10 4.01517e-10 3.97853e-10 3.92872e-10 3.86873e-10 3.79949e-10 3.72711e-10 3.6511e-10 3.57721e-10 3.5006e-10 3.41515e-10 3.31043e-10 3.16405e-10 2.97326e-10 2.74774e-10 2.51933e-10 2.36257e-10 2.30106e-10 2.22243e-10 1.97907e-10 1.54817e-10 1.04471e-10 6.07443e-11 3.0616e-11 1.34854e-11 5.23433e-12 1.80421e-12 5.56092e-13 1.54203e-13 3.86784e-14 8.81711e-15 1.83436e-15 3.49583e-16 6.12283e-17 9.88463e-18 1.47473e-18 2.0381e-19 2.61466e-20 3.11961e-21 3.46753e-22 3.59616e-23 3.4846e-24 3.15864e-25 2.68139e-26 2.13383e-27 1.59324e-28 1.117e-29 7.33197e-31 0
0 3.04447e-31 4.74006e-30 6.91412e-29 9.47495e-28 1.21895e-26 1.47093e-25 1.66335e-24 1.76073e-23 1.74261e-22 1.61035e-21 1.38743e-20 1.11262e-19 8.28956e-19 5.72621e-18 3.65898e-17 2.15721e-16 1.17008e-15 5.81997e-15 2.64495e-14 1.09371e-13 4.09558e-13 1.38134e-12 4.17016e-12 1.11881e-11 2.64577e-11 5.46451e-11 9.76187e-11 1.49533e-10 1.95817e-10 2.22243e-10 2.29711e-10 2.36174e-10 2.56491e-10 2.84991e-10 3.07803e-10 3.22758e-10 3.34206e-10 3.43505e-10 3.53291e-10 3.64989e-10 3.76975e-10 3.89445e-10 4.01131e-10 4.11469e-10 4.20559e-10 4.27649e-10 4.33442e-10 4.37227e-10 4.39758e-10 4.40376e-10 4.39758e-10 4.37227e-10 4.33442e-10 4.27649e-10 4.20559e-10 4.11469e-10 4.01131e-10 3.89445e-10 3.76975e-10 3.64989e-10 3.53291e-10 3.43505e-10 3.34206e-10 3.22758e-10 3.07803e-10 2.84991e-10 2.56491e-10 2.36174e-10 2.29711e-10 2.22243e-10 1.95817e-10 1.49533e-10 9.76187e-11 5.46451e-11 2.64577e-11 1.11881e-11 4.17016e-12 1.38134e-12 4.09558e-13 1.09371e-13 2.64495e-14 5.81997e-15 1.17008e-15 2.15721e-16 3.65898e-17 5.72621e-18 8.28956e-19 1.11262e-19 1.38743e-20 1.61035e-21 1.74261e-22 1.76073e-23 1.66335e-24 1.47093e-25 1.21895e-26 9.47495e-28 6.91401e-29 4.7216e-30 0
0 1.86937e-30 2.79829e-29 3.92284e-28 5.16554e-27 6.38397e-26 7.39815e-25 8.03085e-24 8.15643e-23 7.74062e-22 6.85426e-21 5.65397e-20 4.33687e-19 3.08716e-18 2.03485e-17 1.23882e-16 6.94649e-16 3.57627e-15 1.6844e-14 7.22839e-14 2.81314e-13 9.87565e-13 3.10793e-12 8.70526e-12 2.15214e-11 4.65128e-11 8.69518e-11 1.3913e-10 1.89278e-10 2.20603e-10 2.30106e-10 2.36174e-10 2.58374e-10 2.90818e-10 3.12867e-10 3.22611e-10 3.33158e-10 3.46727e-10 3.6126e-10 3.78624e-10 3.9506e-10 4.0935e-10 4.22481e-10 4.32491e-10 4.41474e-10 4.48355e-10 4.54063e-10 4.58516e-10 4.61519e-10 4.63591e-10 4.64026e-10 4.63591e-10 4.61519e-10 4.58516e-10 4.54063e-10 4.48355e-10 4.41474e-10 4.32491e-10 4.22481e-10 4.0935e-10 3.9506e-10 3.78624e-10 3.6126e-10 3.46727e-10 3.33158e-10 3.22611e-10 3.12867e-10 2.90818e-10 2.58374e-10 2.36174e-10 2.30106e-10 2.20603e-10 1.89278e-10 1.3913e-10 8.69518e-11 4.65128e-11 2.15214e-11 8.70526e-12 3.10793e-12 9.87565e-13 2.81314e-13 7.22839e-14 1.6844e-14 3.57627e-15 6.94649e-16 1.23882e-16 2.03485e-17 3.08716e-18 4.33687e-19 5.65397e-20 6.85426e-21 7.74062e-22 8.15643e-23 8.03085e-24 7.39815e-25 6.38397e-26 5.16554e-27 3.92277e-28 2.7865e-29 0
0 1.04989e-29 1.5114e-28 2.03672e-27 2.57748e-26 3.06049e-25 3.40632e-24 3.54969e-23 3.45907e-22 3.14764e-21 2.67049e-20 2.10874e-19 1.54682e-18 1.05172e-17 6.61236e-17 3.83373e-16 2.04346e-15 9.97884e-15 4.4468e-14 1.80013e-13 6.5854e-13 2.16401e-12 6.34272e-12 1.64458e-11 3.73626e-11 7.35676e-11 1.24108e-10 1.777e-10 2.16193e-10 2.30812e-10 2.36257e-10 2.56491e-10 2.90818e-10 3.14189e-10 3.20759e-10 3.32153e-10 3.53763e-10 3.73117e-10 3.91351e-10 4.08599e-10 4.20295e-10 4.31816e-10 4.41513e-10 4.4997e-10 4.59062e-10 4.65882e-10 4.73373e-10 4.78179e-10 4.82904e-10 4.84879e-10 4.8625e-10 4.84879e-10 4.82904e-10 4.78179e-10 4.73373e-10 4.65882e-10 4.59062e-10 4.4997e-10 4.41513e-10 4.31816e-10 4.20295e-10 4.08599e-10 3.91351e-10 3.73117e-10 3.53763e-10 3.32153e-10 3.20759e-10 3.14189e-10 2.90818e-10 2.56491e-10 2.36257e-10 2.30812e-10 2.16193e-10 1.777e-10 1.24108e-10 7.35676e-11 3.73626e-11 1.64458e-11 6.34272e-12 2.16401e-12 6.5854e-13 1.80013e-13 4.4468e-14 9.97884e-15 2.04346e-15 3.83373e-16 6.61236e-17 1.05172e-17 1.54682e-18 2.10874e-19 2.67049e-20 3.14764e-21 3.45907e-22 3.54969e-23 3.40632e-24 3.06049e-25 2.57748e-26 2.03668e-27 1.50451e-28 0
0 5.38371e-29 7.45573e-28 9.6604e-27 1.17518e-25 1.34094e-24 1.43363e-23 1.43438e-22 1.34124e-21 1.17034e-20 9.5138e-20 7.19155e-19 5.04443e-18 3.27576e-17 1.96419e-16 1.0843e-15 5.49238e-15 2.54313e-14 1.07175e-13 4.09033e-13 1.40558e-12 4.31967e-12 1.1779e-11 2.82363e-11 5.88702e-11 1.055e-10 1.60712e-10 2.07192e-10 2.30319e-10 2.36845e-10 2.51933e-10 2.84991e-10 3.12867e-10 3.20759e-10 3.31953e-10 3.60017e-10 3.82899e-10 3.95879e-10 4.11527e-10 4.23356e-10 4.34529e-10 4.4943e-10 4.61056e-10 4.75109e-10 4.8656e-10 4.97015e-10 5.06324e-10 5.12524e-10 5.18467e-10 5.20472e-10 5.22536e-10 5.20472e-10 5.18467e-10 5.12524e-10 5.06324e-10 4.97015e-10 4.8656e-10 4.75109e-10 4.61056e-10 4.4943e-10 4.34529e-10 4.23356e-10 4.11527e-10 3.95879e-10 3.82899e-10 3.60017e-10 3.31953e-10 3.20759e-10 3.12867e-10 2.84991e-10 2.51933e-10 2.36845e-10 2.30319e-10 2.07192e-10 1.60712e-10 1.055e-10 5.88702e-11 2.82363e-11 1.1779e-11 4.31967e-12 1.40558e-12 4.09033e-13 1.07175e-13 2.54313e-14 5.49238e-15 1.0843e-15 1.96419e-16 3.27576e-17 5.04443e-18 7.19155e-19 9.5138e-20 1.17034e-20 1.34124e-21 1.43438e-22 1.43363e-23 1.34094e-24 1.17518e-25 9.66016e-27 7.41899e-28 0
0 2.51599e-28 3.35318e-27 4.1789e-26 4.88827e-25 5.3616e-24 5.50779e-23 5.29229e-22 4.7497e-21 3.97513e-20 3.09685e-19 2.24135e-18 1.50367e-17 9.32739e-17 5.33476e-16 2.80438e-15 1.35009e-14 5.92793e-14 2.36269e-13 8.50157e-13 2.74421e-12 7.88728e-12 2.00093e-11 4.43517e-11 8.49093e-11 1.38747e-10 1.91903e-10 2.26122e-10 2.37758e-10 2.4728e-10 2.74774e-10 3.07803e-10 3.22611e-10 3.32153e-10 3.60017e-10 3.86495e-10 3.9475e-10 4.0835e-10 4.27986e-10 4.42057e-10 4.62012e-10 4.78975e-10 4.92871e-10 5.08264e-10 5.1748e-10 5.29128e-10 5.35406e-10 5.4294e-10 5.46491e-10 5.4999e-10 5.5027e-10 5.4999e-10 5.46491e-10 5.4294e-10 5.35406e-10 5.29128e-10 5.1748e-10 5.08264e-10 4.92871e-10 4.78975e-10 4.62012e-10 4.42057e-10 4.27986e-10 4.0835e-10 3.9475e-10 3.86495e-10 3.60017e-10 3.32153e-10 3.22611e-10 3.07803e-10 2.74774e-10 2.4728e-10 2.37758e-10 2.26122e-10 1.91903e-10 1.38747e-10 8.49093e-11 4.43517e-11 2.00093e-11 7.88728e-12 2.74421e-12 8.50157e-13 2.36269e-13 5.92793e-14 1.35009e-14 2.80438e-15 5.33476e-16 9.32739e-17 1.50367e-17 2.24135e-18 3.09685e-19 3.97513e-20 4.7497e-21 5.29229e-22 5.50779e-23 5.3616e-24 4.88827e-25 4.17878e-26 3.33533e-27 0
