0 4.77003e-31 4.11013e-30 3.33587e-29 2.57857e-28 1.89742e-27 1.32828e-26 8.84044e-26 5.59008e-25 3.35594e-24 1.91138e-23 1.03202e-22 5.27849e-22 2.55549e-21 1.17017e-20 5.06412e-20 2.06975e-19 7.98337e-19 2.90424e-18 9.9589e-18 3.21756e-17 9.79128e-17 2.80599e-16 7.57341e-16 1.92569e-15 4.61554e-15 1.04371e-14 2.22935e-14 4.50481e-14 8.62715e-14 1.56913e-13 2.7168e-13 4.48891e-13 7.09624e-13 1.07611e-12 1.56944e-12 2.20693e-12 2.9994e-12 3.94882e-12 5.0467e-12 6.27335e-12 7.59824e-12 8.98135e-12 1.03753e-11 1.17282e-11 1.29866e-11 1.40989e-11 1.50182e-11 1.5705e-11 1.61295e-11 1.62731e-11 1.61295e-11 1.5705e-11 1.50182e-11 1.40989e-11 1.29866e-11 1.17282e-11 1.03753e-11 8.98135e-12 7.59824e-12 6.27335e-12 5.0467e-12 3.94882e-12 2.9994e-12 2.20693e-12 1.56944e-12 1.07611e-12 7.09624e-13 4.48891e-13 2.7168e-13 1.56913e-13 8.62715e-14 4.50481e-14 2.22935e-14 1.04371e-14 4.61554e-15 1.92569e-15 7.57341e-16 2.80599e-16 9.79128e-17 3.21756e-17 9.9589e-18 2.90424e-18 7.98337e-19 2.06975e-19 5.06412e-20 1.17017e-20 2.55549e-21 5.27849e-22 1.03202e-22 1.91138e-23 3.35594e-24 5.59008e-25 8.84044e-26 1.32828e-26 1.89742e-27 2.57856e-28 3.3353e-29 4.05665e-30 0
0 2.09593e-30 1.75844e-29 1.38846e-28 1.04389e-27 7.46937e-27 5.08326e-26 3.288e-25 2.01998e-24 1.17779e-23 6.51278e-23 3.41278e-22 1.69337e-21 7.94978e-21 3.52837e-20 1.47936e-19 5.85502e-19 2.18592e-18 7.69339e-18 2.55119e-17 7.96754e-17 2.34288e-16 6.48611e-16 1.69082e-15 4.15211e-15 9.61203e-15 2.09986e-14 4.33507e-14 8.47185e-14 1.57042e-13 2.76761e-13 4.64867e-13 7.46157e-13 1.14758e-12 1.69576e-12 2.41393e-12 3.31873e-12 4.41736e-12 5.70534e-12 7.1654e-12 8.7675e-12 1.047e-11 1.22216e-11 1.39644e-11 1.56372e-11 1.71785e-11 1.85302e-11 1.96403e-11 2.04659e-11 2.09745e-11 2.11463e-11 2.09745e-11 2.04659e-11 1.96403e-11 1.85302e-11 1.71785e-11 1.56372e-11 1.39644e-11 1.22216e-11 1.047e-11 8.7675e-12 7.1654e-12 5.70534e-12 4.41736e-12 3.31873e-12 2.41393e-12 1.69576e-12 1.14758e-12 7.46157e-13 4.64867e-13 2.76761e-13 1.57042e-13 8.47185e-14 4.33507e-14 2.09986e-14 9.61203e-15 4.15211e-15 1.69082e-15 6.48611e-16 2.34288e-16 7.96754e-17 2.55119e-17 7.69339e-18 2.18592e-18 5.85502e-19 1.47936e-19 3.52837e-20 7.94978e-21 1.69337e-21 3.41278e-22 6.51278e-23 1.17779e-23 2.01998e-24 3.288e-25 5.08326e-26 7.46937e-27 1.04388e-27 1.38819e-28 1.73429e-29 0
0 1.71256e-29 1.39676e-28 1.07104e-27 7.8171e-27 5.42783e-26 3.58305e-25 2.24704e-24 1.33776e-23 7.55472e-23 4.04375e-22 2.04985e-21 9.83262e-21 4.45929e-20 1.9105e-19 7.72611e-19 2.94689e-18 1.05934e-17 3.58668e-17 1.14311e-16 3.42803e-16 9.67053e-16 2.56622e-15 6.40727e-15 1.50598e-14 3.33511e-14 6.96757e-14 1.3754e-13 2.57043e-13 4.55837e-13 7.69045e-13 1.23775e-12 1.90594e-12 2.81612e-12 4.00424e-12 5.49474e-12 7.29631e-12 9.39932e-12 1.17749e-11 1.43757e-11 1.7139e-11 1.99894e-11 2.28441e-11 2.56167e-11 2.82216e-11 3.0578e-11 3.26129e-11 3.42636e-11 3.54797e-11 3.62244e-11 3.64751e-11 3.62244e-11 3.54797e-11 3.42636e-11 3.26129e-11 3.0578e-11 2.82216e-11 2.56167e-11 2.28441e-11 1.99894e-11 1.7139e-11 1.43757e-11 1.17749e-11 9.39932e-12 7.29631e-12 5.49474e-12 4.00424e-12 2.81612e-12 1.90594e-12 1.23775e-12 7.69045e-13 4.55837e-13 2.57043e-13 1.3754e-13 6.96757e-14 3.33511e-14 1.50598e-14 6.40727e-15 2.56622e-15 9.67053e-16 3.42803e-16 1.14311e-16 3.58668e-17 1.05934e-17 2.94689e-18 7.72611e-19 1.9105e-19 4.45929e-20 9.83262e-21 2.04985e-21 4.04375e-22 7.55472e-23 1.33776e-23 2.24704e-24 3.58305e-25 5.42783e-26 7.81707e-27 1.07081e-27 1.37646e-28 0
0 1.34972e-28 1.07062e-27 7.97588e-27 5.65353e-26 3.81101e-25 2.44135e-24 1.48511e-23 8.57205e-23 4.69092e-22 2.43171e-21 1.1931e-20 5.53565e-20 2.42667e-19 1.0042e-18 3.91943e-18 1.44167e-17 4.99361e-17 1.62769e-16 4.98992e-16 1.43813e-15 3.89575e-15 9.91935e-15 2.37471e-14 5.3488e-14 1.13466e-13 2.27017e-13 4.29168e-13 7.68304e-13 1.30581e-12 2.11298e-12 3.26498e-12 4.83263e-12 6.87321e-12 9.42201e-12 1.2486e-11 1.60407e-11 2.00306e-11 2.43726e-11 2.89621e-11 3.36799e-11 3.84e-11 4.29962e-11 4.73482e-11 5.13456e-11 5.48914e-11 5.7903e-11 6.03136e-11 6.20716e-11 6.31407e-11 6.34994e-11 6.31407e-11 6.20716e-11 6.03136e-11 5.7903e-11 5.48914e-11 5.13456e-11 4.73482e-11 4.29962e-11 3.84e-11 3.36799e-11 2.89621e-11 2.43726e-11 2.00306e-11 1.60407e-11 1.2486e-11 9.42201e-12 6.87321e-12 4.83263e-12 3.26498e-12 2.11298e-12 1.30581e-12 7.68304e-13 4.29168e-13 2.27017e-13 1.13466e-13 5.3488e-14 2.37471e-14 9.91935e-15 3.89575e-15 1.43813e-15 4.98992e-16 1.62769e-16 4.99361e-17 1.44167e-17 3.91943e-18 1.0042e-18 2.42667e-19 5.53565e-20 1.1931e-20 2.43171e-21 4.69092e-22 8.57205e-23 1.48511e-23 2.44135e-24 3.81101e-25 5.65351e-26 7.97397e-27 1.05415e-27 0
0 1.01308e-27 7.81358e-27 5.65349e-26 3.89051e-25 2.54506e-24 1.58147e-23 9.32718e-23 5.21685e-22 2.7648e-21 1.38717e-20 6.58291e-20 2.95205e-19 1.24982e-18 4.991e-18 1.87825e-17 6.65527e-17 2.21861e-16 6.95331e-16 2.04761e-15 5.6633e-15 1.47089e-14 3.58772e-14 8.22173e-14 1.77158e-13 3.59363e-13 6.87385e-13 1.24241e-12 2.1272e-12 3.45986e-12 5.3624e-12 7.94557e-12 1.12927e-11 1.54462e-11 2.03983e-11 2.60895e-11 3.24119e-11 3.92195e-11 4.63402e-11 5.35894e-11 6.07831e-11 6.77475e-11 7.43269e-11 8.03875e-11 8.58194e-11 9.05353e-11 9.44687e-11 9.7571e-11 9.98083e-11 1.01159e-10 1.0161e-10 1.01159e-10 9.98083e-11 9.7571e-11 9.44687e-11 9.05353e-11 8.58194e-11 8.03875e-11 7.43269e-11 6.77475e-11 6.07831e-11 5.35894e-11 4.63402e-11 3.92195e-11 3.24119e-11 2.60895e-11 2.03983e-11 1.54462e-11 1.12927e-11 7.94557e-12 5.3624e-12 3.45986e-12 2.1272e-12 1.24241e-12 6.87385e-13 3.59363e-13 1.77158e-13 8.22173e-14 3.58772e-14 1.47089e-14 5.6633e-15 2.04761e-15 6.95331e-16 2.21861e-16 6.65527e-17 1.87825e-17 4.991e-18 1.24982e-18 2.95205e-19 6.58291e-20 1.38717e-20 2.7648e-21 5.21685e-22 9.32718e-23 1.58147e-23 2.54505e-24 3.89049e-25 5.65197e-26 7.68641e-27 0
0 7.23608e-27 5.4251e-26 3.81098e-25 2.54505e-24 1.61495e-23 9.7292e-23 5.56015e-22 3.01168e-21 1.54472e-20 7.49556e-20 3.4376e-19 1.48861e-18 6.08068e-18 2.3407e-17 8.4829e-17 2.8917e-16 9.26412e-16 2.78726e-15 7.87076e-15 2.08519e-14 5.18206e-14 1.20824e-13 2.64441e-13 5.43806e-13 1.05224e-12 1.91941e-12 3.30852e-12 5.40417e-12 8.39115e-12 1.24275e-11 1.76176e-11 2.39917e-11 3.1496e-11 3.99952e-11 4.92862e-11 5.91193e-11 6.92231e-11 7.93276e-11 8.91833e-11 9.8575e-11 1.07328e-10 1.15311e-10 1.22431e-10 1.2863e-10 1.33877e-10 1.3816e-10 1.41479e-10 1.43841e-10 1.45254e-10 1.45724e-10 1.45254e-10 1.43841e-10 1.41479e-10 1.3816e-10 1.33877e-10 1.2863e-10 1.22431e-10 1.15311e-10 1.07328e-10 9.8575e-11 8.91833e-11 7.93276e-11 6.92231e-11 5.91193e-11 4.92862e-11 3.99952e-11 3.1496e-11 2.39917e-11 1.76176e-11 1.24275e-11 8.39115e-12 5.40417e-12 3.30852e-12 1.91941e-12 1.05224e-12 5.43806e-13 2.64441e-13 1.20824e-13 5.18206e-14 2.08519e-14 7.87076e-15 2.78726e-15 9.26412e-16 2.8917e-16 8.4829e-17 2.3407e-17 6.08068e-18 1.48861e-18 3.4376e-19 7.49556e-20 1.54472e-20 3.01168e-21 5.56015e-22 9.7292e-23 1.61495e-23 2.54504e-24 3.80983e-25 5.3316e-26 0
0 4.91517e-26 3.58102e-25 2.44132e-24 1.58147e-23 9.7292e-23 5.6795e-22 3.14321e-21 1.64765e-20 8.17276e-20 3.83224e-19 1.69697e-18 7.08893e-18 2.79073e-17 1.03426e-16 3.60477e-16 1.18041e-15 3.62835e-15 1.04608e-14 2.82705e-14 7.1588e-14 1.69838e-13 3.77588e-13 7.87186e-13 1.54065e-12 2.83544e-12 4.91788e-12 8.06038e-12 1.25234e-11 1.85095e-11 2.61212e-11 3.53334e-11 4.59867e-11 5.78044e-11 7.04262e-11 8.34505e-11 9.64775e-11 1.09145e-10 1.21153e-10 1.32277e-10 1.42365e-10 1.51336e-10 1.59167e-10 1.65873e-10 1.71503e-10 1.76115e-10 1.79777e-10 1.82552e-10 1.84492e-10 1.8564e-10 1.86019e-10 1.8564e-10 1.84492e-10 1.82552e-10 1.79777e-10 1.76115e-10 1.71503e-10 1.65873e-10 1.59167e-10 1.51336e-10 1.42365e-10 1.32277e-10 1.21153e-10 1.09145e-10 9.64775e-11 8.34505e-11 7.04262e-11 5.78044e-11 4.59867e-11 3.53334e-11 2.61212e-11 1.85095e-11 1.25234e-11 8.06038e-12 4.91788e-12 2.83544e-12 1.54065e-12 7.87186e-13 3.77588e-13 1.69838e-13 7.1588e-14 2.82705e-14 1.04608e-14 3.62835e-15 1.18041e-15 3.60477e-16 1.03426e-16 2.79073e-17 7.08893e-18 1.69697e-18 3.83224e-19 8.17276e-20 1.64765e-20 3.14321e-21 5.6795e-22 9.7292e-23 1.58146e-23 2.44049e-24 3.51562e-25 0
0 3.17282e-25 2.24561e-24 1.48509e-23 9.32718e-23 5.56015e-22 3.14321e-21 1.68345e-20 8.53382e-20 4.0903e-19 1.85172e-18 7.90917e-18 3.18374e-17 1.20644e-16 4.29881e-16 1.43875e-15 4.51818e-15 1.33003e-14 3.66702e-14 9.46319e-14 2.28484e-13 5.16097e-13 1.09094e-12 2.1598e-12 4.01007e-12 6.99617e-12 1.14985e-11 1.78581e-11 2.63023e-11 3.68819e-11 4.94399e-11 6.36214e-11 7.89205e-11 9.47504e-11 1.1052e-10 1.25701e-10 1.3987e-10 1.52735e-10 1.64132e-10 1.74013e-10 1.82417e-10 1.89445e-10 1.95233e-10 1.99931e-10 2.03688e-10 2.06638e-10 2.08897e-10 2.1056e-10 2.11698e-10 2.12361e-10 2.12579e-10 2.12361e-10 2.11698e-10 2.1056e-10 2.08897e-10 2.06638e-10 2.03688e-10 1.99931e-10 1.95233e-10 1.89445e-10 1.82417e-10 1.74013e-10 1.64132e-10 1.52735e-10 1.3987e-10 1.25701e-10 1.1052e-10 9.47504e-11 7.89205e-11 6.36214e-11 4.94399e-11 3.68819e-11 2.63023e-11 1.78581e-11 1.14985e-11 6.99617e-12 4.01007e-12 2.1598e-12 1.09094e-12 5.16097e-13 2.28484e-13 9.46319e-14 3.66702e-14 1.33003e-14 4.51818e-15 1.43875e-15 4.29881e-16 1.20644e-16 3.18374e-17 7.90917e-18 1.85172e-18 4.0903e-19 8.53382e-20 1.68345e-20 3.14321e-21 5.56015e-22 9.32711e-23 1.48452e-23 2.20213e-24 0
0 1.94496e-24 1.3368e-23 8.57194e-23 5.21685e-22 3.01168e-21 1.64765e-20 8.53382e-20 4.1801e-19 1.93427e-18 8.44587e-18 3.47581e-17 1.34657e-16 4.90499e-16 1.67784e-15 5.38325e-15 1.61818e-14 4.55234e-14 1.1975e-13 2.94335e-13 6.75688e-13 1.44866e-12 2.90185e-12 5.43617e-12 9.53925e-12 1.57155e-11 2.43788e-11 3.57372e-11 4.97062e-11 6.58864e-11 8.36112e-11 1.02053e-10 1.2035e-10 1.37733e-10 1.53604e-10 1.67585e-10 1.7951e-10 1.89398e-10 1.974e-10 2.0375e-10 2.08715e-10 2.12559e-10 2.1552e-10 2.178e-10 2.19554e-10 2.20901e-10 2.21923e-10 2.22676e-10 2.23194e-10 2.23499e-10 2.23599e-10 2.23499e-10 2.23194e-10 2.22676e-10 2.21923e-10 2.20901e-10 2.19554e-10 2.178e-10 2.1552e-10 2.12559e-10 2.08715e-10 2.0375e-10 1.974e-10 1.89398e-10 1.7951e-10 1.67585e-10 1.53604e-10 1.37733e-10 1.2035e-10 1.02053e-10 8.36112e-11 6.58864e-11 4.97062e-11 3.57372e-11 2.43788e-11 1.57155e-11 9.53925e-12 5.43617e-12 2.90185e-12 1.44866e-12 6.75688e-13 2.94335e-13 1.1975e-13 4.55234e-14 1.61818e-14 5.38325e-15 1.67784e-15 4.90499e-16 1.34657e-16 3.47581e-17 8.44587e-18 1.93427e-18 4.1801e-19 8.53382e-20 1.64765e-20 3.01168e-21 5.21681e-22 8.56824e-23 1.30933e-23 0
0 1.13139e-23 7.54861e-23 4.69084e-22 2.7648e-21 1.54472e-20 8.17276e-20 4.0903e-19 1.93427e-18 8.63269e-18 3.63167e-17 1.43829e-16 5.35551e-16 1.87236e-15 6.13809e-15 1.88435e-14 5.41031e-14 1.45115e-13 3.63235e-13 8.47838e-13 1.84453e-12 3.74019e-12 7.07222e-12 1.24847e-11 2.06151e-11 3.19267e-11 4.65364e-11 6.41081e-11 8.38599e-11 1.04692e-10 1.25389e-10 1.44834e-10 1.62175e-10 1.76908e-10 1.88882e-10 1.98236e-10 2.05307e-10 2.10533e-10 2.14366e-10 2.17215e-10 2.19412e-10 2.21202e-10 2.22745e-10 2.2413e-10 2.25394e-10 2.26535e-10 2.27532e-10 2.28353e-10 2.28968e-10 2.29348e-10 2.29476e-10 2.29348e-10 2.28968e-10 2.28353e-10 2.27532e-10 2.26535e-10 2.25394e-10 2.2413e-10 2.22745e-10 2.21202e-10 2.19412e-10 2.17215e-10 2.14366e-10 2.10533e-10 2.05307e-10 1.98236e-10 1.88882e-10 1.76908e-10 1.62175e-10 1.44834e-10 1.25389e-10 1.04692e-10 8.38599e-11 6.41081e-11 4.65364e-11 3.19267e-11 2.06151e-11 1.24847e-11 7.07222e-12 3.74019e-12 1.84453e-12 8.47838e-13 3.63235e-13 1.45115e-13 5.41031e-14 1.88435e-14 6.13809e-15 1.87236e-15 5.35551e-16 1.43829e-16 3.63167e-17 8.63269e-18 1.93427e-18 4.0903e-19 8.17276e-20 1.54472e-20 2.76477e-21 4.68856e-22 7.38386e-23 0
0 6.24039e-23 4.04005e-22 2.43166e-21 1.38717e-20 7.49556e-20 3.83224e-19 1.85172e-18 8.44587e-18 3.63167e-17 1.47022e-16 5.59594e-16 1.99965e-15 6.69872e-15 2.1006e-14 6.15709e-14 1.6845e-13 4.29596e-13 1.02011e-12 2.25347e-12 4.62857e-12 8.83952e-12 1.57062e-11 2.60013e-11 4.01978e-11 5.82265e-11 7.93554e-11 1.0227e-10 1.2534e-10 1.46967e-10 1.65902e-10 1.81433e-10 1.93408e-10 2.02144e-10 2.08257e-10 2.12481e-10 2.15523e-10 2.17967e-10 2.20229e-10 2.22559e-10 2.25063e-10 2.27741e-10 2.30525e-10 2.33311e-10 2.35984e-10 2.38433e-10 2.40564e-10 2.42298e-10 2.43576e-10 2.44359e-10 2.44622e-10 2.44359e-10 2.43576e-10 2.42298e-10 2.40564e-10 2.38433e-10 2.35984e-10 2.33311e-10 2.30525e-10 2.27741e-10 2.25063e-10 2.22559e-10 2.20229e-10 2.17967e-10 2.15523e-10 2.12481e-10 2.08257e-10 2.02144e-10 1.93408e-10 1.81433e-10 1.65902e-10 1.46967e-10 1.2534e-10 1.0227e-10 7.93554e-11 5.82265e-11 4.01978e-11 2.60013e-11 1.57062e-11 8.83952e-12 4.62857e-12 2.25347e-12 1.02011e-12 4.29596e-13 1.6845e-13 6.15709e-14 2.1006e-14 6.69872e-15 1.99965e-15 5.59594e-16 1.47022e-16 3.63167e-17 8.44587e-18 1.85172e-18 3.83224e-19 7.49556e-20 1.38715e-20 2.43033e-21 3.94633e-22 0
0 3.26112e-22 2.04773e-21 1.19307e-20 6.5829e-20 3.4376e-19 1.69697e-18 7.90917e-18 3.47581e-17 1.43829e-16 5.59594e-16 2.04396e-15 6.99779e-15 2.24198e-14 6.71071e-14 1.87351e-13 4.87074e-13 1.17743e-12 2.64308e-12 5.50391e-12 1.06259e-11 1.90197e-11 3.1589e-11 4.87685e-11 7.01924e-11 9.45788e-11 1.19943e-10 1.44081e-10 1.65126e-10 1.81954e-10 1.94321e-10 2.0274e-10 2.082e-10 2.11847e-10 2.14724e-10 2.17613e-10 2.20982e-10 2.25014e-10 2.29674e-10 2.34793e-10 2.40139e-10 2.45476e-10 2.50593e-10 2.55323e-10 2.59544e-10 2.63176e-10 2.66174e-10 2.68512e-10 2.70184e-10 2.71186e-10 2.71519e-10 2.71186e-10 2.70184e-10 2.68512e-10 2.66174e-10 2.63176e-10 2.59544e-10 2.55323e-10 2.50593e-10 2.45476e-10 2.40139e-10 2.34793e-10 2.29674e-10 2.25014e-10 2.20982e-10 2.17613e-10 2.14724e-10 2.11847e-10 2.082e-10 2.0274e-10 1.94321e-10 1.81954e-10 1.65126e-10 1.44081e-10 1.19943e-10 9.45788e-11 7.01924e-11 4.87685e-11 3.1589e-11 1.90197e-11 1.06259e-11 5.50391e-12 2.64308e-12 1.17743e-12 4.87074e-13 1.87351e-13 6.71071e-14 2.24198e-14 6.99779e-15 2.04396e-15 5.59594e-16 1.43829e-16 3.47581e-17 7.90917e-18 1.69697e-18 3.4376e-19 6.5828e-20 1.19232e-20 1.99718e-21 0
0 1.61335e-21 9.82109e-21 5.53549e-20 2.95205e-19 1.48861e-18 7.08893e-18 3.18374e-17 1.34657e-16 5.35551e-16 1.99965e-15 6.99779e-15 2.29117e-14 7.00572e-14 1.99681e-13 5.29534e-13 1.30413e-12 2.9776e-12 6.293e-12 1.22964e-11 2.21992e-11 3.70312e-11 5.7142e-11 8.17617e-11 1.08913e-10 1.35837e-10 1.59796e-10 1.78885e-10 1.92479e-10 2.01186e-10 2.06434e-10 2.0992e-10 2.1314e-10 2.17112e-10 2.22311e-10 2.28751e-10 2.3614e-10 2.44043e-10 2.5201e-10 2.59664e-10 2.6673e-10 2.73041e-10 2.78526e-10 2.83177e-10 2.87032e-10 2.90149e-10 2.92594e-10 2.94427e-10 2.95698e-10 2.96446e-10 2.96693e-10 2.96446e-10 2.95698e-10 2.94427e-10 2.92594e-10 2.90149e-10 2.87032e-10 2.83177e-10 2.78526e-10 2.73041e-10 2.6673e-10 2.59664e-10 2.5201e-10 2.44043e-10 2.3614e-10 2.28751e-10 2.22311e-10 2.17112e-10 2.1314e-10 2.0992e-10 2.06434e-10 2.01186e-10 1.92479e-10 1.78885e-10 1.59796e-10 1.35837e-10 1.08913e-10 8.17617e-11 5.7142e-11 3.70312e-11 2.21992e-11 1.22964e-11 6.293e-12 2.9776e-12 1.30413e-12 5.29534e-13 1.99681e-13 7.00572e-14 2.29117e-14 6.99779e-15 1.99965e-15 5.35551e-16 1.34657e-16 3.18374e-17 7.08893e-18 1.48861e-18 2.952e-19 5.53157e-20 9.56293e-21 0
0 7.54991e-21 4.45334e-20 2.42658e-19 1.24982e-18 6.08068e-18 2.79073e-17 1.20644e-16 4.90499e-16 1.87236e-15 6.69872e-15 2.24198e-14 7.00572e-14 2.03967e-13 5.52111e-13 1.38647e-12 3.22315e-12 6.92219e-12 1.37092e-11 2.50018e-11 4.19567e-11 6.48069e-11 9.22947e-11 1.21632e-10 1.49226e-10 1.71921e-10 1.88102e-10 1.98079e-10 2.03646e-10 2.07206e-10 2.10916e-10 2.16151e-10 2.23381e-10 2.32347e-10 2.42368e-10 2.52647e-10 2.62487e-10 2.71404e-10 2.79142e-10 2.85641e-10 2.90972e-10 2.95281e-10 2.98736e-10 3.01498e-10 3.037e-10 3.05447e-10 3.06811e-10 3.07838e-10 3.08557e-10 3.08984e-10 3.09125e-10 3.08984e-10 3.08557e-10 3.07838e-10 3.06811e-10 3.05447e-10 3.037e-10 3.01498e-10 2.98736e-10 2.95281e-10 2.90972e-10 2.85641e-10 2.79142e-10 2.71404e-10 2.62487e-10 2.52647e-10 2.42368e-10 2.32347e-10 2.23381e-10 2.16151e-10 2.10916e-10 2.07206e-10 2.03646e-10 1.98079e-10 1.88102e-10 1.71921e-10 1.49226e-10 1.21632e-10 9.22947e-11 6.48069e-11 4.19567e-11 2.50018e-11 1.37092e-11 6.92219e-12 3.22315e-12 1.38647e-12 5.52111e-13 2.03967e-13 7.00572e-14 2.24198e-14 6.69872e-15 1.87236e-15 4.90499e-16 1.20644e-16 2.79073e-17 6.08068e-18 1.24979e-18 2.42462e-19 4.32854e-20 0
0 3.33928e-20 1.9076e-19 1.00415e-18 4.991e-18 2.3407e-17 1.03426e-16 4.29881e-16 1.67784e-15 6.13809e-15 2.1006e-14 6.71071e-14 1.99681e-13 5.52111e-13 1.41503e-12 3.3532e-12 7.3283e-12 1.47347e-11 2.71975e-11 4.60112e-11 7.12921e-11 1.01256e-10 1.32232e-10 1.59778e-10 1.80478e-10 1.93375e-10 2.00124e-10 2.0389e-10 2.0783e-10 2.13995e-10 2.22981e-10 2.34195e-10 2.46433e-10 2.58436e-10 2.69253e-10 2.78377e-10 2.85712e-10 2.91446e-10 2.95909e-10 2.99457e-10 3.02398e-10 3.04959e-10 3.07277e-10 3.09417e-10 3.11388e-10 3.13166e-10 3.14706e-10 3.15964e-10 3.16896e-10 3.17469e-10 3.17663e-10 3.17469e-10 3.16896e-10 3.15964e-10 3.14706e-10 3.13166e-10 3.11388e-10 3.09417e-10 3.07277e-10 3.04959e-10 3.02398e-10 2.99457e-10 2.95909e-10 2.91446e-10 2.85712e-10 2.78377e-10 2.69253e-10 2.58436e-10 2.46433e-10 2.34195e-10 2.22981e-10 2.13995e-10 2.0783e-10 2.0389e-10 2.00124e-10 1.93375e-10 1.80478e-10 1.59778e-10 1.32232e-10 1.01256e-10 7.12921e-11 4.60112e-11 2.71975e-11 1.47347e-11 7.3283e-12 3.3532e-12 1.41503e-12 5.52111e-13 1.99681e-13 6.71071e-14 2.1006e-14 6.13809e-15 1.67784e-15 4.29881e-16 1.03426e-16 2.34069e-17 4.99086e-18 1.00323e-18 1.85054e-19 0
0 1.39481e-19 7.71272e-19 3.91923e-18 1.87824e-17 8.4829e-17 3.60477e-16 1.43875e-15 5.38325e-15 1.88435e-14 6.15709e-14 1.87351e-13 5.29534e-13 1.38647e-12 3.3532e-12 7.46869e-12 1.52741e-11 2.85977e-11 4.88952e-11 7.62084e-11 1.0825e-10 1.40456e-10 1.67538e-10 1.8596e-10 1.95744e-10 2.0021e-10 2.03875e-10 2.10141e-10 2.20182e-10 2.33181e-10 2.47276e-10 2.60585e-10 2.71862e-10 2.80672e-10 2.87236e-10 2.9215e-10 2.96093e-10 2.99639e-10 3.03174e-10 3.06879e-10 3.1078e-10 3.14797e-10 3.188e-10 3.22642e-10 3.26191e-10 3.29337e-10 3.31997e-10 3.34114e-10 3.35648e-10 3.36577e-10 3.36888e-10 3.36577e-10 3.35648e-10 3.34114e-10 3.31997e-10 3.29337e-10 3.26191e-10 3.22642e-10 3.188e-10 3.14797e-10 3.1078e-10 3.06879e-10 3.03174e-10 2.99639e-10 2.96093e-10 2.9215e-10 2.87236e-10 2.80672e-10 2.71862e-10 2.60585e-10 2.47276e-10 2.33181e-10 2.20182e-10 2.10141e-10 2.03875e-10 2.0021e-10 1.95744e-10 1.8596e-10 1.67538e-10 1.40456e-10 1.0825e-10 7.62084e-11 4.88952e-11 2.85977e-11 1.52741e-11 7.46869e-12 3.3532e-12 1.38647e-12 5.29534e-13 1.87351e-13 6.15709e-14 1.88435e-14 5.38325e-15 1.43875e-15 3.60477e-16 8.48289e-17 1.87818e-17 3.9151e-18 7.46621e-19 0
0 5.49776e-19 2.94104e-18 1.44158e-17 6.65526e-17 2.8917e-16 1.18041e-15 4.51818e-15 1.61818e-14 5.41031e-14 1.6845e-13 4.87074e-13 1.30413e-12 3.22315e-12 7.3283e-12 1.52741e-11 2.90787e-11 5.03934e-11 7.92717e-11 1.13024e-10 1.46248e-10 1.7281e-10 1.89111e-10 1.96342e-10 1.99661e-10 2.04758e-10 2.14606e-10 2.28706e-10 2.44484e-10 2.59151e-10 2.7094e-10 2.79487e-10 2.85489e-10 2.90087e-10 2.94362e-10 2.99043e-10 3.04436e-10 3.1051e-10 3.17023e-10 3.23659e-10 3.30114e-10 3.36146e-10 3.41596e-10 3.46372e-10 3.50443e-10 3.53813e-10 3.56507e-10 3.58559e-10 3.59998e-10 3.60851e-10 3.61133e-10 3.60851e-10 3.59998e-10 3.58559e-10 3.56507e-10 3.53813e-10 3.50443e-10 3.46372e-10 3.41596e-10 3.36146e-10 3.30114e-10 3.23659e-10 3.17023e-10 3.1051e-10 3.04436e-10 2.99043e-10 2.94362e-10 2.90087e-10 2.85489e-10 2.79487e-10 2.7094e-10 2.59151e-10 2.44484e-10 2.28706e-10 2.14606e-10 2.04758e-10 1.99661e-10 1.96342e-10 1.89111e-10 1.7281e-10 1.46248e-10 1.13024e-10 7.92717e-11 5.03934e-11 2.90787e-11 1.52741e-11 7.3283e-12 3.22315e-12 1.30413e-12 4.87074e-13 1.6845e-13 5.41031e-14 1.61818e-14 4.51818e-15 1.18041e-15 2.89169e-16 6.65498e-17 1.43984e-17 2.84048e-18 0
0 2.04338e-18 1.05693e-17 4.99322e-17 2.21861e-16 9.26412e-16 3.62835e-15 1.33003e-14 4.55234e-14 1.45115e-13 4.29596e-13 1.17743e-12 2.9776e-12 6.92219e-12 1.47347e-11 2.85977e-11 5.03934e-11 8.03117e-11 1.15441e-10 1.49666e-10 1.76007e-10 1.9071e-10 1.96112e-10 1.99245e-10 2.0675e-10 2.20535e-10 2.37801e-10 2.54309e-10 2.67234e-10 2.76013e-10 2.81847e-10 2.86622e-10 2.91885e-10 2.98416e-10 3.06268e-10 3.14984e-10 3.2394e-10 3.3256e-10 3.4043e-10 3.47341e-10 3.53236e-10 3.58171e-10 3.62257e-10 3.65615e-10 3.6836e-10 3.70577e-10 3.72334e-10 3.73671e-10 3.74615e-10 3.75176e-10 3.75363e-10 3.75176e-10 3.74615e-10 3.73671e-10 3.72334e-10 3.70577e-10 3.6836e-10 3.65615e-10 3.62257e-10 3.58171e-10 3.53236e-10 3.47341e-10 3.4043e-10 3.3256e-10 3.2394e-10 3.14984e-10 3.06268e-10 2.98416e-10 2.91885e-10 2.86622e-10 2.81847e-10 2.76013e-10 2.67234e-10 2.54309e-10 2.37801e-10 2.20535e-10 2.0675e-10 1.99245e-10 1.96112e-10 1.9071e-10 1.76007e-10 1.49666e-10 1.15441e-10 8.03117e-11 5.03934e-11 2.85977e-11 1.47347e-11 6.92219e-12 2.9776e-12 1.17743e-12 4.29596e-13 1.45115e-13 4.55234e-14 1.33003e-14 3.62835e-15 9.2641e-16 2.21849e-16 4.98629e-17 1.01822e-17 0
0 7.15669e-18 3.57729e-17 1.62754e-16 6.95329e-16 2.78726e-15 1.04608e-14 3.66702e-14 1.1975e-13 3.63235e-13 1.02011e-12 2.64308e-12 6.293e-12 1.37092e-11 2.71975e-11 4.88952e-11 7.92717e-11 1.15441e-10 1.50794e-10 1.77498e-10 1.91396e-10 1.95688e-10 1.99171e-10 2.09344e-10 2.26683e-10 2.45745e-10 2.61045e-10 2.70937e-10 2.77041e-10 2.82113e-10 2.88444e-10 2.96921e-10 3.07112e-10 3.18007e-10 3.28534e-10 3.37922e-10 3.45865e-10 3.52369e-10 3.5767e-10 3.62075e-10 3.65854e-10 3.69225e-10 3.72301e-10 3.75139e-10 3.77733e-10 3.80048e-10 3.82035e-10 3.83641e-10 3.84826e-10 3.85548e-10 3.85793e-10 3.85548e-10 3.84826e-10 3.83641e-10 3.82035e-10 3.80048e-10 3.77733e-10 3.75139e-10 3.72301e-10 3.69225e-10 3.65854e-10 3.62075e-10 3.5767e-10 3.52369e-10 3.45865e-10 3.37922e-10 3.28534e-10 3.18007e-10 3.07112e-10 2.96921e-10 2.88444e-10 2.82113e-10 2.77041e-10 2.70937e-10 2.61045e-10 2.45745e-10 2.26683e-10 2.09344e-10 1.99171e-10 1.95688e-10 1.91396e-10 1.77498e-10 1.50794e-10 1.15441e-10 7.92717e-11 4.88952e-11 2.71975e-11 1.37092e-11 6.293e-12 2.64308e-12 1.02011e-12 3.63235e-13 1.1975e-13 3.66702e-14 1.04608e-14 2.78726e-15 6.95283e-16 1.62493e-16 3.43677e-17 0
0 2.36059e-17 1.13967e-16 4.98933e-16 2.0476e-15 7.87076e-15 2.82705e-14 9.46319e-14 2.94335e-13 8.47838e-13 2.25347e-12 5.50391e-12 1.22964e-11 2.50018e-11 4.60112e-11 7.62084e-11 1.13024e-10 1.49666e-10 1.77498e-10 1.91578e-10 1.9541e-10 1.99289e-10 2.11718e-10 2.31852e-10 2.51551e-10 2.64519e-10 2.7139e-10 2.76564e-10 2.83491e-10 2.93389e-10 3.0554e-10 3.18063e-10 3.2937e-10 3.3874e-10 3.46099e-10 3.51957e-10 3.56961e-10 3.61619e-10 3.66313e-10 3.71149e-10 3.76114e-10 3.81093e-10 3.85914e-10 3.90446e-10 3.94537e-10 3.98113e-10 4.01087e-10 4.03435e-10 4.05118e-10 4.06136e-10 4.06472e-10 4.06136e-10 4.05118e-10 4.03435e-10 4.01087e-10 3.98113e-10 3.94537e-10 3.90446e-10 3.85914e-10 3.81093e-10 3.76114e-10 3.71149e-10 3.66313e-10 3.61619e-10 3.56961e-10 3.51957e-10 3.46099e-10 3.3874e-10 3.2937e-10 3.18063e-10 3.0554e-10 2.93389e-10 2.83491e-10 2.76564e-10 2.7139e-10 2.64519e-10 2.51551e-10 2.31852e-10 2.11718e-10 1.99289e-10 1.9541e-10 1.91578e-10 1.77498e-10 1.49666e-10 1.13024e-10 7.62084e-11 4.60112e-11 2.50018e-11 1.22964e-11 5.50391e-12 2.25347e-12 8.47838e-13 2.94335e-13 9.46319e-14 2.82705e-14 7.87073e-15 2.04743e-15 4.9801e-16 1.0916e-16 0
0 7.32949e-17 3.41608e-16 1.43792e-15 5.66326e-15 2.08519e-14 7.1588e-14 2.28484e-13 6.75688e-13 1.84453e-12 4.62857e-12 1.06259e-11 2.21992e-11 4.19567e-11 7.12921e-11 1.0825e-10 1.46248e-10 1.76007e-10 1.91396e-10 1.9541e-10 1.99364e-10 2.13122e-10 2.35222e-10 2.55078e-10 2.65631e-10 2.70345e-10 2.76604e-10 2.87247e-10 3.00748e-10 3.14662e-10 3.26689e-10 3.35801e-10 3.42721e-10 3.48514e-10 3.54143e-10 3.60371e-10 3.67259e-10 3.7467e-10 3.82289e-10 3.89697e-10 3.9668e-10 4.02978e-10 4.08544e-10 4.13326e-10 4.17346e-10 4.20658e-10 4.23282e-10 4.25295e-10 4.26691e-10 4.27538e-10 4.27802e-10 4.27538e-10 4.26691e-10 4.25295e-10 4.23282e-10 4.20658e-10 4.17346e-10 4.13326e-10 4.08544e-10 4.02978e-10 3.9668e-10 3.89697e-10 3.82289e-10 3.7467e-10 3.67259e-10 3.60371e-10 3.54143e-10 3.48514e-10 3.42721e-10 3.35801e-10 3.26689e-10 3.14662e-10 3.00748e-10 2.87247e-10 2.76604e-10 2.70345e-10 2.65631e-10 2.55078e-10 2.35222e-10 2.13122e-10 1.99364e-10 1.9541e-10 1.91396e-10 1.76007e-10 1.46248e-10 1.0825e-10 7.12921e-11 4.19567e-11 2.21992e-11 1.06259e-11 4.62857e-12 1.84453e-12 6.75688e-13 2.28484e-13 7.1588e-14 2.08518e-14 5.66268e-15 1.43483e-15 3.26118e-16 0
0 2.14158e-16 9.63149e-16 3.89504e-15 1.47088e-14 5.18205e-14 1.69838e-13 5.16097e-13 1.44866e-12 3.74019e-12 8.83952e-12 1.90197e-11 3.70312e-11 6.48069e-11 1.01256e-10 1.40456e-10 1.7281e-10 1.9071e-10 1.95688e-10 1.99289e-10 2.13122e-10 2.36384e-10 2.56671e-10 2.6564e-10 2.69167e-10 2.77685e-10 2.92517e-10 3.08057e-10 3.20876e-10 3.30447e-10 3.37248e-10 3.43377e-10 3.50558e-10 3.58895e-10 3.68332e-10 3.78189e-10 3.87601e-10 3.96305e-10 4.03881e-10 4.10395e-10 4.15958e-10 4.2064e-10 4.24718e-10 4.28168e-10 4.31198e-10 4.33731e-10 4.35866e-10 4.37527e-10 4.38747e-10 4.39476e-10 4.39727e-10 4.39476e-10 4.38747e-10 4.37527e-10 4.35866e-10 4.33731e-10 4.31198e-10 4.28168e-10 4.24718e-10 4.2064e-10 4.15958e-10 4.10395e-10 4.03881e-10 3.96305e-10 3.87601e-10 3.78189e-10 3.68332e-10 3.58895e-10 3.50558e-10 3.43377e-10 3.37248e-10 3.30447e-10 3.20876e-10 3.08057e-10 2.92517e-10 2.77685e-10 2.69167e-10 2.6564e-10 2.56671e-10 2.36384e-10 2.13122e-10 1.99289e-10 1.95688e-10 1.9071e-10 1.7281e-10 1.40456e-10 1.01256e-10 6.48069e-11 3.70312e-11 1.90197e-11 8.83952e-12 3.74019e-12 1.44866e-12 5.16097e-13 1.69838e-13 5.18202e-14 1.47069e-14 3.88533e-15 9.16144e-16 0
0 5.88775e-16 2.55419e-15 9.91707e-15 3.58768e-14 1.20824e-13 3.77588e-13 1.09094e-12 2.90185e-12 7.07222e-12 1.57062e-11 3.1589e-11 5.7142e-11 9.22947e-11 1.32232e-10 1.67538e-10 1.89111e-10 1.96112e-10 1.99171e-10 2.11718e-10 2.35222e-10 2.56671e-10 2.65523e-10 2.68499e-10 2.79067e-10 2.97431e-10 3.13303e-10 3.23003e-10 3.30263e-10 3.37272e-10 3.45438e-10 3.56115e-10 3.67723e-10 3.78834e-10 3.89113e-10 3.97625e-10 4.04785e-10 4.10986e-10 4.1634e-10 4.21534e-10 4.26391e-10 4.31208e-10 4.35834e-10 4.40173e-10 4.44231e-10 4.47729e-10 4.50804e-10 4.53147e-10 4.54959e-10 4.55958e-10 4.56376e-10 4.55958e-10 4.54959e-10 4.53147e-10 4.50804e-10 4.47729e-10 4.44231e-10 4.40173e-10 4.35834e-10 4.31208e-10 4.26391e-10 4.21534e-10 4.1634e-10 4.10986e-10 4.04785e-10 3.97625e-10 3.89113e-10 3.78834e-10 3.67723e-10 3.56115e-10 3.45438e-10 3.37272e-10 3.30263e-10 3.23003e-10 3.13303e-10 2.97431e-10 2.79067e-10 2.68499e-10 2.65523e-10 2.56671e-10 2.35222e-10 2.11718e-10 1.99171e-10 1.96112e-10 1.89111e-10 1.67538e-10 1.32232e-10 9.22947e-11 5.7142e-11 3.1589e-11 1.57062e-11 7.07222e-12 2.90185e-12 1.09094e-12 3.77588e-13 1.20823e-13 3.5871e-14 9.88829e-15 2.4199e-15 0
0 1.52323e-15 6.37237e-15 2.37403e-14 8.2216e-14 2.64441e-13 7.87186e-13 2.1598e-12 5.43617e-12 1.24847e-11 2.60013e-11 4.87685e-11 8.17617e-11 1.21632e-10 1.59778e-10 1.8596e-10 1.96342e-10 1.99245e-10 2.09344e-10 2.31852e-10 2.55078e-10 2.6564e-10 2.68499e-10 2.79686e-10 3.00325e-10 3.1603e-10 3.2235e-10 3.28703e-10 3.39037e-10 3.5068e-10 3.63628e-10 3.76218e-10 3.85899e-10 3.94127e-10 4.01216e-10 4.07443e-10 4.14323e-10 4.21193e-10 4.28494e-10 4.35978e-10 4.43042e-10 4.50019e-10 4.56096e-10 4.61757e-10 4.66464e-10 4.70543e-10 4.73787e-10 4.76302e-10 4.78106e-10 4.79141e-10 4.7953e-10 4.79141e-10 4.78106e-10 4.76302e-10 4.73787e-10 4.70543e-10 4.66464e-10 4.61757e-10 4.56096e-10 4.50019e-10 4.43042e-10 4.35978e-10 4.28494e-10 4.21193e-10 4.14323e-10 4.07443e-10 4.01216e-10 3.94127e-10 3.85899e-10 3.76218e-10 3.63628e-10 3.5068e-10 3.39037e-10 3.28703e-10 3.2235e-10 3.1603e-10 3.00325e-10 2.79686e-10 2.68499e-10 2.6564e-10 2.55078e-10 2.31852e-10 2.09344e-10 1.99245e-10 1.96342e-10 1.8596e-10 1.59778e-10 1.21632e-10 8.17617e-11 4.87685e-11 2.60013e-11 1.24847e-11 5.43617e-12 2.1598e-12 7.87185e-13 2.64438e-13 8.21992e-14 2.36599e-14 6.01115e-15 0
0 3.7098e-15 1.49643e-14 5.34686e-14 1.77154e-13 5.43805e-13 1.54065e-12 4.01007e-12 9.53925e-12 2.06151e-11 4.01978e-11 7.01924e-11 1.08913e-10 1.49226e-10 1.80478e-10 1.95744e-10 1.99661e-10 2.0675e-10 2.26683e-10 2.51551e-10 2.65631e-10 2.69167e-10 2.79067e-10 3.00325e-10 3.16809e-10 3.21219e-10 3.27561e-10 3.42591e-10 3.57234e-10 3.6889e-10 3.79913e-10 3.87763e-10 3.94586e-10 4.03161e-10 4.11584e-10 4.21218e-10 4.31303e-10 4.40417e-10 4.49607e-10 4.57244e-10 4.643e-10 4.70369e-10 4.75451e-10 4.80164e-10 4.83766e-10 4.87274e-10 4.89681e-10 4.92012e-10 4.93279e-10 4.94406e-10 4.94493e-10 4.94406e-10 4.93279e-10 4.92012e-10 4.89681e-10 4.87274e-10 4.83766e-10 4.80164e-10 4.75451e-10 4.70369e-10 4.643e-10 4.57244e-10 4.49607e-10 4.40417e-10 4.31303e-10 4.21218e-10 4.11584e-10 4.03161e-10 3.94586e-10 3.87763e-10 3.79913e-10 3.6889e-10 3.57234e-10 3.42591e-10 3.27561e-10 3.21219e-10 3.16809e-10 3.00325e-10 2.79067e-10 2.69167e-10 2.65631e-10 2.51551e-10 2.26683e-10 2.0675e-10 1.99661e-10 1.95744e-10 1.80478e-10 1.49226e-10 1.08913e-10 7.01924e-11 4.01978e-11 2.06151e-11 9.53925e-12 4.01007e-12 1.54065e-12 5.43796e-13 1.77108e-13 5.32572e-14 1.40492e-14 0
0 8.5114e-15 3.31048e-14 1.13414e-13 3.59353e-13 1.05224e-12 2.83543e-12 6.99617e-12 1.57155e-11 3.19267e-11 5.82265e-11 9.45788e-11 1.35837e-10 1.71921e-10 1.93375e-10 2.0021e-10 2.04758e-10 2.20535e-10 2.45745e-10 2.64519e-10 2.70345e-10 2.77685e-10 2.97431e-10 3.1603e-10 3.21219e-10 3.27212e-10 3.45503e-10 3.62247e-10 3.70117e-10 3.78759e-10 3.88164e-10 3.96296e-10 4.0814e-10 4.20124e-10 4.30559e-10 4.41622e-10 4.49978e-10 4.57801e-10 4.64952e-10 4.70707e-10 4.77167e-10 4.82233e-10 4.87931e-10 4.92643e-10 4.97274e-10 5.01303e-10 5.04582e-10 5.07486e-10 5.09228e-10 5.10694e-10 5.10819e-10 5.10694e-10 5.09228e-10 5.07486e-10 5.04582e-10 5.01303e-10 4.97274e-10 4.92643e-10 4.87931e-10 4.82233e-10 4.77167e-10 4.70707e-10 4.64952e-10 4.57801e-10 4.49978e-10 4.41622e-10 4.30559e-10 4.20124e-10 4.0814e-10 3.96296e-10 3.88164e-10 3.78759e-10 3.70117e-10 3.62247e-10 3.45503e-10 3.27212e-10 3.21219e-10 3.1603e-10 2.97431e-10 2.77685e-10 2.70345e-10 2.64519e-10 2.45745e-10 2.20535e-10 2.04758e-10 2.0021e-10 1.93375e-10 1.71921e-10 1.35837e-10 9.45788e-11 5.82265e-11 3.19267e-11 1.57155e-11 6.99617e-12 2.83543e-12 1.05221e-12 3.59235e-13 1.1289e-13 3.09202e-14 0
0 1.84145e-14 6.9076e-14 2.26886e-13 6.87358e-13 1.9194e-12 4.91788e-12 1.14985e-11 2.43788e-11 4.65364e-11 7.93554e-11 1.19943e-10 1.59796e-10 1.88102e-10 2.00124e-10 2.03875e-10 2.14606e-10 2.37801e-10 2.61045e-10 2.7139e-10 2.76604e-10 2.92517e-10 3.13303e-10 3.2235e-10 3.27561e-10 3.45503e-10 3.64056e-10 3.69345e-10 3.75998e-10 3.90374e-10 4.01834e-10 4.14048e-10 4.2768e-10 4.3613e-10 4.45175e-10 4.53582e-10 4.60194e-10 4.69214e-10 4.76494e-10 4.85004e-10 4.93115e-10 5.00269e-10 5.07982e-10 5.13533e-10 5.19851e-10 5.23816e-10 5.28325e-10 5.30728e-10 5.33376e-10 5.34185e-10 5.35053e-10 5.34185e-10 5.33376e-10 5.30728e-10 5.28325e-10 5.23816e-10 5.19851e-10 5.13533e-10 5.07982e-10 5.00269e-10 4.93115e-10 4.85004e-10 4.76494e-10 4.69214e-10 4.60194e-10 4.53582e-10 4.45175e-10 4.3613e-10 4.2768e-10 4.14048e-10 4.01834e-10 3.90374e-10 3.75998e-10 3.69345e-10 3.64056e-10 3.45503e-10 3.27561e-10 3.2235e-10 3.13303e-10 2.92517e-10 2.76604e-10 2.7139e-10 2.61045e-10 2.37801e-10 2.14606e-10 2.03875e-10 2.00124e-10 1.88102e-10 1.59796e-10 1.19943e-10 7.93554e-11 4.65364e-11 2.43788e-11 1.14985e-11 4.91787e-12 1.91934e-12 6.87072e-13 2.2566e-13 6.41573e-14 0
0 3.76207e-14 1.36161e-13 4.28857e-13 1.24234e-12 3.3085e-12 8.06037e-12 1.78581e-11 3.57372e-11 6.41081e-11 1.0227e-10 1.44081e-10 1.78885e-10 1.98079e-10 2.0389e-10 2.10141e-10 2.28706e-10 2.54309e-10 2.70937e-10 2.76564e-10 2.87247e-10 3.08057e-10 3.23003e-10 3.28703e-10 3.42591e-10 3.62247e-10 3.69345e-10 3.74708e-10 3.93058e-10 4.08286e-10 4.16573e-10 4.28944e-10 4.37583e-10 4.44821e-10 4.56737e-10 4.65653e-10 4.76775e-10 4.87893e-10 4.96533e-10 5.06971e-10 5.13802e-10 5.21878e-10 5.27723e-10 5.33337e-10 5.38403e-10 5.41975e-10 5.46057e-10 5.479e-10 5.50709e-10 5.50942e-10 5.52275e-10 5.50942e-10 5.50709e-10 5.479e-10 5.46057e-10 5.41975e-10 5.38403e-10 5.33337e-10 5.27723e-10 5.21878e-10 5.13802e-10 5.06971e-10 4.96533e-10 4.87893e-10 4.76775e-10 4.65653e-10 4.56737e-10 4.44821e-10 4.37583e-10 4.28944e-10 4.16573e-10 4.08286e-10 3.93058e-10 3.74708e-10 3.69345e-10 3.62247e-10 3.42591e-10 3.28703e-10 3.23003e-10 3.08057e-10 2.87247e-10 2.76564e-10 2.70937e-10 2.54309e-10 2.28706e-10 2.10141e-10 2.0389e-10 1.98079e-10 1.78885e-10 1.44081e-10 1.0227e-10 6.41081e-11 3.57372e-11 1.78581e-11 8.06034e-12 3.30835e-12 1.24169e-12 4.26148e-13 1.25704e-13 0
0 7.27023e-14 2.54047e-13 7.67603e-13 2.12704e-12 5.40414e-12 1.25233e-11 2.63023e-11 4.97062e-11 8.38599e-11 1.2534e-10 1.65126e-10 1.92479e-10 2.03646e-10 2.0783e-10 2.20182e-10 2.44484e-10 2.67234e-10 2.77041e-10 2.83491e-10 3.00748e-10 3.20876e-10 3.30263e-10 3.39037e-10 3.57234e-10 3.70117e-10 3.75998e-10 3.93058e-10 4.11102e-10 4.16128e-10 4.2559e-10 4.39482e-10 4.47969e-10 4.62044e-10 4.75121e-10 4.84307e-10 4.9673e-10 5.04171e-10 5.1306e-10 5.21113e-10 5.27402e-10 5.35845e-10 5.40926e-10 5.48625e-10 5.52962e-10 5.59022e-10 5.62393e-10 5.66391e-10 5.68362e-10 5.7021e-10 5.70399e-10 5.7021e-10 5.68362e-10 5.66391e-10 5.62393e-10 5.59022e-10 5.52962e-10 5.48625e-10 5.40926e-10 5.35845e-10 5.27402e-10 5.21113e-10 5.1306e-10 5.04171e-10 4.9673e-10 4.84307e-10 4.75121e-10 4.62044e-10 4.47969e-10 4.39482e-10 4.2559e-10 4.16128e-10 4.11102e-10 3.93058e-10 3.75998e-10 3.70117e-10 3.57234e-10 3.39037e-10 3.30263e-10 3.20876e-10 3.00748e-10 2.83491e-10 2.77041e-10 2.67234e-10 2.44484e-10 2.20182e-10 2.0783e-10 2.03646e-10 1.92479e-10 1.65126e-10 1.2534e-10 8.38599e-11 4.97062e-11 2.63023e-11 1.25233e-11 5.40381e-12 2.12562e-12 7.61946e-13 2.33021e-13 0
0 1.33172e-13 4.49671e-13 1.30432e-12 3.45952e-12 8.39107e-12 1.85095e-11 3.68819e-11 6.58864e-11 1.04692e-10 1.46967e-10 1.81954e-10 2.01186e-10 2.07206e-10 2.13995e-10 2.33181e-10 2.59151e-10 2.76013e-10 2.82113e-10 2.93389e-10 3.14662e-10 3.30447e-10 3.37272e-10 3.5068e-10 3.6889e-10 3.78759e-10 3.90374e-10 4.08286e-10 4.16128e-10 4.23464e-10 4.42261e-10 4.54855e-10 4.6516e-10 4.79959e-10 4.87348e-10 4.97348e-10 5.07991e-10 5.15528e-10 5.27593e-10 5.35656e-10 5.46214e-10 5.54937e-10 5.62867e-10 5.71165e-10 5.76528e-10 5.8347e-10 5.86584e-10 5.91672e-10 5.92723e-10 5.95771e-10 5.94787e-10 5.95771e-10 5.92723e-10 5.91672e-10 5.86584e-10 5.8347e-10 5.76528e-10 5.71165e-10 5.62867e-10 5.54937e-10 5.46214e-10 5.35656e-10 5.27593e-10 5.15528e-10 5.07991e-10 4.97348e-10 4.87348e-10 4.79959e-10 4.6516e-10 4.54855e-10 4.42261e-10 4.23464e-10 4.16128e-10 4.08286e-10 3.90374e-10 3.78759e-10 3.6889e-10 3.5068e-10 3.37272e-10 3.30447e-10 3.14662e-10 2.93389e-10 2.82113e-10 2.76013e-10 2.59151e-10 2.33181e-10 2.13995e-10 2.07206e-10 2.01186e-10 1.81954e-10 1.46967e-10 1.04692e-10 6.58864e-11 3.68819e-11 1.85093e-11 8.39036e-12 3.45661e-12 1.29313e-12 4.09618e-13 0
0 2.31761e-13 7.57011e-13 2.10997e-12 5.3617e-12 1.24273e-11 2.61212e-11 4.94399e-11 8.36112e-11 1.25389e-10 1.65902e-10 1.94321e-10 2.06434e-10 2.10916e-10 2.22981e-10 2.47276e-10 2.7094e-10 2.81847e-10 2.88444e-10 3.0554e-10 3.26689e-10 3.37248e-10 3.45438e-10 3.63628e-10 3.79913e-10 3.88164e-10 4.01834e-10 4.16573e-10 4.2559e-10 4.42261e-10 4.58551e-10 4.64791e-10 4.77257e-10 4.89453e-10 4.97943e-10 5.13207e-10 5.24e-10 5.35836e-10 5.48285e-10 5.56663e-10 5.67893e-10 5.74701e-10 5.83525e-10 5.89608e-10 5.96029e-10 6.01259e-10 6.05456e-10 6.09365e-10 6.11395e-10 6.13545e-10 6.1343e-10 6.13545e-10 6.11395e-10 6.09365e-10 6.05456e-10 6.01259e-10 5.96029e-10 5.89608e-10 5.83525e-10 5.74701e-10 5.67893e-10 5.56663e-10 5.48285e-10 5.35836e-10 5.24e-10 5.13207e-10 4.97943e-10 4.89453e-10 4.77257e-10 4.64791e-10 4.58551e-10 4.42261e-10 4.2559e-10 4.16573e-10 4.01834e-10 3.88164e-10 3.79913e-10 3.63628e-10 3.45438e-10 3.37248e-10 3.26689e-10 3.0554e-10 2.88444e-10 2.81847e-10 2.7094e-10 2.47276e-10 2.22981e-10 2.10916e-10 2.06434e-10 1.94321e-10 1.65902e-10 1.25389e-10 8.36112e-11 4.94398e-11 2.61209e-11 1.24259e-11 5.35603e-12 2.08898e-12 6.84572e-13 0
0 3.84182e-13 1.21544e-12 3.25922e-12 7.94417e-12 1.76172e-11 3.53333e-11 6.36214e-11 1.02053e-10 1.44834e-10 1.81433e-10 2.0274e-10 2.0992e-10 2.16151e-10 2.34195e-10 2.60585e-10 2.79487e-10 2.86622e-10 2.96921e-10 3.18063e-10 3.35801e-10 3.43377e-10 3.56115e-10 3.76218e-10 3.87763e-10 3.96296e-10 4.14048e-10 4.28944e-10 4.39482e-10 4.54855e-10 4.64791e-10 4.74546e-10 4.92563e-10 5.04297e-10 5.17041e-10 5.32091e-10 5.40318e-10 5.52889e-10 5.62305e-10 5.71307e-10 5.8229e-10 5.89674e-10 6.00134e-10 6.06893e-10 6.15367e-10 6.21176e-10 6.27111e-10 6.31266e-10 6.34524e-10 6.36465e-10 6.37057e-10 6.36465e-10 6.34524e-10 6.31266e-10 6.27111e-10 6.21176e-10 6.15367e-10 6.06893e-10 6.00134e-10 5.89674e-10 5.8229e-10 5.71307e-10 5.62305e-10 5.52889e-10 5.40318e-10 5.32091e-10 5.17041e-10 5.04297e-10 4.92563e-10 4.74546e-10 4.64791e-10 4.54855e-10 4.39482e-10 4.28944e-10 4.14048e-10 3.96296e-10 3.87763e-10 3.76218e-10 3.56115e-10 3.43377e-10 3.35801e-10 3.18063e-10 2.96921e-10 2.86622e-10 2.79487e-10 2.60585e-10 2.34195e-10 2.16151e-10 2.0992e-10 2.0274e-10 1.81433e-10 1.44834e-10 1.02052e-10 6.36213e-11 3.53326e-11 1.76145e-11 7.93371e-12 3.22176e-12 1.09075e-12 0
0 6.08256e-13 1.86653e-12 4.82212e-12 1.12901e-11 2.39911e-11 4.59865e-11 7.89205e-11 1.2035e-10 1.62175e-10 1.93408e-10 2.082e-10 2.1314e-10 2.23381e-10 2.46433e-10 2.71862e-10 2.85489e-10 2.91885e-10 3.07112e-10 3.2937e-10 3.42721e-10 3.50558e-10 3.67723e-10 3.85899e-10 3.94586e-10 4.0814e-10 4.2768e-10 4.37583e-10 4.47969e-10 4.6516e-10 4.77257e-10 4.92563e-10 5.08661e-10 5.16812e-10 5.30949e-10 5.42691e-10 5.52226e-10 5.67971e-10 5.77448e-10 5.91182e-10 6.0279e-10 6.12373e-10 6.24418e-10 6.30954e-10 6.41262e-10 6.45889e-10 6.53385e-10 6.56311e-10 6.60783e-10 6.61661e-10 6.63282e-10 6.61661e-10 6.60783e-10 6.56311e-10 6.53385e-10 6.45889e-10 6.41262e-10 6.30954e-10 6.24418e-10 6.12373e-10 6.0279e-10 5.91182e-10 5.77448e-10 5.67971e-10 5.52226e-10 5.42691e-10 5.30949e-10 5.16812e-10 5.08661e-10 4.92563e-10 4.77257e-10 4.6516e-10 4.47969e-10 4.37583e-10 4.2768e-10 4.0814e-10 3.94586e-10 3.85899e-10 3.67723e-10 3.50558e-10 3.42721e-10 3.2937e-10 3.07112e-10 2.91885e-10 2.85489e-10 2.71862e-10 2.46433e-10 2.23381e-10 2.1314e-10 2.082e-10 1.93408e-10 1.62175e-10 1.2035e-10 7.89202e-11 4.59853e-11 2.39861e-11 1.12717e-11 4.75843e-12 1.66179e-12 0
0 9.22374e-13 2.7497e-12 6.85496e-12 1.54415e-11 3.14949e-11 5.78042e-11 9.47504e-11 1.37733e-10 1.76908e-10 2.02144e-10 2.11847e-10 2.17112e-10 2.32347e-10 2.58436e-10 2.80672e-10 2.90087e-10 2.98416e-10 3.18007e-10 3.3874e-10 3.48514e-10 3.58895e-10 3.78834e-10 3.94127e-10 4.03161e-10 4.20124e-10 4.3613e-10 4.44821e-10 4.62044e-10 4.79959e-10 4.89453e-10 5.04297e-10 5.16812e-10 5.27896e-10 5.46156e-10 5.57624e-10 5.7282e-10 5.87811e-10 5.97122e-10 6.12776e-10 6.20433e-10 6.32931e-10 6.41942e-10 6.50204e-10 6.60174e-10 6.6482e-10 6.7401e-10 6.75659e-10 6.8267e-10 6.81452e-10 6.85621e-10 6.81452e-10 6.8267e-10 6.75659e-10 6.7401e-10 6.6482e-10 6.60174e-10 6.50204e-10 6.41942e-10 6.32931e-10 6.20433e-10 6.12776e-10 5.97122e-10 5.87811e-10 5.7282e-10 5.57624e-10 5.46156e-10 5.27896e-10 5.16812e-10 5.04297e-10 4.89453e-10 4.79959e-10 4.62044e-10 4.44821e-10 4.3613e-10 4.20124e-10 4.03161e-10 3.94127e-10 3.78834e-10 3.58895e-10 3.48514e-10 3.3874e-10 3.18007e-10 2.98416e-10 2.90087e-10 2.80672e-10 2.58436e-10 2.32347e-10 2.17112e-10 2.11847e-10 2.02144e-10 1.76908e-10 1.37733e-10 9.47498e-11 5.78019e-11 3.14863e-11 1.54106e-11 6.75148e-12 2.4281e-12 0
