0 0 0 0 0 0 0 0 0 0 0 0 0 0 0 0 0 0 0 0 0 0 0 0 0 0 0 0 0 0 0 0 0 0 0 0 0 0 0 0 0 0 0 0 0 0 0 0 0 0 0 0 0 0 0 0 0 0 0 0 0 0 0 0 0 0 0 0 0 0 0 0 0 0 0 0 0 0 0 0 0 0 0 0 0 0 0 0 0 0 0 0 0 0 0 0 0 0 0 0
0 0 0 0 0 0 0 0 0 0 0 0 0 0 0 0 0 0 0 0 0 0 0 0 0 0 0 0 0 0 0 0 0 0 0 0 0 0 0 0 0 0 0 0 0 0 0 0 0 0 0 0 0 0 0 0 0 0 0 0 0 0 0 0 0 0 0 0 0 0 0 0 0 0 0 0 0 0 0 0 0 0 0 0 0 0 0 0 0 0 0 0 0 0 0 0 0 0 0 0
0 0 0 0 0 0 0 0 0 0 0 0 0 0 0 0 0 0 0 0 0 0 0 0 0 0 0 0 0 0 0 0 0 0 0 0 0 0 0 0 0 0 0 0 0 0 0 0 0 0 0 0 0 0 0 0 0 0 0 0 0 0 0 0 0 0 0 0 0 0 0 0 0 0 0 0 0 0 0 0 0 0 0 0 0 0 0 0 0 0 0 0 0 0 0 0 0 0 0 0
0 0 0 0 0 0 0 0 0 0 0 0 0 0 0 0 0 0 0 0 0 0 0 0 0 0 0 0 0 0 0 0 0 0 0 0 0 0 0 0 0 0 0 0 0 0 0 0 0 0 0 0 0 0 0 0 0 0 0 0 0 0 0 0 0 0 0 0 0 0 0 0 0 0 0 0 0 0 0 0 0 0 0 0 0 0 0 0 0 0 0 0 0 0 0 0 0 0 0 0
0 0 0 0 0 0 0 0 0 0 0 0 0 0 0 0 0 0 0 0 0 0 0 0 0 0 0 0 0 0 0 0 0 0 0 0 0 0 0 0 0 0 0 0 0 0 0 0 0 0 0 0 0 0 0 0 0 0 0 0 0 0 0 0 0 0 0 0 0 0 0 0 0 0 0 0 0 0 0 0 0 0 0 0 0 0 0 0 0 0 0 0 0 0 0 0 0 0 0 0
0 0 0 0 0 0 0 0 0 0 0 0 0 0 0 0 0 0 0 0 0 0 0 0 0 0 0 0 0 0 0 0 0 0 0 0 0 0 0 0 0 0 0 0 0 0 0 0 0 0 0 0 0 0 0 0 0 0 0 0 0 0 0 0 0 0 0 0 0 0 0 0 0 0 0 0 0 0 0 0 0 0 0 0 0 0 0 0 0 0 0 0 0 0 0 0 0 0 0 0
0 0 0 0 0 0 0 0 0 0 0 0 0 0 0 0 0 0 0 0 0 0 0 0 0 0 0 0 0 0 0 0 0 0 0 0 0 0 0 0 0 0 0 0 0 0 0 0 0 0 0 0 0 0 0 0 0 0 0 0 0 0 0 0 0 0 0 0 0 0 0 0 0 0 0 0 0 0 0 0 0 0 0 0 0 0 0 0 0 0 0 0 0 0 0 0 0 0 0 0
0 0 0 0 0 0 0 0 0 0 0 0 0 0 0 0 0 0 0 0 0 0 0 0 0 0 0 0 0 0 0 0 0 0 0 0 0 0 0 0 0 0 0 0 0 0 0 0 0 0 0 0 0 0 0 0 0 0 0 0 0 0 0 0 0 0 0 0 0 0 0 0 0 0 0 0 0 0 0 0 0 0 0 0 0 0 0 0 0 0 0 0 0 0 0 0 0 0 0 0
0 0 0 0 0 0 0 0 0 0 0 0 0 0 0 0 0 0 0 0 0 0 0 0 0 0 0 0 0 0 0 0 0 0 0 0 0 0 0 0 0 0 0 0 0 0 0 0 0 0 0 0 0 0 0 0 0 0 0 0 0 0 0 0 0 0 0 0 0 0 0 0 0 0 0 0 0 0 0 0 0 0 0 0 0 0 0 0 0 0 0 0 0 0 0 0 0 0 0 0
0 0 0 0 0 0 0 0 0 0 0 0 0 0 0 0 0 0 0 0 0 0 0 0 0 0 0 0 0 0 0 0 0 0 0 0 0 0 0 0 0 0 0 0 0 0 0 0 0 0 0 0 0 0 0 0 0 0 0 0 0 0 0 0 0 0 0 0 0 0 0 0 0 0 0 0 0 0 0 0 0 0 0 0 0 0 0 0 0 0 0 0 0 0 0 0 0 0 0 0
0 0 0 0 0 0 0 0 0 0 0 0 0 0 0 0 0 0 0 0 0 0 0 0 0 0 0 0 0 0 0 0 0 0 0 0 0 0 0 0 0 0 0 0 0 0 0 0 0 0 0 0 0 0 0 0 0 0 0 0 0 0 0 0 0 0 0 0 0 0 0 0 0 0 0 0 0 0 0 0 0 0 0 0 0 0 0 0 0 0 0 0 0 0 0 0 0 0 0 0
0 0 0 0 0 0 0 0 0 0 0 0 0 0 0 0 0 0 0 0 0 0 0 0 0 0 0 0 0 0 0 0 0 0 0 0 0 0 0 0 0 0 0 0 0 0 0 0 0 0 0 0 0 0 0 0 0 0 0 0 0 0 0 0 0 0 0 0 0 0 0 0 0 0 0 0 0 0 0 0 0 0 0 0 0 0 0 0 0 0 0 0 0 0 0 0 0 0 0 0
0 0 0 0 0 0 0 0 0 0 0 0 0 0 0 0 0 0 0 0 0 0 0 0 0 0 0 0 0 0 0 0 0 0 0 0 0 0 0 0 0 0 0 0 0 0 0 0 0 0 0 0 0 0 0 0 0 0 0 0 0 0 0 0 0 0 0 0 0 0 0 0 0 0 0 0 0 0 0 0 0 0 0 0 0 0 0 0 0 0 0 0 0 0 0 0 0 0 0 0
0 0 0 0 0 0 0 0 0 0 0 0 0 0 0 0 0 0 0 0 0 0 0 0 0 0 0 0 0 0 0 0 0 0 0 0 0 0 0 0 0 0 0 0 0 0 0 0 0 0 0 0 0 0 0 0 0 0 0 0 0 0 0 0 0 0 0 0 0 0 0 0 0 0 0 0 0 0 0 0 0 0 0 0 0 0 0 0 0 0 0 0 0 0 0 0 0 0 0 0
0 0 0 0 0 0 0 0 0 0 0 0 0 0 0 0 0 0 0 0 0 0 0 0 0 0 0 0 0 0 0 0 0 0 0 0 0 0 0 0 0 0 0 0 0 0 0 0 1.4013e-45 1.68156e-44 8.96831e-44 1.68156e-44 1.4013e-45 0 0 0 0 0 0 0 0 0 0 0 0 0 0 0 0 0 0 0 0 0 0 0 0 0 0 0 0 0 0 0 0 0 0 0 0 0 0 0 0 0 0 0 0 0 0 0
0 0 0 0 0 0 0 0 0 0 0 0 0 0 0 0 0 0 0 0 0 0 0 0 0 0 0 0 0 0 0 0 0 0 0 0 0 0 0 0 0 0 0 0 0 0 0 1.54143e-44 3.16693e-43 3.15432e-42 1.26271e-41 3.15432e-42 3.16693e-43 1.54143e-44 0 0 0 0 0 0 0 0 0 0 0 0 0 0 0 0 0 0 0 0 0 0 0 0 0 0 0 0 0 0 0 0 0 0 0 0 0 0 0 0 0 0 0 0 0 0
0 0 0 0 0 0 0 0 0 0 0 0 0 0 0 0 0 0 0 0 0 0 0 0 0 0 0 0 0 0 0 0 0 0 0 0 0 0 0 0 0 0 0 0 0 2.8026e-45 1.38729e-43 3.69943e-42 5.49898e-41 4.30961e-40 1.42929e-39 4.30961e-40 5.49898e-41 3.69943e-42 1.38729e-43 2.8026e-45 0 0 0 0 0 0 0 0 0 0 0 0 0 0 0 0 0 0 0 0 0 0 0 0 0 0 0 0 0 0 0 0 0 0 0 0 0 0 0 0 0 0 0 0
0 0 0 0 0 0 0 0 0 0 0 0 0 0 0 0 0 0 0 0 0 0 0 0 0 0 0 0 0 0 0 0 0 0 0 0 0 0 0 0 0 0 0 0 1.54143e-44 9.36067e-43 3.14269e-41 6.21673e-40 7.2638e-39 4.67296e-38 1.32504e-37 4.67296e-38 7.2638e-39 6.21673e-40 3.14269e-41 9.36067e-43 1.54143e-44 0 0 0 0 0 0 0 0 0 0 0 0 0 0 0 0 0 0 0 0 0 0 0 0 0 0 0 0 0 0 0 0 0 0 0 0 0 0 0 0 0 0 0
0 0 0 0 0 0 0 0 0 0 0 0 0 0 0 0 0 0 0 0 0 0 0 0 0 0 0 0 0 0 0 0 0 0 0 0 0 0 0 0 0 0 0 7.28675e-44 5.15257e-42 2.07294e-40 5.12119e-39 7.95599e-38 7.60835e-37 4.13336e-36 1.02552e-35 4.13336e-36 7.60835e-37 7.95599e-38 5.12119e-39 2.07294e-40 5.15257e-42 7.28675e-44 0 0 0 0 0 0 0 0 0 0 0 0 0 0 0 0 0 0 0 0 0 0 0 0 0 0 0 0 0 0 0 0 0 0 0 0 0 0 0 0 0 0
0 0 0 0 0 0 0 0 0 0 0 0 0 0 0 0 0 0 0 0 0 0 0 0 0 0 0 0 0 0 0 0 0 0 0 0 0 0 0 0 0 1.4013e-45 2.87266e-43 2.35446e-41 1.10521e-39 3.27435e-38 6.34852e-37 8.06157e-36 6.4868e-35 3.03866e-34 6.71882e-34 3.03866e-34 6.4868e-35 8.06157e-36 6.34852e-37 3.27435e-38 1.10521e-39 2.35446e-41 2.87266e-43 1.4013e-45 0 0 0 0 0 0 0 0 0 0 0 0 0 0 0 0 0 0 0 0 0 0 0 0 0 0 0 0 0 0 0 0 0 0 0 0 0 0 0 0
0 0 0 0 0 0 0 0 0 0 0 0 0 0 0 0 0 0 0 0 0 0 0 0 0 0 0 0 0 0 0 0 0 0 0 0 0 0 0 0 4.2039e-45 9.90718e-43 9.12301e-41 4.89327e-39 1.69058e-37 3.92944e-36 6.22285e-35 6.63822e-34 4.58572e-33 1.88216e-32 3.76518e-32 1.88216e-32 4.58572e-33 6.63822e-34 6.22285e-35 3.92944e-36 1.69058e-37 4.89327e-39 9.12301e-41 9.90718e-43 4.2039e-45 0 0 0 0 0 0 0 0 0 0 0 0 0 0 0 0 0 0 0 0 0 0 0 0 0 0 0 0 0 0 0 0 0 0 0 0 0 0 0
0 0 0 0 0 0 0 0 0 0 0 0 0 0 0 0 0 0 0 0 0 0 0 0 0 0 0 0 0 0 0 0 0 0 0 0 0 0 0 1.26117e-44 2.97075e-42 3.04083e-40 1.83463e-38 7.24169e-37 1.96238e-35 3.7239e-34 4.94983e-33 4.5243e-32 2.72431e-31 9.92288e-31 1.81892e-30 9.92288e-31 2.72431e-31 4.5243e-32 4.94983e-33 3.7239e-34 1.96238e-35 7.24169e-37 1.83463e-38 3.04083e-40 2.97075e-42 1.26117e-44 0 0 0 0 0 0 0 0 0 0 0 0 0 0 0 0 0 0 0 0 0 0 0 0 0 0 0 0 0 0 0 0 0 0 0 0 0 0
0 0 0 0 0 0 0 0 0 0 0 0 0 0 0 0 0 0 0 0 0 0 0 0 0 0 0 0 0 0 0 0 0 0 0 0 0 0 3.08286e-44 7.82905e-42 8.81803e-40 5.91074e-38 2.6241e-36 8.12276e-35 1.79655e-33 2.85991e-32 3.25374e-31 2.58632e-30 1.37367e-29 4.4867e-29 7.61922e-29 4.4867e-29 1.37367e-29 2.58632e-30 3.25374e-31 2.85991e-32 1.79655e-33 8.12276e-35 2.6241e-36 5.91074e-38 8.81803e-40 7.82905e-42 3.08286e-44 0 0 0 0 0 0 0 0 0 0 0 0 0 0 0 0 0 0 0 0 0 0 0 0 0 0 0 0 0 0 0 0 0 0 0 0 0
0 0 0 0 0 0 0 0 0 0 0 0 0 0 0 0 0 0 0 0 0 0 0 0 0 0 0 0 0 0 0 0 0 0 0 0 0 6.72623e-44 1.82701e-41 2.24453e-39 1.65482e-37 8.16143e-36 2.84108e-34 7.17644e-33 1.33103e-31 1.81241e-30 1.7909e-29 1.25218e-28 5.92203e-28 1.74974e-27 2.77923e-27 1.74974e-27 5.92203e-28 1.25218e-28 1.7909e-29 1.81241e-30 1.33103e-31 7.17644e-33 2.84108e-34 8.16143e-36 1.65482e-37 2.24453e-39 1.82701e-41 6.72623e-44 0 0 0 0 0 0 0 0 0 0 0 0 0 0 0 0 0 0 0 0 0 0 0 0 0 0 0 0 0 0 0 0 0 0 0 0
0 0 0 0 0 0 0 0 0 0 0 0 0 0 0 0 0 0 0 0 0 0 0 0 0 0 0 0 0 0 0 0 0 0 0 0 1.30321e-43 3.79416e-41 5.05007e-39 4.06146e-37 2.20307e-35 8.51887e-34 2.41956e-32 5.12383e-31 8.12534e-30 9.60183e-29 8.33313e-28 5.17123e-27 2.19448e-26 5.90945e-26 8.85388e-26 5.90945e-26 2.19448e-26 5.17123e-27 8.33313e-28 9.60183e-29 8.12534e-30 5.12383e-31 2.41956e-32 8.51887e-34 2.20307e-35 4.06146e-37 5.05007e-39 3.79416e-41 1.30321e-43 0 0 0 0 0 0 0 0 0 0 0 0 0 0 0 0 0 0 0 0 0 0 0 0 0 0 0 0 0 0 0 0 0 0 0
0 0 0 0 0 0 0 0 0 0 0 0 0 0 0 0 0 0 0 0 0 0 0 0 0 0 0 0 0 0 0 0 0 0 0 2.25609e-43 7.04643e-41 1.00999e-38 8.79918e-37 5.20628e-35 2.21401e-33 6.98428e-32 1.66276e-30 3.00971e-29 4.13992e-28 4.29279e-27 3.30068e-26 1.83092e-25 7.01595e-25 1.73319e-24 2.46789e-24 1.73319e-24 7.01595e-25 1.83092e-25 3.30068e-26 4.29279e-27 4.13992e-28 3.00971e-29 1.66276e-30 6.98428e-32 2.21401e-33 5.20628e-35 8.79918e-37 1.00999e-38 7.04643e-41 2.25609e-43 0 0 0 0 0 0 0 0 0 0 0 0 0 0 0 0 0 0 0 0 0 0 0 0 0 0 0 0 0 0 0 0 0 0
0 0 0 0 0 0 0 0 0 0 0 0 0 0 0 0 0 0 0 0 0 0 0 0 0 0 0 0 0 0 0 0 0 0 3.51726e-43 1.1744e-40 1.80354e-38 1.69205e-36 1.08448e-34 5.03026e-33 1.74499e-31 4.61348e-30 9.38595e-29 1.47312e-27 1.77693e-26 1.6306e-25 1.11833e-24 5.57674e-24 1.93982e-23 4.42164e-23 6.02344e-23 4.42164e-23 1.93982e-23 5.57674e-24 1.11833e-24 1.6306e-25 1.77693e-26 1.47312e-27 9.38595e-29 4.61348e-30 1.74499e-31 5.03026e-33 1.08448e-34 1.69205e-36 1.80354e-38 1.1744e-40 3.51726e-43 0 0 0 0 0 0 0 0 0 0 0 0 0 0 0 0 0 0 0 0 0 0 0 0 0 0 0 0 0 0 0 0 0
0 0 0 0 0 0 0 0 0 0 0 0 0 0 0 0 0 0 0 0 0 0 0 0 0 0 0 0 0 0 0 0 0 4.97461e-43 1.76159e-40 2.88562e-38 2.90053e-36 2.00189e-34 1.0058e-32 3.8054e-31 1.10625e-29 2.49896e-28 4.40717e-27 6.06317e-26 6.46761e-25 5.28697e-24 3.25151e-23 1.46422e-22 4.64377e-22 9.81802e-22 1.28714e-21 9.81802e-22 4.64377e-22 1.46422e-22 3.25151e-23 5.28697e-24 6.46761e-25 6.06317e-26 4.40717e-27 2.49896e-28 1.10625e-29 3.8054e-31 1.0058e-32 2.00189e-34 2.90053e-36 2.88562e-38 1.76159e-40 4.97461e-43 0 0 0 0 0 0 0 0 0 0 0 0 0 0 0 0 0 0 0 0 0 0 0 0 0 0 0 0 0 0 0 0
0 0 0 0 0 0 0 0 0 0 0 0 0 0 0 0 0 0 0 0 0 0 0 0 0 0 0 0 0 0 0 0 6.3619e-43 2.38334e-40 4.14805e-38 4.44733e-36 3.28853e-34 1.77915e-32 7.29093e-31 2.31147e-29 5.74061e-28 1.12391e-26 1.73692e-25 2.11207e-24 2.00521e-23 1.46757e-22 8.12645e-22 3.31652e-21 9.62627e-21 1.89679e-20 2.40555e-20 1.89679e-20 9.62627e-21 3.31652e-21 8.12645e-22 1.46757e-22 2.00521e-23 2.11207e-24 1.73692e-25 1.12391e-26 5.74061e-28 2.31147e-29 7.29093e-31 1.77915e-32 3.28853e-34 4.44733e-36 4.14805e-38 2.38334e-40 6.3619e-43 0 0 0 0 0 0 0 0 0 0 0 0 0 0 0 0 0 0 0 0 0 0 0 0 0 0 0 0 0 0 0
0 0 0 0 0 0 0 0 0 0 0 0 0 0 0 0 0 0 0 0 0 0 0 0 0 0 0 0 0 0 0 7.35682e-43 2.91298e-40 5.36803e-38 6.11492e-36 4.82285e-34 2.7954e-32 1.23349e-30 4.23544e-29 1.14704e-27 2.46863e-26 4.23426e-25 5.78168e-24 6.25355e-23 5.31013e-22 3.4927e-21 1.74662e-20 6.47797e-20 1.72629e-19 3.18425e-19 3.92422e-19 3.18425e-19 1.72629e-19 6.47797e-20 1.74662e-20 3.4927e-21 5.31013e-22 6.25355e-23 5.78168e-24 4.23426e-25 2.46863e-26 1.14704e-27 4.23544e-29 1.23349e-30 2.7954e-32 4.82285e-34 6.11492e-36 5.36803e-38 2.91298e-40 7.35682e-43 0 0 0 0 0 0 0 0 0 0 0 0 0 0 0 0 0 0 0 0 0 0 0 0 0 0 0 0 0 0
0 0 0 0 0 0 0 0 0 0 0 0 0 0 0 0 0 0 0 0 0 0 0 0 0 0 0 0 0 0 7.72115e-43 3.2196e-40 6.26268e-38 7.55361e-36 6.3297e-34 3.91315e-32 1.84985e-30 6.83912e-29 2.0059e-27 4.70706e-26 8.8736e-25 1.34442e-23 1.63218e-22 1.57781e-21 1.20256e-20 7.12746e-20 3.22569e-19 1.08946e-18 2.67291e-18 4.63462e-18 5.57163e-18 4.63462e-18 2.67291e-18 1.08946e-18 3.22569e-19 7.12746e-20 1.20256e-20 1.57781e-21 1.63218e-22 1.34442e-23 8.8736e-25 4.70706e-26 2.0059e-27 6.83912e-29 1.84985e-30 3.91315e-32 6.3297e-34 7.55361e-36 6.26268e-38 3.2196e-40 7.72115e-43 0 0 0 0 0 0 0 0 0 0 0 0 0 0 0 0 0 0 0 0 0 0 0 0 0 0 0 0 0
0 0 0 0 0 0 0 0 0 0 0 0 0 0 0 0 0 0 0 0 0 0 0 0 0 0 0 0 0 7.35682e-43 3.2196e-40 6.59228e-38 8.39283e-36 7.44651e-34 4.8911e-32 2.4661e-30 9.76738e-29 3.08438e-27 7.83793e-26 1.61088e-24 2.6819e-23 3.61158e-22 3.91668e-21 3.39551e-20 2.32854e-19 1.24567e-18 5.10838e-18 1.57337e-17 3.56242e-17 5.82929e-17 6.8581e-17 5.82929e-17 3.56242e-17 1.57337e-17 5.10838e-18 1.24567e-18 2.32854e-19 3.39551e-20 3.91668e-21 3.61158e-22 2.6819e-23 1.61088e-24 7.83793e-26 3.08438e-27 9.76738e-29 2.4661e-30 4.8911e-32 7.44651e-34 8.39283e-36 6.59228e-38 3.2196e-40 7.35682e-43 0 0 0 0 0 0 0 0 0 0 0 0 0 0 0 0 0 0 0 0 0 0 0 0 0 0 0 0
0 0 0 0 0 0 0 0 0 0 0 0 0 0 0 0 0 0 0 0 0 0 0 0 0 0 0 0 6.3619e-43 2.91298e-40 6.26268e-38 8.39283e-36 7.86013e-34 5.46634e-32 2.92824e-30 1.23697e-28 4.18445e-27 1.1448e-25 2.54768e-24 4.62354e-23 6.84027e-22 8.22538e-21 7.99488e-20 6.22978e-19 3.84911e-18 1.85983e-17 6.91407e-17 1.94357e-16 4.06986e-16 6.30814e-16 7.28181e-16 6.30814e-16 4.06986e-16 1.94357e-16 6.91407e-17 1.85983e-17 3.84911e-18 6.22978e-19 7.99488e-20 8.22538e-21 6.84027e-22 4.62354e-23 2.54768e-24 1.1448e-25 4.18445e-27 1.23697e-28 2.92824e-30 5.46634e-32 7.86013e-34 8.39283e-36 6.26268e-38 2.91298e-40 6.3619e-43 0 0 0 0 0 0 0 0 0 0 0 0 0 0 0 0 0 0 0 0 0 0 0 0 0 0 0
0 0 0 0 0 0 0 0 0 0 0 0 0 0 0 0 0 0 0 0 0 0 0 0 0 0 0 4.97461e-43 2.38334e-40 5.36803e-38 7.55361e-36 7.44651e-34 5.46634e-32 3.1004e-30 1.39147e-28 5.0203e-27 1.47127e-25 3.52485e-24 6.92597e-23 1.11676e-21 1.47493e-20 1.58891e-19 1.38711e-18 9.7261e-18 5.41587e-17 2.36295e-16 7.9602e-16 2.0428e-15 3.96374e-15 5.83981e-15 6.62765e-15 5.83981e-15 3.96374e-15 2.0428e-15 7.9602e-16 2.36295e-16 5.41587e-17 9.7261e-18 1.38711e-18 1.58891e-19 1.47493e-20 1.11676e-21 6.92597e-23 3.52485e-24 1.47127e-25 5.0203e-27 1.39147e-28 3.1004e-30 5.46634e-32 7.44651e-34 7.55361e-36 5.36803e-38 2.38334e-40 4.97461e-43 0 0 0 0 0 0 0 0 0 0 0 0 0 0 0 0 0 0 0 0 0 0 0 0 0 0
0 0 0 0 0 0 0 0 0 0 0 0 0 0 0 0 0 0 0 0 0 0 0 0 0 0 3.51726e-43 1.76159e-40 4.14805e-38 6.11492e-36 6.3297e-34 4.8911e-32 2.92824e-30 1.39147e-28 5.3337e-27 1.6671e-25 4.27827e-24 9.04925e-23 1.57963e-21 2.27335e-20 2.689e-19 2.60046e-18 2.04103e-17 1.28783e-16 6.45795e-16 2.54093e-15 7.7468e-15 1.81448e-14 3.26815e-14 4.59173e-14 5.13091e-14 4.59173e-14 3.26815e-14 1.81448e-14 7.7468e-15 2.54093e-15 6.45795e-16 1.28783e-16 2.04103e-17 2.60046e-18 2.689e-19 2.27335e-20 1.57963e-21 9.04925e-23 4.27827e-24 1.6671e-25 5.3337e-27 1.39147e-28 2.92824e-30 4.8911e-32 6.3297e-34 6.11492e-36 4.14805e-38 1.76159e-40 3.51726e-43 0 0 0 0 0 0 0 0 0 0 0 0 0 0 0 0 0 0 0 0 0 0 0 0 0
0 0 0 0 0 0 0 0 0 0 0 0 0 0 0 0 0 0 0 0 0 0 0 0 0 2.25609e-43 1.1744e-40 2.88562e-38 4.44733e-36 4.82285e-34 3.91315e-32 2.4661e-30 1.23697e-28 5.0203e-27 1.6671e-25 4.56282e-24 1.03377e-22 1.94242e-21 3.026e-20 3.89946e-19 4.13912e-18 3.59658e-17 2.53752e-16 1.43918e-15 6.48655e-15 2.29595e-14 6.32114e-14 1.35028e-13 2.26144e-13 3.03881e-13 3.34659e-13 3.03881e-13 2.26144e-13 1.35028e-13 6.32114e-14 2.29595e-14 6.48655e-15 1.43918e-15 2.53752e-16 3.59658e-17 4.13912e-18 3.89946e-19 3.026e-20 1.94242e-21 1.03377e-22 4.56282e-24 1.6671e-25 5.0203e-27 1.23697e-28 2.4661e-30 3.91315e-32 4.82285e-34 4.44733e-36 2.88562e-38 1.1744e-40 2.25609e-43 0 0 0 0 0 0 0 0 0 0 0 0 0 0 0 0 0 0 0 0 0 0 0 0
0 0 0 0 0 0 0 0 0 0 0 0 0 0 0 0 0 0 0 0 0 0 0 0 1.30321e-43 7.04643e-41 1.80354e-38 2.90053e-36 3.28853e-34 2.7954e-32 1.84985e-30 9.76738e-29 4.18445e-27 1.47127e-25 4.27827e-24 1.03377e-22 2.08055e-21 3.48866e-20 4.86584e-19 5.62572e-18 5.36326e-17 4.18621e-16 2.65143e-15 1.34848e-14 5.44466e-14 1.72716e-13 4.28004e-13 8.32806e-13 1.29908e-12 1.67365e-12 1.81761e-12 1.67365e-12 1.29908e-12 8.32806e-13 4.28004e-13 1.72716e-13 5.44466e-14 1.34848e-14 2.65143e-15 4.18621e-16 5.36326e-17 5.62572e-18 4.86584e-19 3.48866e-20 2.08055e-21 1.03377e-22 4.27827e-24 1.47127e-25 4.18445e-27 9.76738e-29 1.84985e-30 2.7954e-32 3.28853e-34 2.90053e-36 1.80354e-38 7.04643e-41 1.30321e-43 0 0 0 0 0 0 0 0 0 0 0 0 0 0 0 0 0 0 0 0 0 0 0
0 0 0 0 0 0 0 0 0 0 0 0 0 0 0 0 0 0 0 0 0 0 0 6.72623e-44 3.79416e-41 1.00999e-38 1.69205e-36 2.00189e-34 1.77915e-32 1.23349e-30 6.83912e-29 3.08438e-27 1.1448e-25 3.52485e-24 9.04925e-23 1.94242e-21 3.48866e-20 5.23716e-19 6.5529e-18 6.80303e-17 5.82333e-16 4.07699e-15 2.31195e-14 1.0503e-13 3.78025e-13 1.06892e-12 2.37353e-12 4.20004e-12 6.11207e-12 7.56339e-12 8.10297e-12 7.56339e-12 6.11207e-12 4.20004e-12 2.37353e-12 1.06892e-12 3.78025e-13 1.0503e-13 2.31195e-14 4.07699e-15 5.82333e-16 6.80303e-17 6.5529e-18 5.23716e-19 3.48866e-20 1.94242e-21 9.04925e-23 3.52485e-24 1.1448e-25 3.08438e-27 6.83912e-29 1.23349e-30 1.77915e-32 2.00189e-34 1.69205e-36 1.00999e-38 3.79416e-41 6.72623e-44 0 0 0 0 0 0 0 0 0 0 0 0 0 0 0 0 0 0 0 0 0 0
0 0 0 0 0 0 0 0 0 0 0 0 0 0 0 0 0 0 0 0 0 0 3.08286e-44 1.82701e-41 5.05007e-39 8.79918e-37 1.08448e-34 1.0058e-32 7.29093e-31 4.23544e-29 2.0059e-27 7.83793e-26 2.54768e-24 6.92597e-23 1.57963e-21 3.026e-20 4.86584e-19 6.5529e-18 7.36188e-17 6.86093e-16 5.26528e-15 3.29723e-14 1.66699e-13 6.72595e-13 2.14287e-12 5.36102e-12 1.06042e-11 1.70332e-11 2.31608e-11 2.75554e-11 2.91318e-11 2.75554e-11 2.31608e-11 1.70332e-11 1.06042e-11 5.36102e-12 2.14287e-12 6.72595e-13 1.66699e-13 3.29723e-14 5.26528e-15 6.86093e-16 7.36188e-17 6.5529e-18 4.86584e-19 3.026e-20 1.57963e-21 6.92597e-23 2.54768e-24 7.83793e-26 2.0059e-27 4.23544e-29 7.29093e-31 1.0058e-32 1.08448e-34 8.79918e-37 5.05007e-39 1.82701e-41 3.08286e-44 0 0 0 0 0 0 0 0 0 0 0 0 0 0 0 0 0 0 0 0 0
0 0 0 0 0 0 0 0 0 0 0 0 0 0 0 0 0 0 0 0 0 1.26117e-44 7.82905e-42 2.24453e-39 4.06146e-37 5.20628e-35 5.03026e-33 3.8054e-31 2.31147e-29 1.14704e-27 4.70706e-26 1.61088e-24 4.62354e-23 1.11676e-21 2.27335e-20 3.89946e-19 5.62572e-18 6.80303e-17 6.86093e-16 5.73166e-15 3.93258e-14 2.19322e-13 9.82553e-13 3.49276e-12 9.75488e-12 2.1376e-11 3.73899e-11 5.44266e-11 6.92454e-11 7.92153e-11 8.26866e-11 7.92153e-11 6.92454e-11 5.44266e-11 3.73899e-11 2.1376e-11 9.75488e-12 3.49276e-12 9.82553e-13 2.19322e-13 3.93258e-14 5.73166e-15 6.86093e-16 6.80303e-17 5.62572e-18 3.89946e-19 2.27335e-20 1.11676e-21 4.62354e-23 1.61088e-24 4.70706e-26 1.14704e-27 2.31147e-29 3.8054e-31 5.03026e-33 5.20628e-35 4.06146e-37 2.24453e-39 7.82905e-42 1.26117e-44 0 0 0 0 0 0 0 0 0 0 0 0 0 0 0 0 0 0 0 0
0 0 0 0 0 0 0 0 0 0 0 0 0 0 0 0 0 0 0 0 4.2039e-45 2.97075e-42 8.81803e-40 1.65482e-37 2.20307e-35 2.21401e-33 1.74499e-31 1.10625e-29 5.74061e-28 2.46863e-26 8.8736e-25 2.6819e-23 6.84027e-22 1.47493e-20 2.689e-19 4.13912e-18 5.36326e-17 5.82333e-16 5.26528e-15 3.93258e-14 2.40215e-13 1.18581e-12 4.66767e-12 1.44577e-11 3.49288e-11 6.61582e-11 1.01493e-10 1.33836e-10 1.59499e-10 1.75408e-10 1.80939e-10 1.75408e-10 1.59499e-10 1.33836e-10 1.01493e-10 6.61582e-11 3.49288e-11 1.44577e-11 4.66767e-12 1.18581e-12 2.40215e-13 3.93258e-14 5.26528e-15 5.82333e-16 5.36326e-17 4.13912e-18 2.689e-19 1.47493e-20 6.84027e-22 2.6819e-23 8.8736e-25 2.46863e-26 5.74061e-28 1.10625e-29 1.74499e-31 2.21401e-33 2.20307e-35 1.65482e-37 8.81803e-40 2.97075e-42 4.2039e-45 0 0 0 0 0 0 0 0 0 0 0 0 0 0 0 0 0 0 0
0 0 0 0 0 0 0 0 0 0 0 0 0 0 0 0 0 0 0 1.4013e-45 9.90718e-43 3.04083e-40 5.91074e-38 8.16143e-36 8.51887e-34 6.98428e-32 4.61348e-30 2.49896e-28 1.12391e-26 4.23426e-25 1.34442e-23 3.61158e-22 8.22538e-21 1.58891e-19 2.60046e-18 3.59658e-17 4.18621e-16 4.07699e-15 3.29723e-14 2.19322e-13 1.18581e-12 5.13872e-12 1.75724e-11 4.6723e-11 9.59224e-11 1.54505e-10 2.06586e-10 2.47778e-10 2.77105e-10 2.93617e-10 2.99631e-10 2.93617e-10 2.77105e-10 2.47778e-10 2.06586e-10 1.54505e-10 9.59224e-11 4.6723e-11 1.75724e-11 5.13872e-12 1.18581e-12 2.19322e-13 3.29723e-14 4.07699e-15 4.18621e-16 3.59658e-17 2.60046e-18 1.58891e-19 8.22538e-21 3.61158e-22 1.34442e-23 4.23426e-25 1.12391e-26 2.49896e-28 4.61348e-30 6.98428e-32 8.51887e-34 8.16143e-36 5.91074e-38 3.04083e-40 9.90718e-43 1.4013e-45 0 0 0 0 0 0 0 0 0 0 0 0 0 0 0 0 0 0
0 0 0 0 0 0 0 0 0 0 0 0 0 0 0 0 0 0 0 2.87266e-43 9.12301e-41 1.83463e-38 2.6241e-36 2.84108e-34 2.41956e-32 1.66276e-30 9.38595e-29 4.40717e-27 1.73692e-25 5.78168e-24 1.63218e-22 3.91668e-21 7.99488e-20 1.38711e-18 2.04103e-17 2.53752e-16 2.65143e-15 2.31195e-14 1.66699e-13 9.82553e-13 4.66767e-12 1.75724e-11 5.145e-11 1.15193e-10 1.96602e-10 2.65352e-10 3.11357e-10 3.45393e-10 3.65776e-10 3.78148e-10 3.82024e-10 3.78148e-10 3.65776e-10 3.45393e-10 3.11357e-10 2.65352e-10 1.96602e-10 1.15193e-10 5.145e-11 1.75724e-11 4.66767e-12 9.82553e-13 1.66699e-13 2.31195e-14 2.65143e-15 2.53752e-16 2.04103e-17 1.38711e-18 7.99488e-20 3.91668e-21 1.63218e-22 5.78168e-24 1.73692e-25 4.40717e-27 9.38595e-29 1.66276e-30 2.41956e-32 2.84108e-34 2.6241e-36 1.83463e-38 9.12301e-41 2.87266e-43 0 0 0 0 0 0 0 0 0 0 0 0 0 0 0 0 0 0
0 0 0 0 0 0 0 0 0 0 0 0 0 0 0 0 0 0 7.28675e-44 2.35446e-41 4.89327e-39 7.24169e-37 8.12276e-35 7.17644e-33 5.12383e-31 3.00971e-29 1.47312e-27 6.06317e-26 2.11207e-24 6.25355e-23 1.57781e-21 3.39551e-20 6.22978e-19 9.7261e-18 1.28783e-16 1.43918e-15 1.34848e-14 1.0503e-13 6.72595e-13 3.49276e-12 1.44577e-11 4.6723e-11 1.15193e-10 2.12611e-10 2.96134e-10 3.38113e-10 3.66668e-10 3.92894e-10 4.08123e-10 4.23606e-10 4.24991e-10 4.23606e-10 4.08123e-10 3.92894e-10 3.66668e-10 3.38113e-10 2.96134e-10 2.12611e-10 1.15193e-10 4.6723e-11 1.44577e-11 3.49276e-12 6.72595e-13 1.0503e-13 1.34848e-14 1.43918e-15 1.28783e-16 9.7261e-18 6.22978e-19 3.39551e-20 1.57781e-21 6.25355e-23 2.11207e-24 6.06317e-26 1.47312e-27 3.00971e-29 5.12383e-31 7.17644e-33 8.12276e-35 7.24169e-37 4.89327e-39 2.35446e-41 7.28675e-44 0 0 0 0 0 0 0 0 0 0 0 0 0 0 0 0 0
0 0 0 0 0 0 0 0 0 0 0 0 0 0 0 0 0 1.54143e-44 5.15257e-42 1.10521e-39 1.69058e-37 1.96238e-35 1.79655e-33 1.33103e-31 8.12534e-30 4.13992e-28 1.77693e-26 6.46761e-25 2.00521e-23 5.31013e-22 1.20256e-20 2.32854e-19 3.84911e-18 5.41587e-17 6.45795e-16 6.48655e-15 5.44466e-14 3.78025e-13 2.14287e-12 9.75488e-12 3.49288e-11 9.59224e-11 1.96602e-10 2.96134e-10 3.43021e-10 3.641e-10 4.07224e-10 4.42122e-10 4.73269e-10 4.96225e-10 5.01254e-10 4.96225e-10 4.73269e-10 4.42122e-10 4.07224e-10 3.641e-10 3.43021e-10 2.96134e-10 1.96602e-10 9.59224e-11 3.49288e-11 9.75488e-12 2.14287e-12 3.78025e-13 5.44466e-14 6.48655e-15 6.45795e-16 5.41587e-17 3.84911e-18 2.32854e-19 1.20256e-20 5.31013e-22 2.00521e-23 6.46761e-25 1.77693e-26 4.13992e-28 8.12534e-30 1.33103e-31 1.79655e-33 1.96238e-35 1.69058e-37 1.10521e-39 5.15257e-42 1.54143e-44 0 0 0 0 0 0 0 0 0 0 0 0 0 0 0 0
0 0 0 0 0 0 0 0 0 0 0 0 0 0 0 0 2.8026e-45 9.36067e-43 2.07294e-40 3.27435e-38 3.92944e-36 3.7239e-34 2.85991e-32 1.81241e-30 9.60183e-29 4.29279e-27 1.6306e-25 5.28697e-24 1.46757e-22 3.4927e-21 7.12746e-20 1.24567e-18 1.85983e-17 2.36295e-16 2.54093e-15 2.29595e-14 1.72716e-13 1.06892e-12 5.36102e-12 2.1376e-11 6.61582e-11 1.54505e-10 2.65352e-10 3.38113e-10 3.641e-10 4.15156e-10 4.837e-10 5.24984e-10 5.70434e-10 5.91519e-10 6.05313e-10 5.91519e-10 5.70434e-10 5.24984e-10 4.837e-10 4.15156e-10 3.641e-10 3.38113e-10 2.65352e-10 1.54505e-10 6.61582e-11 2.1376e-11 5.36102e-12 1.06892e-12 1.72716e-13 2.29595e-14 2.54093e-15 2.36295e-16 1.85983e-17 1.24567e-18 7.12746e-20 3.4927e-21 1.46757e-22 5.28697e-24 1.6306e-25 4.29279e-27 9.60183e-29 1.81241e-30 2.85991e-32 3.7239e-34 3.92944e-36 3.27435e-38 2.07294e-40 9.36067e-43 2.8026e-45 0 0 0 0 0 0 0 0 0 0 0 0 0 0 0
0 0 0 0 0 0 0 0 0 0 0 0 0 0 0 0 1.38729e-43 3.14269e-41 5.12119e-39 6.34852e-37 6.22285e-35 4.94983e-33 3.25374e-31 1.7909e-29 8.33313e-28 3.30068e-26 1.11833e-24 3.25151e-23 8.12645e-22 1.74662e-20 3.22569e-19 5.10838e-18 6.91407e-17 7.9602e-16 7.7468e-15 6.32114e-14 4.28004e-13 2.37353e-12 1.06042e-11 3.73899e-11 1.01493e-10 2.06586e-10 3.11357e-10 3.66668e-10 4.07224e-10 4.837e-10 5.44508e-10 5.86677e-10 6.39606e-10 6.70621e-10 6.87884e-10 6.70621e-10 6.39606e-10 5.86677e-10 5.44508e-10 4.837e-10 4.07224e-10 3.66668e-10 3.11357e-10 2.06586e-10 1.01493e-10 3.73899e-11 1.06042e-11 2.37353e-12 4.28004e-13 6.32114e-14 7.7468e-15 7.9602e-16 6.91407e-17 5.10838e-18 3.22569e-19 1.74662e-20 8.12645e-22 3.25151e-23 1.11833e-24 3.30068e-26 8.33313e-28 1.7909e-29 3.25374e-31 4.94983e-33 6.22285e-35 6.34852e-37 5.12119e-39 3.14269e-41 1.38729e-43 0 0 0 0 0 0 0 0 0 0 0 0 0 0 0
0 0 0 0 0 0 0 0 0 0 0 0 0 0 0 1.54143e-44 3.69943e-42 6.21673e-40 7.95599e-38 8.06157e-36 6.63822e-34 4.5243e-32 2.58632e-30 1.25218e-28 5.17123e-27 1.83092e-25 5.57674e-24 1.46422e-22 3.31652e-21 6.47797e-20 1.08946e-18 1.57337e-17 1.94357e-16 2.0428e-15 1.81448e-14 1.35028e-13 8.32806e-13 4.20004e-12 1.70332e-11 5.44266e-11 1.33836e-10 2.47778e-10 3.45393e-10 3.92894e-10 4.42122e-10 5.24984e-10 5.86677e-10 6.51781e-10 7.38322e-10 7.84631e-10 8.23279e-10 7.84631e-10 7.38322e-10 6.51781e-10 5.86677e-10 5.24984e-10 4.42122e-10 3.92894e-10 3.45393e-10 2.47778e-10 1.33836e-10 5.44266e-11 1.70332e-11 4.20004e-12 8.32806e-13 1.35028e-13 1.81448e-14 2.0428e-15 1.94357e-16 1.57337e-17 1.08946e-18 6.47797e-20 3.31652e-21 1.46422e-22 5.57674e-24 1.83092e-25 5.17123e-27 1.25218e-28 2.58632e-30 4.5243e-32 6.63822e-34 8.06157e-36 7.95599e-38 6.21673e-40 3.69943e-42 1.54143e-44 0 0 0 0 0 0 0 0 0 0 0 0 0 0
0 0 0 0 0 0 0 0 0 0 0 0 0 0 1.4013e-45 3.16693e-43 5.49898e-41 7.2638e-39 7.60835e-37 6.4868e-35 4.58572e-33 2.72431e-31 1.37367e-29 5.92203e-28 2.19448e-26 7.01595e-25 1.93982e-23 4.64377e-22 9.62627e-21 1.72629e-19 2.67291e-18 3.56242e-17 4.06986e-16 3.96374e-15 3.26815e-14 2.26144e-13 1.29908e-12 6.11207e-12 2.31608e-11 6.92454e-11 1.59499e-10 2.77105e-10 3.65776e-10 4.08123e-10 4.73269e-10 5.70434e-10 6.39606e-10 7.38322e-10 8.38881e-10 9.25493e-10 9.97514e-10 9.25493e-10 8.38881e-10 7.38322e-10 6.39606e-10 5.70434e-10 4.73269e-10 4.08123e-10 3.65776e-10 2.77105e-10 1.59499e-10 6.92454e-11 2.31608e-11 6.11207e-12 1.29908e-12 2.26144e-13 3.26815e-14 3.96374e-15 4.06986e-16 3.56242e-17 2.67291e-18 1.72629e-19 9.62627e-21 4.64377e-22 1.93982e-23 7.01595e-25 2.19448e-26 5.92203e-28 1.37367e-29 2.72431e-31 4.58572e-33 6.4868e-35 7.60835e-37 7.2638e-39 5.49898e-41 3.16693e-43 1.4013e-45 0 0 0 0 0 0 0 0 0 0 0 0 0
0 0 0 0 0 0 0 0 0 0 0 0 0 0 1.68156e-44 3.15432e-42 4.30961e-40 4.67296e-38 4.13336e-36 3.03866e-34 1.88216e-32 9.92288e-31 4.4867e-29 1.74974e-27 5.90945e-26 1.73319e-24 4.42164e-23 9.81802e-22 1.89679e-20 3.18425e-19 4.63462e-18 5.82929e-17 6.30814e-16 5.83981e-15 4.59173e-14 3.03881e-13 1.67365e-12 7.56339e-12 2.75554e-11 7.92153e-11 1.75408e-10 2.93617e-10 3.78148e-10 4.23606e-10 4.96225e-10 5.91519e-10 6.70621e-10 7.84631e-10 9.25493e-10 1.1019e-09 1.27584e-09 1.1019e-09 9.25493e-10 7.84631e-10 6.70621e-10 5.91519e-10 4.96225e-10 4.23606e-10 3.78148e-10 2.93617e-10 1.75408e-10 7.92153e-11 2.75554e-11 7.56339e-12 1.67365e-12 3.03881e-13 4.59173e-14 5.83981e-15 6.30814e-16 5.82929e-17 4.63462e-18 3.18425e-19 1.89679e-20 9.81802e-22 4.42164e-23 1.73319e-24 5.90945e-26 1.74974e-27 4.4867e-29 9.92288e-31 1.88216e-32 3.03866e-34 4.13336e-36 4.67296e-38 4.30961e-40 3.15432e-42 1.68156e-44 0 0 0 0 0 0 0 0 0 0 0 0 0
0 0 0 0 0 0 0 0 0 0 0 0 0 0 8.96831e-44 1.26271e-41 1.42929e-39 1.32504e-37 1.02552e-35 6.71882e-34 3.76518e-32 1.81892e-30 7.61922e-29 2.77923e-27 8.85388e-26 2.46789e-24 6.02344e-23 1.28714e-21 2.40555e-20 3.92422e-19 5.57163e-18 6.8581e-17 7.28181e-16 6.62765e-15 5.13091e-14 3.34659e-13 1.81761e-12 8.10297e-12 2.91318e-11 8.26866e-11 1.80939e-10 2.99631e-10 3.82024e-10 4.24991e-10 5.01254e-10 6.05313e-10 6.87884e-10 8.23279e-10 9.97514e-10 1.27584e-09 1.49998e-09 1.27584e-09 9.97514e-10 8.23279e-10 6.87884e-10 6.05313e-10 5.01254e-10 4.24991e-10 3.82024e-10 2.99631e-10 1.80939e-10 8.26866e-11 2.91318e-11 8.10297e-12 1.81761e-12 3.34659e-13 5.13091e-14 6.62765e-15 7.28181e-16 6.8581e-17 5.57163e-18 3.92422e-19 2.40555e-20 1.28714e-21 6.02344e-23 2.46789e-24 8.85388e-26 2.77923e-27 7.61922e-29 1.81892e-30 3.76518e-32 6.71882e-34 1.02552e-35 1.32504e-37 1.42929e-39 1.26271e-41 8.96831e-44 0 0 0 0 0 0 0 0 0 0 0 0 0
0 0 0 0 0 0 0 0 0 0 0 0 0 0 1.68156e-44 3.15432e-42 4.30961e-40 4.67296e-38 4.13336e-36 3.03866e-34 1.88216e-32 9.92288e-31 4.4867e-29 1.74974e-27 5.90945e-26 1.73319e-24 4.42164e-23 9.81802e-22 1.89679e-20 3.18425e-19 4.63462e-18 5.82929e-17 6.30814e-16 5.83981e-15 4.59173e-14 3.03881e-13 1.67365e-12 7.56339e-12 2.75554e-11 7.92153e-11 1.75408e-10 2.93617e-10 3.78148e-10 4.23606e-10 4.96225e-10 5.91519e-10 6.70621e-10 7.84631e-10 9.25493e-10 1.1019e-09 1.27584e-09 1.1019e-09 9.25493e-10 7.84631e-10 6.70621e-10 5.91519e-10 4.96225e-10 4.23606e-10 3.78148e-10 2.93617e-10 1.75408e-10 7.92153e-11 2.75554e-11 7.56339e-12 1.67365e-12 3.03881e-13 4.59173e-14 5.83981e-15 6.30814e-16 5.82929e-17 4.63462e-18 3.18425e-19 1.89679e-20 9.81802e-22 4.42164e-23 1.73319e-24 5.90945e-26 1.74974e-27 4.4867e-29 9.92288e-31 1.88216e-32 3.03866e-34 4.13336e-36 4.67296e-38 4.30961e-40 3.15432e-42 1.68156e-44 0 0 0 0 0 0 0 0 0 0 0 0 0
0 0 0 0 0 0 0 0 0 0 0 0 0 0 1.4013e-45 3.16693e-43 5.49898e-41 7.2638e-39 7.60835e-37 6.4868e-35 4.58572e-33 2.72431e-31 1.37367e-29 5.92203e-28 2.19448e-26 7.01595e-25 1.93982e-23 4.64377e-22 9.62627e-21 1.72629e-19 2.67291e-18 3.56242e-17 4.06986e-16 3.96374e-15 3.26815e-14 2.26144e-13 1.29908e-12 6.11207e-12 2.31608e-11 6.92454e-11 1.59499e-10 2.77105e-10 3.65776e-10 4.08123e-10 4.73269e-10 5.70434e-10 6.39606e-10 7.38322e-10 8.38881e-10 9.25493e-10 9.97514e-10 9.25493e-10 8.38881e-10 7.38322e-10 6.39606e-10 5.70434e-10 4.73269e-10 4.08123e-10 3.65776e-10 2.77105e-10 1.59499e-10 6.92454e-11 2.31608e-11 6.11207e-12 1.29908e-12 2.26144e-13 3.26815e-14 3.96374e-15 4.06986e-16 3.56242e-17 2.67291e-18 1.72629e-19 9.62627e-21 4.64377e-22 1.93982e-23 7.01595e-25 2.19448e-26 5.92203e-28 1.37367e-29 2.72431e-31 4.58572e-33 6.4868e-35 7.60835e-37 7.2638e-39 5.49898e-41 3.16693e-43 1.4013e-45 0 0 0 0 0 0 0 0 0 0 0 0 0
0 0 0 0 0 0 0 0 0 0 0 0 0 0 0 1.54143e-44 3.69943e-42 6.21673e-40 7.95599e-38 8.06157e-36 6.63822e-34 4.5243e-32 2.58632e-30 1.25218e-28 5.17123e-27 1.83092e-25 5.57674e-24 1.46422e-22 3.31652e-21 6.47797e-20 1.08946e-18 1.57337e-17 1.94357e-16 2.0428e-15 1.81448e-14 1.35028e-13 8.32806e-13 4.20004e-12 1.70332e-11 5.44266e-11 1.33836e-10 2.47778e-10 3.45393e-10 3.92894e-10 4.42122e-10 5.24984e-10 5.86677e-10 6.51781e-10 7.38322e-10 7.84631e-10 8.23279e-10 7.84631e-10 7.38322e-10 6.51781e-10 5.86677e-10 5.24984e-10 4.42122e-10 3.92894e-10 3.45393e-10 2.47778e-10 1.33836e-10 5.44266e-11 1.70332e-11 4.20004e-12 8.32806e-13 1.35028e-13 1.81448e-14 2.0428e-15 1.94357e-16 1.57337e-17 1.08946e-18 6.47797e-20 3.31652e-21 1.46422e-22 5.57674e-24 1.83092e-25 5.17123e-27 1.25218e-28 2.58632e-30 4.5243e-32 6.63822e-34 8.06157e-36 7.95599e-38 6.21673e-40 3.69943e-42 1.54143e-44 0 0 0 0 0 0 0 0 0 0 0 0 0 0
0 0 0 0 0 0 0 0 0 0 0 0 0 0 0 0 1.38729e-43 3.14269e-41 5.12119e-39 6.34852e-37 6.22285e-35 4.94983e-33 3.25374e-31 1.7909e-29 8.33313e-28 3.30068e-26 1.11833e-24 3.25151e-23 8.12645e-22 1.74662e-20 3.22569e-19 5.10838e-18 6.91407e-17 7.9602e-16 7.7468e-15 6.32114e-14 4.28004e-13 2.37353e-12 1.06042e-11 3.73899e-11 1.01493e-10 2.06586e-10 3.11357e-10 3.66668e-10 4.07224e-10 4.837e-10 5.44508e-10 5.86677e-10 6.39606e-10 6.70621e-10 6.87884e-10 6.70621e-10 6.39606e-10 5.86677e-10 5.44508e-10 4.837e-10 4.07224e-10 3.66668e-10 3.11357e-10 2.06586e-10 1.01493e-10 3.73899e-11 1.06042e-11 2.37353e-12 4.28004e-13 6.32114e-14 7.7468e-15 7.9602e-16 6.91407e-17 5.10838e-18 3.22569e-19 1.74662e-20 8.12645e-22 3.25151e-23 1.11833e-24 3.30068e-26 8.33313e-28 1.7909e-29 3.25374e-31 4.94983e-33 6.22285e-35 6.34852e-37 5.12119e-39 3.14269e-41 1.38729e-43 0 0 0 0 0 0 0 0 0 0 0 0 0 0 0
0 0 0 0 0 0 0 0 0 0 0 0 0 0 0 0 2.8026e-45 9.36067e-43 2.07294e-40 3.27435e-38 3.92944e-36 3.7239e-34 2.85991e-32 1.81241e-30 9.60183e-29 4.29279e-27 1.6306e-25 5.28697e-24 1.46757e-22 3.4927e-21 7.12746e-20 1.24567e-18 1.85983e-17 2.36295e-16 2.54093e-15 2.29595e-14 1.72716e-13 1.06892e-12 5.36102e-12 2.1376e-11 6.61582e-11 1.54505e-10 2.65352e-10 3.38113e-10 3.641e-10 4.15156e-10 4.837e-10 5.24984e-10 5.70434e-10 5.91519e-10 6.05313e-10 5.91519e-10 5.70434e-10 5.24984e-10 4.837e-10 4.15156e-10 3.641e-10 3.38113e-10 2.65352e-10 1.54505e-10 6.61582e-11 2.1376e-11 5.36102e-12 1.06892e-12 1.72716e-13 2.29595e-14 2.54093e-15 2.36295e-16 1.85983e-17 1.24567e-18 7.12746e-20 3.4927e-21 1.46757e-22 5.28697e-24 1.6306e-25 4.29279e-27 9.60183e-29 1.81241e-30 2.85991e-32 3.7239e-34 3.92944e-36 3.27435e-38 2.07294e-40 9.36067e-43 2.8026e-45 0 0 0 0 0 0 0 0 0 0 0 0 0 0 0
0 0 0 0 0 0 0 0 0 0 0 0 0 0 0 0 0 1.54143e-44 5.15257e-42 1.10521e-39 1.69058e-37 1.96238e-35 1.79655e-33 1.33103e-31 8.12534e-30 4.13992e-28 1.77693e-26 6.46761e-25 2.00521e-23 5.31013e-22 1.20256e-20 2.32854e-19 3.84911e-18 5.41587e-17 6.45795e-16 6.48655e-15 5.44466e-14 3.78025e-13 2.14287e-12 9.75488e-12 3.49288e-11 9.59224e-11 1.96602e-10 2.96134e-10 3.43021e-10 3.641e-10 4.07224e-10 4.42122e-10 4.73269e-10 4.96225e-10 5.01254e-10 4.96225e-10 4.73269e-10 4.42122e-10 4.07224e-10 3.641e-10 3.43021e-10 2.96134e-10 1.96602e-10 9.59224e-11 3.49288e-11 9.75488e-12 2.14287e-12 3.78025e-13 5.44466e-14 6.48655e-15 6.45795e-16 5.41587e-17 3.84911e-18 2.32854e-19 1.20256e-20 5.31013e-22 2.00521e-23 6.46761e-25 1.77693e-26 4.13992e-28 8.12534e-30 1.33103e-31 1.79655e-33 1.96238e-35 1.69058e-37 1.10521e-39 5.15257e-42 1.54143e-44 0 0 0 0 0 0 0 0 0 0 0 0 0 0 0 0
0 0 0 0 0 0 0 0 0 0 0 0 0 0 0 0 0 0 7.28675e-44 2.35446e-41 4.89327e-39 7.24169e-37 8.12276e-35 7.17644e-33 5.12383e-31 3.00971e-29 1.47312e-27 6.06317e-26 2.11207e-24 6.25355e-23 1.57781e-21 3.39551e-20 6.22978e-19 9.7261e-18 1.28783e-16 1.43918e-15 1.34848e-14 1.0503e-13 6.72595e-13 3.49276e-12 1.44577e-11 4.6723e-11 1.15193e-10 2.12611e-10 2.96134e-10 3.38113e-10 3.66668e-10 3.92894e-10 4.08123e-10 4.23606e-10 4.24991e-10 4.23606e-10 4.08123e-10 3.92894e-10 3.66668e-10 3.38113e-10 2.96134e-10 2.12611e-10 1.15193e-10 4.6723e-11 1.44577e-11 3.49276e-12 6.72595e-13 1.0503e-13 1.34848e-14 1.43918e-15 1.28783e-16 9.7261e-18 6.22978e-19 3.39551e-20 1.57781e-21 6.25355e-23 2.11207e-24 6.06317e-26 1.47312e-27 3.00971e-29 5.12383e-31 7.17644e-33 8.12276e-35 7.24169e-37 4.89327e-39 2.35446e-41 7.28675e-44 0 0 0 0 0 0 0 0 0 0 0 0 0 0 0 0 0
0 0 0 0 0 0 0 0 0 0 0 0 0 0 0 0 0 0 0 2.87266e-43 9.12301e-41 1.83463e-38 2.6241e-36 2.84108e-34 2.41956e-32 1.66276e-30 9.38595e-29 4.40717e-27 1.73692e-25 5.78168e-24 1.63218e-22 3.91668e-21 7.99488e-20 1.38711e-18 2.04103e-17 2.53752e-16 2.65143e-15 2.31195e-14 1.66699e-13 9.82553e-13 4.66767e-12 1.75724e-11 5.145e-11 1.15193e-10 1.96602e-10 2.65352e-10 3.11357e-10 3.45393e-10 3.65776e-10 3.78148e-10 3.82024e-10 3.78148e-10 3.65776e-10 3.45393e-10 3.11357e-10 2.65352e-10 1.96602e-10 1.15193e-10 5.145e-11 1.75724e-11 4.66767e-12 9.82553e-13 1.66699e-13 2.31195e-14 2.65143e-15 2.53752e-16 2.04103e-17 1.38711e-18 7.99488e-20 3.91668e-21 1.63218e-22 5.78168e-24 1.73692e-25 4.40717e-27 9.38595e-29 1.66276e-30 2.41956e-32 2.84108e-34 2.6241e-36 1.83463e-38 9.12301e-41 2.87266e-43 0 0 0 0 0 0 0 0 0 0 0 0 0 0 0 0 0 0
0 0 0 0 0 0 0 0 0 0 0 0 0 0 0 0 0 0 0 1.4013e-45 9.90718e-43 3.04083e-40 5.91074e-38 8.16143e-36 8.51887e-34 6.98428e-32 4.61348e-30 2.49896e-28 1.12391e-26 4.23426e-25 1.34442e-23 3.61158e-22 8.22538e-21 1.58891e-19 2.60046e-18 3.59658e-17 4.18621e-16 4.07699e-15 3.29723e-14 2.19322e-13 1.18581e-12 5.13872e-12 1.75724e-11 4.6723e-11 9.59224e-11 1.54505e-10 2.06586e-10 2.47778e-10 2.77105e-10 2.93617e-10 2.99631e-10 2.93617e-10 2.77105e-10 2.47778e-10 2.06586e-10 1.54505e-10 9.59224e-11 4.6723e-11 1.75724e-11 5.13872e-12 1.18581e-12 2.19322e-13 3.29723e-14 4.07699e-15 4.18621e-16 3.59658e-17 2.60046e-18 1.58891e-19 8.22538e-21 3.61158e-22 1.34442e-23 4.23426e-25 1.12391e-26 2.49896e-28 4.61348e-30 6.98428e-32 8.51887e-34 8.16143e-36 5.91074e-38 3.04083e-40 9.90718e-43 1.4013e-45 0 0 0 0 0 0 0 0 0 0 0 0 0 0 0 0 0 0
0 0 0 0 0 0 0 0 0 0 0 0 0 0 0 0 0 0 0 0 4.2039e-45 2.97075e-42 8.81803e-40 1.65482e-37 2.20307e-35 2.21401e-33 1.74499e-31 1.10625e-29 5.74061e-28 2.46863e-26 8.8736e-25 2.6819e-23 6.84027e-22 1.47493e-20 2.689e-19 4.13912e-18 5.36326e-17 5.82333e-16 5.26528e-15 3.93258e-14 2.40215e-13 1.18581e-12 4.66767e-12 1.44577e-11 3.49288e-11 6.61582e-11 1.01493e-10 1.33836e-10 1.59499e-10 1.75408e-10 1.80939e-10 1.75408e-10 1.59499e-10 1.33836e-10 1.01493e-10 6.61582e-11 3.49288e-11 1.44577e-11 4.66767e-12 1.18581e-12 2.40215e-13 3.93258e-14 5.26528e-15 5.82333e-16 5.36326e-17 4.13912e-18 2.689e-19 1.47493e-20 6.84027e-22 2.6819e-23 8.8736e-25 2.46863e-26 5.74061e-28 1.10625e-29 1.74499e-31 2.21401e-33 2.20307e-35 1.65482e-37 8.81803e-40 2.97075e-42 4.2039e-45 0 0 0 0 0 0 0 0 0 0 0 0 0 0 0 0 0 0 0
0 0 0 0 0 0 0 0 0 0 0 0 0 0 0 0 0 0 0 0 0 1.26117e-44 7.82905e-42 2.24453e-39 4.06146e-37 5.20628e-35 5.03026e-33 3.8054e-31 2.31147e-29 1.14704e-27 4.70706e-26 1.61088e-24 4.62354e-23 1.11676e-21 2.27335e-20 3.89946e-19 5.62572e-18 6.80303e-17 6.86093e-16 5.73166e-15 3.93258e-14 2.19322e-13 9.82553e-13 3.49276e-12 9.75488e-12 2.1376e-11 3.73899e-11 5.44266e-11 6.92454e-11 7.92153e-11 8.26866e-11 7.92153e-11 6.92454e-11 5.44266e-11 3.73899e-11 2.1376e-11 9.75488e-12 3.49276e-12 9.82553e-13 2.19322e-13 3.93258e-14 5.73166e-15 6.86093e-16 6.80303e-17 5.62572e-18 3.89946e-19 2.27335e-20 1.11676e-21 4.62354e-23 1.61088e-24 4.70706e-26 1.14704e-27 2.31147e-29 3.8054e-31 5.03026e-33 5.20628e-35 4.06146e-37 2.24453e-39 7.82905e-42 1.26117e-44 0 0 0 0 0 0 0 0 0 0 0 0 0 0 0 0 0 0 0 0
0 0 0 0 0 0 0 0 0 0 0 0 0 0 0 0 0 0 0 0 0 0 3.08286e-44 1.82701e-41 5.05007e-39 8.79918e-37 1.08448e-34 1.0058e-32 7.29093e-31 4.23544e-29 2.0059e-27 7.83793e-26 2.54768e-24 6.92597e-23 1.57963e-21 3.026e-20 4.86584e-19 6.5529e-18 7.36188e-17 6.86093e-16 5.26528e-15 3.29723e-14 1.66699e-13 6.72595e-13 2.14287e-12 5.36102e-12 1.06042e-11 1.70332e-11 2.31608e-11 2.75554e-11 2.91318e-11 2.75554e-11 2.31608e-11 1.70332e-11 1.06042e-11 5.36102e-12 2.14287e-12 6.72595e-13 1.66699e-13 3.29723e-14 5.26528e-15 6.86093e-16 7.36188e-17 6.5529e-18 4.86584e-19 3.026e-20 1.57963e-21 6.92597e-23 2.54768e-24 7.83793e-26 2.0059e-27 4.23544e-29 7.29093e-31 1.0058e-32 1.08448e-34 8.79918e-37 5.05007e-39 1.82701e-41 3.08286e-44 0 0 0 0 0 0 0 0 0 0 0 0 0 0 0 0 0 0 0 0 0
0 0 0 0 0 0 0 0 0 0 0 0 0 0 0 0 0 0 0 0 0 0 0 6.72623e-44 3.79416e-41 1.00999e-38 1.69205e-36 2.00189e-34 1.77915e-32 1.23349e-30 6.83912e-29 3.08438e-27 1.1448e-25 3.52485e-24 9.04925e-23 1.94242e-21 3.48866e-20 5.23716e-19 6.5529e-18 6.80303e-17 5.82333e-16 4.07699e-15 2.31195e-14 1.0503e-13 3.78025e-13 1.06892e-12 2.37353e-12 4.20004e-12 6.11207e-12 7.56339e-12 8.10297e-12 7.56339e-12 6.11207e-12 4.20004e-12 2.37353e-12 1.06892e-12 3.78025e-13 1.0503e-13 2.31195e-14 4.07699e-15 5.82333e-16 6.80303e-17 6.5529e-18 5.23716e-19 3.48866e-20 1.94242e-21 9.04925e-23 3.52485e-24 1.1448e-25 3.08438e-27 6.83912e-29 1.23349e-30 1.77915e-32 2.00189e-34 1.69205e-36 1.00999e-38 3.79416e-41 6.72623e-44 0 0 0 0 0 0 0 0 0 0 0 0 0 0 0 0 0 0 0 0 0 0
0 0 0 0 0 0 0 0 0 0 0 0 0 0 0 0 0 0 0 0 0 0 0 0 1.30321e-43 7.04643e-41 1.80354e-38 2.90053e-36 3.28853e-34 2.7954e-32 1.84985e-30 9.76738e-29 4.18445e-27 1.47127e-25 4.27827e-24 1.03377e-22 2.08055e-21 3.48866e-20 4.86584e-19 5.62572e-18 5.36326e-17 4.18621e-16 2.65143e-15 1.34848e-14 5.44466e-14 1.72716e-13 4.28004e-13 8.32806e-13 1.29908e-12 1.67365e-12 1.81761e-12 1.67365e-12 1.29908e-12 8.32806e-13 4.28004e-13 1.72716e-13 5.44466e-14 1.34848e-14 2.65143e-15 4.18621e-16 5.36326e-17 5.62572e-18 4.86584e-19 3.48866e-20 2.08055e-21 1.03377e-22 4.27827e-24 1.47127e-25 4.18445e-27 9.76738e-29 1.84985e-30 2.7954e-32 3.28853e-34 2.90053e-36 1.80354e-38 7.04643e-41 1.30321e-43 0 0 0 0 0 0 0 0 0 0 0 0 0 0 0 0 0 0 0 0 0 0 0
0 0 0 0 0 0 0 0 0 0 0 0 0 0 0 0 0 0 0 0 0 0 0 0 0 2.25609e-43 1.1744e-40 2.88562e-38 4.44733e-36 4.82285e-34 3.91315e-32 2.4661e-30 1.23697e-28 5.0203e-27 1.6671e-25 4.56282e-24 1.03377e-22 1.94242e-21 3.026e-20 3.89946e-19 4.13912e-18 3.59658e-17 2.53752e-16 1.43918e-15 6.48655e-15 2.29595e-14 6.32114e-14 1.35028e-13 2.26144e-13 3.03881e-13 3.34659e-13 3.03881e-13 2.26144e-13 1.35028e-13 6.32114e-14 2.29595e-14 6.48655e-15 1.43918e-15 2.53752e-16 3.59658e-17 4.13912e-18 3.89946e-19 3.026e-20 1.94242e-21 1.03377e-22 4.56282e-24 1.6671e-25 5.0203e-27 1.23697e-28 2.4661e-30 3.91315e-32 4.82285e-34 4.44733e-36 2.88562e-38 1.1744e-40 2.25609e-43 0 0 0 0 0 0 0 0 0 0 0 0 0 0 0 0 0 0 0 0 0 0 0 0
0 0 0 0 0 0 0 0 0 0 0 0 0 0 0 0 0 0 0 0 0 0 0 0 0 0 3.51726e-43 1.76159e-40 4.14805e-38 6.11492e-36 6.3297e-34 4.8911e-32 2.92824e-30 1.39147e-28 5.3337e-27 1.6671e-25 4.27827e-24 9.04925e-23 1.57963e-21 2.27335e-20 2.689e-19 2.60046e-18 2.04103e-17 1.28783e-16 6.45795e-16 2.54093e-15 7.7468e-15 1.81448e-14 3.26815e-14 4.59173e-14 5.13091e-14 4.59173e-14 3.26815e-14 1.81448e-14 7.7468e-15 2.54093e-15 6.45795e-16 1.28783e-16 2.04103e-17 2.60046e-18 2.689e-19 2.27335e-20 1.57963e-21 9.04925e-23 4.27827e-24 1.6671e-25 5.3337e-27 1.39147e-28 2.92824e-30 4.8911e-32 6.3297e-34 6.11492e-36 4.14805e-38 1.76159e-40 3.51726e-43 0 0 0 0 0 0 0 0 0 0 0 0 0 0 0 0 0 0 0 0 0 0 0 0 0
0 0 0 0 0 0 0 0 0 0 0 0 0 0 0 0 0 0 0 0 0 0 0 0 0 0 0 4.97461e-43 2.38334e-40 5.36803e-38 7.55361e-36 7.44651e-34 5.46634e-32 3.1004e-30 1.39147e-28 5.0203e-27 1.47127e-25 3.52485e-24 6.92597e-23 1.11676e-21 1.47493e-20 1.58891e-19 1.38711e-18 9.7261e-18 5.41587e-17 2.36295e-16 7.9602e-16 2.0428e-15 3.96374e-15 5.83981e-15 6.62765e-15 5.83981e-15 3.96374e-15 2.0428e-15 7.9602e-16 2.36295e-16 5.41587e-17 9.7261e-18 1.38711e-18 1.58891e-19 1.47493e-20 1.11676e-21 6.92597e-23 3.52485e-24 1.47127e-25 5.0203e-27 1.39147e-28 3.1004e-30 5.46634e-32 7.44651e-34 7.55361e-36 5.36803e-38 2.38334e-40 4.97461e-43 0 0 0 0 0 0 0 0 0 0 0 0 0 0 0 0 0 0 0 0 0 0 0 0 0 0
