0 0 0 0 0 0 0 0 0 0 0 0 0 0 0 0 0 0 0 0 0 0 0 0 0 0 0 0 0 0 0 0 0 0 0 0 0 0 0 0 0 0 0 0 0 0 0 0 0 0 0 0 0 0 0 0 0 0 0 0 0 0 0 0 0 0 0 0 0 0 0 0 0 0 0 0 0 0 0 0 0 0 0 0 0 0 0 0 0 0 0 0 0 0 0 0 0 0 0 0
0 0 0 0 0 0 0 0 0 0 0 0 0 0 0 0 0 0 0 0 0 0 0 0 0 0 0 0 0 0 0 0 0 0 0 0 0 0 0 0 0 0 0 0 0 0 0 0 0 0 0 0 0 0 0 0 0 0 0 0 0 0 0 0 0 0 0 0 0 0 0 0 0 0 0 0 0 0 0 0 0 0 0 0 0 0 0 0 0 0 0 0 0 0 0 0 0 0 0 0
0 0 0 0 0 0 0 0 0 0 0 0 0 0 0 0 0 0 0 0 0 0 0 0 0 0 0 0 0 0 0 0 0 0 0 0 0 0 0 0 0 0 0 0 0 0 0 0 0 0 0 0 0 0 0 0 0 0 0 0 0 0 0 0 0 0 0 0 0 0 0 0 0 0 0 0 0 0 0 0 0 0 0 0 0 0 0 0 0 0 0 0 0 0 0 0 0 0 0 0
0 0 0 0 0 0 0 0 0 0 0 0 0 0 0 0 0 0 0 0 0 0 0 0 0 0 0 0 0 0 0 0 0 0 0 0 0 0 0 0 0 0 0 0 0 0 0 0 0 0 0 0 0 0 0 0 0 0 0 0 0 0 0 0 0 0 0 0 0 0 0 0 0 0 0 0 0 0 0 0 0 0 0 0 0 0 0 0 0 0 0 0 0 0 0 0 0 0 0 0
0 0 0 0 0 0 0 0 0 0 0 0 0 0 0 0 0 0 0 0 0 0 0 0 0 0 0 0 0 0 0 0 0 0 0 0 0 0 0 0 0 0 0 0 0 0 0 0 2.8026e-45 9.80909e-45 1.4013e-44 9.80909e-45 2.8026e-45 0 0 0 0 0 0 0 0 0 0 0 0 0 0 0 0 0 0 0 0 0 0 0 0 0 0 0 0 0 0 0 0 0 0 0 0 0 0 0 0 0 0 0 0 0 0 0
0 0 0 0 0 0 0 0 0 0 0 0 0 0 0 0 0 0 0 0 0 0 0 0 0 0 0 0 0 0 0 0 0 0 0 0 0 0 0 0 0 0 0 0 0 0 5.60519e-45 4.76441e-44 2.08793e-43 5.80138e-43 8.96831e-43 5.80138e-43 2.08793e-43 4.76441e-44 5.60519e-45 0 0 0 0 0 0 0 0 0 0 0 0 0 0 0 0 0 0 0 0 0 0 0 0 0 0 0 0 0 0 0 0 0 0 0 0 0 0 0 0 0 0 0 0 0
0 0 0 0 0 0 0 0 0 0 0 0 0 0 0 0 0 0 0 0 0 0 0 0 0 0 0 0 0 0 0 0 0 0 0 0 0 0 0 0 0 0 0 0 5.60519e-45 6.86636e-44 5.36697e-43 3.03381e-42 1.20007e-41 3.09631e-41 4.57692e-41 3.09631e-41 1.20007e-41 3.03381e-42 5.36697e-43 6.86636e-44 5.60519e-45 0 0 0 0 0 0 0 0 0 0 0 0 0 0 0 0 0 0 0 0 0 0 0 0 0 0 0 0 0 0 0 0 0 0 0 0 0 0 0 0 0 0 0
0 0 0 0 0 0 0 0 0 0 0 0 0 0 0 0 0 0 0 0 0 0 0 0 0 0 0 0 0 0 0 0 0 0 0 0 0 0 0 0 0 0 2.8026e-45 4.34403e-44 5.14277e-43 4.70136e-42 3.26615e-41 1.68175e-40 6.14591e-40 1.48624e-39 2.11567e-39 1.48624e-39 6.14591e-40 1.68175e-40 3.26615e-41 4.70136e-42 5.14277e-43 4.34403e-44 2.8026e-45 0 0 0 0 0 0 0 0 0 0 0 0 0 0 0 0 0 0 0 0 0 0 0 0 0 0 0 0 0 0 0 0 0 0 0 0 0 0 0 0 0
0 0 0 0 0 0 0 0 0 0 0 0 0 0 0 0 0 0 0 0 0 0 0 0 0 0 0 0 0 0 0 0 0 0 0 0 0 0 0 0 0 1.4013e-44 2.36819e-43 3.15713e-42 3.34126e-41 2.76553e-40 1.75787e-39 8.34403e-39 2.83505e-38 6.45773e-38 8.89297e-38 6.45773e-38 2.83505e-38 8.34403e-39 1.75787e-39 2.76553e-40 3.34126e-41 3.15713e-42 2.36819e-43 1.4013e-44 0 0 0 0 0 0 0 0 0 0 0 0 0 0 0 0 0 0 0 0 0 0 0 0 0 0 0 0 0 0 0 0 0 0 0 0 0 0 0 0
0 0 0 0 0 0 0 0 0 0 0 0 0 0 0 0 0 0 0 0 0 0 0 0 0 0 0 0 0 0 0 0 0 0 0 0 0 0 0 2.8026e-45 5.88545e-44 1.10002e-42 1.65129e-41 1.9912e-40 1.9143e-39 1.44901e-38 8.47412e-38 3.72465e-37 1.18151e-36 2.54581e-36 3.40485e-36 2.54581e-36 1.18151e-36 3.72465e-37 8.47412e-38 1.44901e-38 1.9143e-39 1.9912e-40 1.65129e-41 1.10002e-42 5.88545e-44 2.8026e-45 0 0 0 0 0 0 0 0 0 0 0 0 0 0 0 0 0 0 0 0 0 0 0 0 0 0 0 0 0 0 0 0 0 0 0 0 0 0
0 0 0 0 0 0 0 0 0 0 0 0 0 0 0 0 0 0 0 0 0 0 0 0 0 0 0 0 0 0 0 0 0 0 0 0 0 0 7.00649e-45 2.20004e-43 4.50517e-42 7.49863e-41 1.0151e-39 1.11188e-38 9.76888e-38 6.79457e-37 3.671e-36 1.49976e-35 4.4582e-35 9.12214e-35 1.18892e-34 9.12214e-35 4.4582e-35 1.49976e-35 3.671e-36 6.79457e-37 9.76888e-38 1.11188e-38 1.0151e-39 7.49863e-41 4.50517e-42 2.20004e-43 7.00649e-45 0 0 0 0 0 0 0 0 0 0 0 0 0 0 0 0 0 0 0 0 0 0 0 0 0 0 0 0 0 0 0 0 0 0 0 0 0
0 0 0 0 0 0 0 0 0 0 0 0 0 0 0 0 0 0 0 0 0 0 0 0 0 0 0 0 0 0 0 0 0 0 0 0 0 2.52234e-44 7.32879e-43 1.63518e-41 2.99123e-40 4.49266e-39 5.52354e-38 5.5262e-37 4.4575e-36 2.8601e-35 1.43266e-34 5.45852e-34 1.52566e-33 2.97495e-33 3.78974e-33 2.97495e-33 1.52566e-33 5.45852e-34 1.43266e-34 2.8601e-35 4.4575e-36 5.5262e-37 5.52354e-38 4.49266e-39 2.99123e-40 1.63518e-41 7.32879e-43 2.52234e-44 0 0 0 0 0 0 0 0 0 0 0 0 0 0 0 0 0 0 0 0 0 0 0 0 0 0 0 0 0 0 0 0 0 0 0 0
0 0 0 0 0 0 0 0 0 0 0 0 0 0 0 0 0 0 0 0 0 0 0 0 0 0 0 0 0 0 0 0 0 0 0 1.4013e-45 7.42688e-44 2.20004e-42 5.30588e-41 1.05815e-39 1.74621e-38 2.38132e-37 2.67314e-36 2.4538e-35 1.82412e-34 1.08338e-33 5.04687e-33 1.79861e-32 4.7412e-32 8.83904e-32 1.10338e-31 8.83904e-32 4.7412e-32 1.79861e-32 5.04687e-33 1.08338e-33 1.82412e-34 2.4538e-35 2.67314e-36 2.38132e-37 1.74621e-38 1.05815e-39 5.30588e-41 2.20004e-42 7.42688e-44 1.4013e-45 0 0 0 0 0 0 0 0 0 0 0 0 0 0 0 0 0 0 0 0 0 0 0 0 0 0 0 0 0 0 0 0 0 0
0 0 0 0 0 0 0 0 0 0 0 0 0 0 0 0 0 0 0 0 0 0 0 0 0 0 0 0 0 0 0 0 0 0 4.2039e-45 1.90577e-43 5.96393e-42 1.54909e-40 3.34458e-39 6.01567e-38 9.01181e-37 1.12173e-35 1.1548e-34 9.76277e-34 6.71049e-33 3.69985e-32 1.60719e-31 5.37171e-31 1.33921e-30 2.39416e-30 2.93514e-30 2.39416e-30 1.33921e-30 5.37171e-31 1.60719e-31 3.69985e-32 6.71049e-33 9.76277e-34 1.1548e-34 1.12173e-35 9.01181e-37 6.01567e-38 3.34458e-39 1.54909e-40 5.96393e-42 1.90577e-43 4.2039e-45 0 0 0 0 0 0 0 0 0 0 0 0 0 0 0 0 0 0 0 0 0 0 0 0 0 0 0 0 0 0 0 0 0
0 0 0 0 0 0 0 0 0 0 0 0 0 0 0 0 0 0 0 0 0 0 0 0 0 0 0 0 0 0 0 0 0 9.80909e-45 4.38606e-43 1.4701e-41 4.08976e-40 9.50443e-39 1.85059e-37 3.02105e-36 4.1299e-35 4.71283e-34 4.46607e-33 3.48839e-32 2.22319e-31 1.14075e-30 4.63164e-30 1.45527e-29 3.44017e-29 5.91378e-29 7.1339e-29 5.91378e-29 3.44017e-29 1.45527e-29 4.63164e-30 1.14075e-30 2.22319e-31 3.48839e-32 4.46607e-33 4.71283e-34 4.1299e-35 3.02105e-36 1.85059e-37 9.50443e-39 4.08976e-40 1.4701e-41 4.38606e-43 9.80909e-45 0 0 0 0 0 0 0 0 0 0 0 0 0 0 0 0 0 0 0 0 0 0 0 0 0 0 0 0 0 0 0 0
0 0 0 0 0 0 0 0 0 0 0 0 0 0 0 0 0 0 0 0 0 0 0 0 0 0 0 0 0 0 0 0 2.10195e-44 9.29061e-43 3.3065e-41 9.80681e-40 2.44081e-38 5.11492e-37 9.03799e-36 1.34615e-34 1.68665e-33 1.77103e-32 1.54972e-31 1.12136e-30 6.64188e-30 3.17841e-29 1.20868e-28 3.57778e-28 8.03872e-28 1.33214e-27 1.58383e-27 1.33214e-27 8.03872e-28 3.57778e-28 1.20868e-28 3.17841e-29 6.64188e-30 1.12136e-30 1.54972e-31 1.77103e-32 1.68665e-33 1.34615e-34 9.03799e-36 5.11492e-37 2.44081e-38 9.80681e-40 3.3065e-41 9.29061e-43 2.10195e-44 0 0 0 0 0 0 0 0 0 0 0 0 0 0 0 0 0 0 0 0 0 0 0 0 0 0 0 0 0 0 0
0 0 0 0 0 0 0 0 0 0 0 0 0 0 0 0 0 0 0 0 0 0 0 0 0 0 0 0 0 0 0 3.92364e-44 1.80908e-42 6.80372e-41 2.14365e-39 5.68898e-38 1.27669e-36 2.42768e-35 3.9132e-34 5.34086e-33 6.15563e-32 5.96581e-31 4.83295e-30 3.24694e-29 1.79088e-28 8.00724e-28 2.85708e-27 7.98293e-27 1.70857e-26 2.73577e-26 3.2103e-26 2.73577e-26 1.70857e-26 7.98293e-27 2.85708e-27 8.00724e-28 1.79088e-28 3.24694e-29 4.83295e-30 5.96581e-31 6.15563e-32 5.34086e-33 3.9132e-34 2.42768e-35 1.27669e-36 5.68898e-38 2.14365e-39 6.80372e-41 1.80908e-42 3.92364e-44 0 0 0 0 0 0 0 0 0 0 0 0 0 0 0 0 0 0 0 0 0 0 0 0 0 0 0 0 0 0
0 0 0 0 0 0 0 0 0 0 0 0 0 0 0 0 0 0 0 0 0 0 0 0 0 0 0 0 0 1.4013e-45 6.72623e-44 3.2342e-42 1.28463e-40 4.28461e-39 1.20779e-37 2.88995e-36 5.88443e-35 1.02063e-33 1.50727e-32 1.8919e-31 2.0119e-30 1.8043e-29 1.35615e-28 8.47505e-28 4.36009e-27 1.82421e-26 6.11696e-26 1.61615e-25 3.30175e-25 5.11923e-25 5.93601e-25 5.11923e-25 3.30175e-25 1.61615e-25 6.11696e-26 1.82421e-26 4.36009e-27 8.47505e-28 1.35615e-28 1.8043e-29 2.0119e-30 1.8919e-31 1.50727e-32 1.02063e-33 5.88443e-35 2.88995e-36 1.20779e-37 4.28461e-39 1.28463e-40 3.2342e-42 6.72623e-44 1.4013e-45 0 0 0 0 0 0 0 0 0 0 0 0 0 0 0 0 0 0 0 0 0 0 0 0 0 0 0 0
0 0 0 0 0 0 0 0 0 0 0 0 0 0 0 0 0 0 0 0 0 0 0 0 0 0 0 0 1.4013e-45 1.05097e-43 5.33755e-42 2.23039e-40 7.85099e-39 2.34273e-37 5.95382e-36 1.29249e-34 2.40022e-33 3.81364e-32 5.17857e-31 5.99583e-30 5.89791e-29 4.90473e-28 3.42636e-27 1.99478e-26 9.58495e-26 3.75744e-25 1.18568e-24 2.96704e-24 5.79716e-24 8.7204e-24 1.0002e-23 8.7204e-24 5.79716e-24 2.96704e-24 1.18568e-24 3.75744e-25 9.58495e-26 1.99478e-26 3.42636e-27 4.90473e-28 5.89791e-29 5.99583e-30 5.17857e-31 3.81364e-32 2.40022e-33 1.29249e-34 5.95382e-36 2.34273e-37 7.85099e-39 2.23039e-40 5.33755e-42 1.05097e-43 1.4013e-45 0 0 0 0 0 0 0 0 0 0 0 0 0 0 0 0 0 0 0 0 0 0 0 0 0 0 0
0 0 0 0 0 0 0 0 0 0 0 0 0 0 0 0 0 0 0 0 0 0 0 0 0 0 0 2.8026e-45 1.52742e-43 8.12753e-42 3.56761e-40 1.3217e-38 4.16217e-37 1.11967e-35 2.58149e-34 5.11067e-33 8.69323e-32 1.26984e-30 1.59023e-29 1.70258e-28 1.55234e-27 1.1991e-26 7.79651e-26 4.23353e-25 1.90194e-24 6.99319e-24 2.07916e-23 4.93507e-23 9.2384e-23 1.35068e-22 1.5337e-22 1.35068e-22 9.2384e-23 4.93507e-23 2.07916e-23 6.99319e-24 1.90194e-24 4.23353e-25 7.79651e-26 1.1991e-26 1.55234e-27 1.70258e-28 1.59023e-29 1.26984e-30 8.69323e-32 5.11067e-33 2.58149e-34 1.11967e-35 4.16217e-37 1.3217e-38 3.56761e-40 8.12753e-42 1.52742e-43 2.8026e-45 0 0 0 0 0 0 0 0 0 0 0 0 0 0 0 0 0 0 0 0 0 0 0 0 0 0
0 0 0 0 0 0 0 0 0 0 0 0 0 0 0 0 0 0 0 0 0 0 0 0 0 0 2.8026e-45 2.10195e-43 1.145e-41 5.26524e-40 2.0479e-38 6.78732e-37 1.92683e-35 4.70218e-34 9.88618e-33 1.79256e-31 2.80287e-30 3.77516e-29 4.37071e-28 4.33595e-27 3.67032e-26 2.6369e-25 1.59745e-24 8.09754e-24 3.404e-23 1.17491e-22 3.29456e-22 7.42755e-22 1.33442e-21 1.89928e-21 2.1366e-21 1.89928e-21 1.33442e-21 7.42755e-22 3.29456e-22 1.17491e-22 3.404e-23 8.09754e-24 1.59745e-24 2.6369e-25 3.67032e-26 4.33595e-27 4.37071e-28 3.77516e-29 2.80287e-30 1.79256e-31 9.88618e-33 4.70218e-34 1.92683e-35 6.78732e-37 2.0479e-38 5.26524e-40 1.145e-41 2.10195e-43 2.8026e-45 0 0 0 0 0 0 0 0 0 0 0 0 0 0 0 0 0 0 0 0 0 0 0 0 0
0 0 0 0 0 0 0 0 0 0 0 0 0 0 0 0 0 0 0 0 0 0 0 0 0 2.8026e-45 2.60642e-43 1.4935e-41 7.1786e-40 2.92475e-38 1.01766e-36 3.04045e-35 7.82982e-34 1.74234e-32 3.35481e-31 5.59107e-30 8.05992e-29 1.00343e-27 1.07614e-26 9.90778e-26 7.79614e-25 5.2145e-24 2.94549e-23 1.39463e-22 5.48872e-22 1.77949e-21 4.71027e-21 1.0099e-20 1.74402e-20 2.42003e-20 2.69879e-20 2.42003e-20 1.74402e-20 1.0099e-20 4.71027e-21 1.77949e-21 5.48872e-22 1.39463e-22 2.94549e-23 5.2145e-24 7.79614e-25 9.90778e-26 1.07614e-26 1.00343e-27 8.05992e-29 5.59107e-30 3.35481e-31 1.74234e-32 7.82982e-34 3.04045e-35 1.01766e-36 2.92475e-38 7.1786e-40 1.4935e-41 2.60642e-43 2.8026e-45 0 0 0 0 0 0 0 0 0 0 0 0 0 0 0 0 0 0 0 0 0 0 0 0
0 0 0 0 0 0 0 0 0 0 0 0 0 0 0 0 0 0 0 0 0 0 0 0 4.2039e-45 3.0268e-43 1.80459e-41 9.05006e-40 3.85453e-38 1.40488e-36 4.40646e-35 1.1942e-33 2.80413e-32 5.71426e-31 1.01121e-29 1.55356e-28 2.06975e-27 2.38642e-26 2.3745e-25 2.03131e-24 1.48714e-23 9.26618e-23 4.88248e-22 2.15997e-21 7.96084e-21 2.42536e-20 6.06459e-20 1.23799e-19 2.05804e-19 2.78781e-19 3.08354e-19 2.78781e-19 2.05804e-19 1.23799e-19 6.06459e-20 2.42536e-20 7.96084e-21 2.15997e-21 4.88248e-22 9.26618e-23 1.48714e-23 2.03131e-24 2.3745e-25 2.38642e-26 2.06975e-27 1.55356e-28 1.01121e-29 5.71426e-31 2.80413e-32 1.1942e-33 4.40646e-35 1.40488e-36 3.85453e-38 9.05006e-40 1.80459e-41 3.0268e-43 4.2039e-45 0 0 0 0 0 0 0 0 0 0 0 0 0 0 0 0 0 0 0 0 0 0 0
0 0 0 0 0 0 0 0 0 0 0 0 0 0 0 0 0 0 0 0 0 0 0 4.2039e-45 3.25101e-43 2.02109e-41 1.05575e-39 4.69177e-38 1.7876e-36 5.87307e-35 1.67094e-33 4.12895e-32 8.8781e-31 1.66265e-29 2.71208e-28 3.85025e-27 4.74982e-26 5.07976e-25 4.6948e-24 3.73492e-23 2.54545e-22 1.47794e-21 7.26502e-21 3.00298e-20 1.03652e-19 2.96816e-19 7.01528e-19 1.3649e-18 2.18718e-18 2.8956e-18 3.17802e-18 2.8956e-18 2.18718e-18 1.3649e-18 7.01528e-19 2.96816e-19 1.03652e-19 3.00298e-20 7.26502e-21 1.47794e-21 2.54545e-22 3.73492e-23 4.6948e-24 5.07976e-25 4.74982e-26 3.85025e-27 2.71208e-28 1.66265e-29 8.8781e-31 4.12895e-32 1.67094e-33 5.87307e-35 1.7876e-36 4.69177e-38 1.05575e-39 2.02109e-41 3.25101e-43 4.2039e-45 0 0 0 0 0 0 0 0 0 0 0 0 0 0 0 0 0 0 0 0 0 0
0 0 0 0 0 0 0 0 0 0 0 0 0 0 0 0 0 0 0 0 0 0 4.2039e-45 3.25101e-43 2.09886e-41 1.14016e-39 5.27778e-38 2.09815e-36 7.20595e-35 2.14745e-33 5.57056e-32 1.26044e-30 2.49058e-29 4.29903e-28 6.47935e-27 8.5164e-26 9.74313e-25 9.67596e-24 8.31302e-23 6.153e-22 3.90447e-21 2.11241e-20 9.68509e-20 3.7394e-19 1.2085e-18 3.25278e-18 7.27024e-18 1.34947e-17 2.08702e-17 2.70313e-17 2.94495e-17 2.70313e-17 2.08702e-17 1.34947e-17 7.27024e-18 3.25278e-18 1.2085e-18 3.7394e-19 9.68509e-20 2.11241e-20 3.90447e-21 6.153e-22 8.31302e-23 9.67596e-24 9.74313e-25 8.5164e-26 6.47935e-27 4.29903e-28 2.49058e-29 1.26044e-30 5.57056e-32 2.14745e-33 7.20595e-35 2.09815e-36 5.27778e-38 1.14016e-39 2.09886e-41 3.25101e-43 4.2039e-45 0 0 0 0 0 0 0 0 0 0 0 0 0 0 0 0 0 0 0 0 0
0 0 0 0 0 0 0 0 0 0 0 0 0 0 0 0 0 0 0 0 0 2.8026e-45 3.0268e-43 2.02109e-41 1.14016e-39 5.48872e-38 2.27282e-36 8.14458e-35 2.53721e-33 6.89383e-32 1.63746e-30 3.40467e-29 6.20039e-28 9.88813e-27 1.37964e-25 1.68143e-24 1.7859e-23 1.6482e-22 1.31688e-21 9.0696e-21 5.35774e-20 2.6999e-19 1.15392e-18 4.159e-18 1.25786e-17 3.18179e-17 6.72739e-17 1.19232e-16 1.78163e-16 2.25956e-16 2.44436e-16 2.25956e-16 1.78163e-16 1.19232e-16 6.72739e-17 3.18179e-17 1.25786e-17 4.159e-18 1.15392e-18 2.6999e-19 5.35774e-20 9.0696e-21 1.31688e-21 1.6482e-22 1.7859e-23 1.68143e-24 1.37964e-25 9.88813e-27 6.20039e-28 3.40467e-29 1.63746e-30 6.89383e-32 2.53721e-33 8.14458e-35 2.27282e-36 5.48872e-38 1.14016e-39 2.02109e-41 3.0268e-43 2.8026e-45 0 0 0 0 0 0 0 0 0 0 0 0 0 0 0 0 0 0 0 0
0 0 0 0 0 0 0 0 0 0 0 0 0 0 0 0 0 0 0 0 2.8026e-45 2.60642e-43 1.80459e-41 1.05575e-39 5.27778e-38 2.27282e-36 8.4835e-35 2.75746e-33 7.83185e-32 1.94848e-30 4.2528e-29 8.14947e-28 1.37111e-26 2.02407e-25 2.61826e-24 2.96202e-23 2.92293e-22 2.50779e-21 1.86348e-20 1.19389e-19 6.56205e-19 3.07762e-18 1.225e-17 4.11765e-17 1.16454e-16 2.76729e-16 5.53606e-16 9.37573e-16 1.35492e-15 1.68386e-15 1.80925e-15 1.68386e-15 1.35492e-15 9.37573e-16 5.53606e-16 2.76729e-16 1.16454e-16 4.11765e-17 1.225e-17 3.07762e-18 6.56205e-19 1.19389e-19 1.86348e-20 2.50779e-21 2.92293e-22 2.96202e-23 2.61826e-24 2.02407e-25 1.37111e-26 8.14947e-28 4.2528e-29 1.94848e-30 7.83185e-32 2.75746e-33 8.4835e-35 2.27282e-36 5.27778e-38 1.05575e-39 1.80459e-41 2.60642e-43 2.8026e-45 0 0 0 0 0 0 0 0 0 0 0 0 0 0 0 0 0 0 0
0 0 0 0 0 0 0 0 0 0 0 0 0 0 0 0 0 0 0 2.8026e-45 2.10195e-43 1.4935e-41 9.05006e-40 4.69177e-38 2.09815e-36 8.14458e-35 2.75746e-33 8.17166e-32 2.12514e-30 4.85828e-29 9.77235e-28 1.72997e-26 2.69409e-25 3.6869e-24 4.42646e-23 4.6516e-22 4.26616e-21 3.40278e-20 2.3508e-19 1.40013e-18 7.15334e-18 3.11868e-17 1.15451e-16 3.61429e-16 9.54789e-16 2.13015e-15 4.03234e-15 6.52976e-15 9.13362e-15 1.11297e-14 1.18801e-14 1.11297e-14 9.13362e-15 6.52976e-15 4.03234e-15 2.13015e-15 9.54789e-16 3.61429e-16 1.15451e-16 3.11868e-17 7.15334e-18 1.40013e-18 2.3508e-19 3.40278e-20 4.26616e-21 4.6516e-22 4.42646e-23 3.6869e-24 2.69409e-25 1.72997e-26 9.77235e-28 4.85828e-29 2.12514e-30 8.17166e-32 2.75746e-33 8.14458e-35 2.09815e-36 4.69177e-38 9.05006e-40 1.4935e-41 2.10195e-43 2.8026e-45 0 0 0 0 0 0 0 0 0 0 0 0 0 0 0 0 0 0
0 0 0 0 0 0 0 0 0 0 0 0 0 0 0 0 0 0 1.4013e-45 1.52742e-43 1.145e-41 7.1786e-40 3.85453e-38 1.7876e-36 7.20595e-35 2.53721e-33 7.83185e-32 2.12514e-30 5.0784e-29 1.06993e-27 1.98813e-26 3.25758e-25 4.70264e-24 5.97254e-23 6.65986e-22 6.50319e-21 5.5431e-20 4.1087e-19 2.637e-18 1.45848e-17 6.91655e-17 2.79837e-16 9.61697e-16 2.799e-15 6.89654e-15 1.44335e-14 2.58514e-14 4.00474e-14 5.42546e-14 6.48533e-14 6.87842e-14 6.48533e-14 5.42546e-14 4.00474e-14 2.58514e-14 1.44335e-14 6.89654e-15 2.799e-15 9.61697e-16 2.79837e-16 6.91655e-17 1.45848e-17 2.637e-18 4.1087e-19 5.5431e-20 6.50319e-21 6.65986e-22 5.97254e-23 4.70264e-24 3.25758e-25 1.98813e-26 1.06993e-27 5.0784e-29 2.12514e-30 7.83185e-32 2.53721e-33 7.20595e-35 1.7876e-36 3.85453e-38 7.1786e-40 1.145e-41 1.52742e-43 1.4013e-45 0 0 0 0 0 0 0 0 0 0 0 0 0 0 0 0 0
0 0 0 0 0 0 0 0 0 0 0 0 0 0 0 0 0 1.4013e-45 1.05097e-43 8.12753e-42 5.26524e-40 2.92475e-38 1.40488e-36 5.87307e-35 2.14745e-33 6.89383e-32 1.94848e-30 4.85828e-29 1.06993e-27 2.08234e-26 3.58135e-25 5.43945e-24 7.28689e-23 8.59466e-22 8.90403e-21 8.07871e-20 6.397e-19 4.40284e-18 2.62207e-17 1.34457e-16 5.90709e-16 2.21293e-15 7.04315e-15 1.90138e-14 4.36145e-14 8.55314e-14 1.44909e-13 2.1482e-13 2.81998e-13 3.30782e-13 3.48636e-13 3.30782e-13 2.81998e-13 2.1482e-13 1.44909e-13 8.55314e-14 4.36145e-14 1.90138e-14 7.04315e-15 2.21293e-15 5.90709e-16 1.34457e-16 2.62207e-17 4.40284e-18 6.397e-19 8.07871e-20 8.90403e-21 8.59466e-22 7.28689e-23 5.43945e-24 3.58135e-25 2.08234e-26 1.06993e-27 4.85828e-29 1.94848e-30 6.89383e-32 2.14745e-33 5.87307e-35 1.40488e-36 2.92475e-38 5.26524e-40 8.12753e-42 1.05097e-43 1.4013e-45 0 0 0 0 0 0 0 0 0 0 0 0 0 0 0 0
0 0 0 0 0 0 0 0 0 0 0 0 0 0 0 0 0 6.72623e-44 5.33755e-42 3.56761e-40 2.0479e-38 1.01766e-36 4.40646e-35 1.67094e-33 5.57056e-32 1.63746e-30 4.2528e-29 9.77235e-28 1.98813e-26 3.58135e-25 5.70944e-24 8.04693e-23 1.00107e-21 1.09688e-20 1.05571e-19 8.89618e-19 6.53851e-18 4.1734e-17 2.30232e-16 1.09224e-15 4.43396e-15 1.53355e-14 4.5064e-14 1.12513e-13 2.39708e-13 4.39871e-13 7.04615e-13 9.99672e-13 1.27186e-12 1.46425e-12 1.53374e-12 1.46425e-12 1.27186e-12 9.99672e-13 7.04615e-13 4.39871e-13 2.39708e-13 1.12513e-13 4.5064e-14 1.53355e-14 4.43396e-15 1.09224e-15 2.30232e-16 4.1734e-17 6.53851e-18 8.89618e-19 1.05571e-19 1.09688e-20 1.00107e-21 8.04693e-23 5.70944e-24 3.58135e-25 1.98813e-26 9.77235e-28 4.2528e-29 1.63746e-30 5.57056e-32 1.67094e-33 4.40646e-35 1.01766e-36 2.0479e-38 3.56761e-40 5.33755e-42 6.72623e-44 0 0 0 0 0 0 0 0 0 0 0 0 0 0 0 0
0 0 0 0 0 0 0 0 0 0 0 0 0 0 0 0 3.92364e-44 3.2342e-42 2.23039e-40 1.3217e-38 6.78732e-37 3.04045e-35 1.1942e-33 4.12895e-32 1.26044e-30 3.40467e-29 8.14947e-28 1.72997e-26 3.25758e-25 5.43945e-24 8.04693e-23 1.05318e-21 1.2171e-20 1.23883e-19 1.10722e-18 8.65804e-18 5.89888e-17 3.48547e-16 1.77707e-15 7.7776e-15 2.90773e-14 9.25018e-14 2.49987e-13 5.75141e-13 1.13481e-12 1.94516e-12 2.94391e-12 3.99645e-12 4.9278e-12 5.56834e-12 5.79654e-12 5.56834e-12 4.9278e-12 3.99645e-12 2.94391e-12 1.94516e-12 1.13481e-12 5.75141e-13 2.49987e-13 9.25018e-14 2.90773e-14 7.7776e-15 1.77707e-15 3.48547e-16 5.89888e-17 8.65804e-18 1.10722e-18 1.23883e-19 1.2171e-20 1.05318e-21 8.04693e-23 5.43945e-24 3.25758e-25 1.72997e-26 8.14947e-28 3.40467e-29 1.26044e-30 4.12895e-32 1.1942e-33 3.04045e-35 6.78732e-37 1.3217e-38 2.23039e-40 3.2342e-42 3.92364e-44 0 0 0 0 0 0 0 0 0 0 0 0 0 0 0
0 0 0 0 0 0 0 0 0 0 0 0 0 0 0 2.10195e-44 1.80908e-42 1.28463e-40 7.85099e-39 4.16217e-37 1.92683e-35 7.82982e-34 2.80413e-32 8.8781e-31 2.49058e-29 6.20039e-28 1.37111e-26 2.69409e-25 4.70264e-24 7.28689e-23 1.00107e-21 1.2171e-20 1.30655e-19 1.23484e-18 1.02399e-17 7.42063e-17 4.67816e-16 2.55278e-15 1.19929e-14 4.82472e-14 1.6541e-13 4.817e-13 1.19133e-12 2.51417e-12 4.57809e-12 7.31447e-12 1.04482e-11 1.35643e-11 1.62049e-11 1.79701e-11 1.85899e-11 1.79701e-11 1.62049e-11 1.35643e-11 1.04482e-11 7.31447e-12 4.57809e-12 2.51417e-12 1.19133e-12 4.817e-13 1.6541e-13 4.82472e-14 1.19929e-14 2.55278e-15 4.67816e-16 7.42063e-17 1.02399e-17 1.23484e-18 1.30655e-19 1.2171e-20 1.00107e-21 7.28689e-23 4.70264e-24 2.69409e-25 1.37111e-26 6.20039e-28 2.49058e-29 8.8781e-31 2.80413e-32 7.82982e-34 1.92683e-35 4.16217e-37 7.85099e-39 1.28463e-40 1.80908e-42 2.10195e-44 0 0 0 0 0 0 0 0 0 0 0 0 0 0
0 0 0 0 0 0 0 0 0 0 0 0 0 0 9.80909e-45 9.29061e-43 6.80372e-41 4.28461e-39 2.34273e-37 1.11967e-35 4.70218e-34 1.74234e-32 5.71426e-31 1.66265e-29 4.29903e-28 9.88813e-27 2.02407e-25 3.6869e-24 5.97254e-23 8.59466e-22 1.09688e-20 1.23883e-19 1.23484e-18 1.08278e-17 8.32002e-17 5.57749e-16 3.24572e-15 1.63064e-14 7.03187e-14 2.58824e-13 8.09292e-13 2.14434e-12 4.82305e-12 9.28395e-12 1.55357e-11 2.30777e-11 3.10683e-11 3.85364e-11 4.458e-11 4.84992e-11 4.98541e-11 4.84992e-11 4.458e-11 3.85364e-11 3.10683e-11 2.30777e-11 1.55357e-11 9.28395e-12 4.82305e-12 2.14434e-12 8.09292e-13 2.58824e-13 7.03187e-14 1.63064e-14 3.24572e-15 5.57749e-16 8.32002e-17 1.08278e-17 1.23484e-18 1.23883e-19 1.09688e-20 8.59466e-22 5.97254e-23 3.6869e-24 2.02407e-25 9.88813e-27 4.29903e-28 1.66265e-29 5.71426e-31 1.74234e-32 4.70218e-34 1.11967e-35 2.34273e-37 4.28461e-39 6.80372e-41 9.29061e-43 9.80909e-45 0 0 0 0 0 0 0 0 0 0 0 0 0
0 0 0 0 0 0 0 0 0 0 0 0 0 4.2039e-45 4.38606e-43 3.3065e-41 2.14365e-39 1.20779e-37 5.95382e-36 2.58149e-34 9.88618e-33 3.35481e-31 1.01121e-29 2.71208e-28 6.47935e-27 1.37964e-25 2.61826e-24 4.42646e-23 6.65986e-22 8.90403e-21 1.05571e-19 1.10722e-18 1.02399e-17 8.32002e-17 5.91344e-16 3.6584e-15 1.95911e-14 9.02636e-14 3.55559e-13 1.1903e-12 3.37079e-12 8.06324e-12 1.6363e-11 2.85306e-11 4.36603e-11 6.01252e-11 7.61478e-11 9.01307e-11 1.00889e-10 1.0763e-10 1.09923e-10 1.0763e-10 1.00889e-10 9.01307e-11 7.61478e-11 6.01252e-11 4.36603e-11 2.85306e-11 1.6363e-11 8.06324e-12 3.37079e-12 1.1903e-12 3.55559e-13 9.02636e-14 1.95911e-14 3.6584e-15 5.91344e-16 8.32002e-17 1.02399e-17 1.10722e-18 1.05571e-19 8.90403e-21 6.65986e-22 4.42646e-23 2.61826e-24 1.37964e-25 6.47935e-27 2.71208e-28 1.01121e-29 3.35481e-31 9.88618e-33 2.58149e-34 5.95382e-36 1.20779e-37 2.14365e-39 3.3065e-41 4.38606e-43 4.2039e-45 0 0 0 0 0 0 0 0 0 0 0 0
0 0 0 0 0 0 0 0 0 0 0 0 1.4013e-45 1.90577e-43 1.4701e-41 9.80681e-40 5.68898e-38 2.88995e-36 1.29249e-34 5.11067e-33 1.79256e-31 5.59107e-30 1.55356e-28 3.85025e-27 8.5164e-26 1.68143e-24 2.96202e-23 4.6516e-22 6.50319e-21 8.07871e-20 8.89618e-19 8.65804e-18 7.42063e-17 5.57749e-16 3.6584e-15 2.08242e-14 1.02223e-13 4.29805e-13 1.53703e-12 4.64462e-12 1.1806e-11 2.52416e-11 4.57578e-11 7.16778e-11 9.97878e-11 1.27038e-10 1.5109e-10 1.70488e-10 1.84574e-10 1.93044e-10 1.95881e-10 1.93044e-10 1.84574e-10 1.70488e-10 1.5109e-10 1.27038e-10 9.97878e-11 7.16778e-11 4.57578e-11 2.52416e-11 1.1806e-11 4.64462e-12 1.53703e-12 4.29805e-13 1.02223e-13 2.08242e-14 3.6584e-15 5.57749e-16 7.42063e-17 8.65804e-18 8.89618e-19 8.07871e-20 6.50319e-21 4.6516e-22 2.96202e-23 1.68143e-24 8.5164e-26 3.85025e-27 1.55356e-28 5.59107e-30 1.79256e-31 5.11067e-33 1.29249e-34 2.88995e-36 5.68898e-38 9.80681e-40 1.4701e-41 1.90577e-43 1.4013e-45 0 0 0 0 0 0 0 0 0 0 0
0 0 0 0 0 0 0 0 0 0 0 0 7.42688e-44 5.96393e-42 4.08976e-40 2.44081e-38 1.27669e-36 5.88443e-35 2.40022e-33 8.69323e-32 2.80287e-30 8.05992e-29 2.06975e-27 4.74982e-26 9.74313e-25 1.7859e-23 2.92293e-22 4.26616e-21 5.5431e-20 6.397e-19 6.53851e-18 5.89888e-17 4.67816e-16 3.24572e-15 1.95911e-14 1.02223e-13 4.57785e-13 1.74581e-12 5.62408e-12 1.51934e-11 3.42663e-11 6.46496e-11 1.03431e-10 1.44309e-10 1.8206e-10 2.14033e-10 2.39088e-10 2.57549e-10 2.70057e-10 2.77239e-10 2.79608e-10 2.77239e-10 2.70057e-10 2.57549e-10 2.39088e-10 2.14033e-10 1.8206e-10 1.44309e-10 1.03431e-10 6.46496e-11 3.42663e-11 1.51934e-11 5.62408e-12 1.74581e-12 4.57785e-13 1.02223e-13 1.95911e-14 3.24572e-15 4.67816e-16 5.89888e-17 6.53851e-18 6.397e-19 5.5431e-20 4.26616e-21 2.92293e-22 1.7859e-23 9.74313e-25 4.74982e-26 2.06975e-27 8.05992e-29 2.80287e-30 8.69323e-32 2.40022e-33 5.88443e-35 1.27669e-36 2.44081e-38 4.08976e-40 5.96393e-42 7.42688e-44 0 0 0 0 0 0 0 0 0 0 0
0 0 0 0 0 0 0 0 0 0 0 2.52234e-44 2.20004e-42 1.54909e-40 9.50443e-39 5.11492e-37 2.42768e-35 1.02063e-33 3.81364e-32 1.26984e-30 3.77516e-29 1.00343e-27 2.38642e-26 5.07976e-25 9.67596e-24 1.6482e-22 2.50779e-21 3.40278e-20 4.1087e-19 4.40284e-18 4.1734e-17 3.48547e-16 2.55278e-15 1.63064e-14 9.02636e-14 4.29805e-13 1.74581e-12 5.99351e-12 1.72259e-11 4.10983e-11 8.10446e-11 1.32831e-10 1.85162e-10 2.28936e-10 2.62476e-10 2.86718e-10 3.03395e-10 3.15008e-10 3.2241e-10 3.2676e-10 3.28086e-10 3.2676e-10 3.2241e-10 3.15008e-10 3.03395e-10 2.86718e-10 2.62476e-10 2.28936e-10 1.85162e-10 1.32831e-10 8.10446e-11 4.10983e-11 1.72259e-11 5.99351e-12 1.74581e-12 4.29805e-13 9.02636e-14 1.63064e-14 2.55278e-15 3.48547e-16 4.1734e-17 4.40284e-18 4.1087e-19 3.40278e-20 2.50779e-21 1.6482e-22 9.67596e-24 5.07976e-25 2.38642e-26 1.00343e-27 3.77516e-29 1.26984e-30 3.81364e-32 1.02063e-33 2.42768e-35 5.11492e-37 9.50443e-39 1.54909e-40 2.20004e-42 2.52234e-44 0 0 0 0 0 0 0 0 0 0
0 0 0 0 0 0 0 0 0 0 7.00649e-45 7.32879e-43 5.30588e-41 3.34458e-39 1.85059e-37 9.03799e-36 3.9132e-34 1.50727e-32 5.17857e-31 1.59023e-29 4.37071e-28 1.07614e-26 2.3745e-25 4.6948e-24 8.31302e-23 1.31688e-21 1.86348e-20 2.3508e-19 2.637e-18 2.62207e-17 2.30232e-16 1.77707e-15 1.19929e-14 7.03187e-14 3.55559e-13 1.53703e-12 5.62408e-12 1.72259e-11 4.36543e-11 9.06155e-11 1.53519e-10 2.15042e-10 2.59601e-10 2.87893e-10 3.07254e-10 3.20422e-10 3.31031e-10 3.39944e-10 3.46444e-10 3.51031e-10 3.52234e-10 3.51031e-10 3.46444e-10 3.39944e-10 3.31031e-10 3.20422e-10 3.07254e-10 2.87893e-10 2.59601e-10 2.15042e-10 1.53519e-10 9.06155e-11 4.36543e-11 1.72259e-11 5.62408e-12 1.53703e-12 3.55559e-13 7.03187e-14 1.19929e-14 1.77707e-15 2.30232e-16 2.62207e-17 2.637e-18 2.3508e-19 1.86348e-20 1.31688e-21 8.31302e-23 4.6948e-24 2.3745e-25 1.07614e-26 4.37071e-28 1.59023e-29 5.17857e-31 1.50727e-32 3.9132e-34 9.03799e-36 1.85059e-37 3.34458e-39 5.30588e-41 7.32879e-43 7.00649e-45 0 0 0 0 0 0 0 0 0
0 0 0 0 0 0 0 0 0 2.8026e-45 2.20004e-43 1.63518e-41 1.05815e-39 6.01567e-38 3.02105e-36 1.34615e-34 5.34086e-33 1.8919e-31 5.99583e-30 1.70258e-28 4.33595e-27 9.90778e-26 2.03131e-24 3.73492e-23 6.153e-22 9.0696e-21 1.19389e-19 1.40013e-18 1.45848e-17 1.34457e-16 1.09224e-15 7.7776e-15 4.82472e-14 2.58824e-13 1.1903e-12 4.64462e-12 1.51934e-11 4.10983e-11 9.06155e-11 1.6095e-10 2.30356e-10 2.74274e-10 2.94439e-10 3.10627e-10 3.27535e-10 3.43783e-10 3.61963e-10 3.76659e-10 3.88929e-10 3.96237e-10 3.98888e-10 3.96237e-10 3.88929e-10 3.76659e-10 3.61963e-10 3.43783e-10 3.27535e-10 3.10627e-10 2.94439e-10 2.74274e-10 2.30356e-10 1.6095e-10 9.06155e-11 4.10983e-11 1.51934e-11 4.64462e-12 1.1903e-12 2.58824e-13 4.82472e-14 7.7776e-15 1.09224e-15 1.34457e-16 1.45848e-17 1.40013e-18 1.19389e-19 9.0696e-21 6.153e-22 3.73492e-23 2.03131e-24 9.90778e-26 4.33595e-27 1.70258e-28 5.99583e-30 1.8919e-31 5.34086e-33 1.34615e-34 3.02105e-36 6.01567e-38 1.05815e-39 1.63518e-41 2.20004e-43 2.8026e-45 0 0 0 0 0 0 0 0
0 0 0 0 0 0 0 0 0 5.88545e-44 4.50517e-42 2.99123e-40 1.74621e-38 9.01181e-37 4.1299e-35 1.68665e-33 6.15563e-32 2.0119e-30 5.89791e-29 1.55234e-27 3.67032e-26 7.79614e-25 1.48714e-23 2.54545e-22 3.90447e-21 5.35774e-20 6.56205e-19 7.15334e-18 6.91655e-17 5.90709e-16 4.43396e-15 2.90773e-14 1.6541e-13 8.09292e-13 3.37079e-12 1.1806e-11 3.42663e-11 8.10446e-11 1.53519e-10 2.30356e-10 2.78175e-10 2.93365e-10 3.09587e-10 3.39901e-10 3.6804e-10 3.96164e-10 4.21442e-10 4.3882e-10 4.5412e-10 4.60576e-10 4.6494e-10 4.60576e-10 4.5412e-10 4.3882e-10 4.21442e-10 3.96164e-10 3.6804e-10 3.39901e-10 3.09587e-10 2.93365e-10 2.78175e-10 2.30356e-10 1.53519e-10 8.10446e-11 3.42663e-11 1.1806e-11 3.37079e-12 8.09292e-13 1.6541e-13 2.90773e-14 4.43396e-15 5.90709e-16 6.91655e-17 7.15334e-18 6.56205e-19 5.35774e-20 3.90447e-21 2.54545e-22 1.48714e-23 7.79614e-25 3.67032e-26 1.55234e-27 5.89791e-29 2.0119e-30 6.15563e-32 1.68665e-33 4.1299e-35 9.01181e-37 1.74621e-38 2.99123e-40 4.50517e-42 5.88545e-44 0 0 0 0 0 0 0 0
0 0 0 0 0 0 0 0 1.4013e-44 1.10002e-42 7.49863e-41 4.49266e-39 2.38132e-37 1.12173e-35 4.71283e-34 1.77103e-32 5.96581e-31 1.8043e-29 4.90473e-28 1.1991e-26 2.6369e-25 5.2145e-24 9.26618e-23 1.47794e-21 2.11241e-20 2.6999e-19 3.07762e-18 3.11868e-17 2.79837e-16 2.21293e-15 1.53355e-14 9.25018e-14 4.817e-13 2.14434e-12 8.06324e-12 2.52416e-11 6.46496e-11 1.32831e-10 2.15042e-10 2.74274e-10 2.93365e-10 3.09176e-10 3.52608e-10 3.94132e-10 4.21308e-10 4.50586e-10 4.68602e-10 4.85587e-10 4.97708e-10 5.04434e-10 5.08038e-10 5.04434e-10 4.97708e-10 4.85587e-10 4.68602e-10 4.50586e-10 4.21308e-10 3.94132e-10 3.52608e-10 3.09176e-10 2.93365e-10 2.74274e-10 2.15042e-10 1.32831e-10 6.46496e-11 2.52416e-11 8.06324e-12 2.14434e-12 4.817e-13 9.25018e-14 1.53355e-14 2.21293e-15 2.79837e-16 3.11868e-17 3.07762e-18 2.6999e-19 2.11241e-20 1.47794e-21 9.26618e-23 5.2145e-24 2.6369e-25 1.1991e-26 4.90473e-28 1.8043e-29 5.96581e-31 1.77103e-32 4.71283e-34 1.12173e-35 2.38132e-37 4.49266e-39 7.49863e-41 1.10002e-42 1.4013e-44 0 0 0 0 0 0 0
0 0 0 0 0 0 0 2.8026e-45 2.36819e-43 1.65129e-41 1.0151e-39 5.52354e-38 2.67314e-36 1.1548e-34 4.46607e-33 1.54972e-31 4.83295e-30 1.35615e-28 3.42636e-27 7.79651e-26 1.59745e-24 2.94549e-23 4.88248e-22 7.26502e-21 9.68509e-20 1.15392e-18 1.225e-17 1.15451e-16 9.61697e-16 7.04315e-15 4.5064e-14 2.49987e-13 1.19133e-12 4.82305e-12 1.6363e-11 4.57578e-11 1.03431e-10 1.85162e-10 2.59601e-10 2.94439e-10 3.09587e-10 3.52608e-10 4.05162e-10 4.28229e-10 4.52721e-10 4.81295e-10 5.00195e-10 5.26137e-10 5.38929e-10 5.5355e-10 5.5391e-10 5.5355e-10 5.38929e-10 5.26137e-10 5.00195e-10 4.81295e-10 4.52721e-10 4.28229e-10 4.05162e-10 3.52608e-10 3.09587e-10 2.94439e-10 2.59601e-10 1.85162e-10 1.03431e-10 4.57578e-11 1.6363e-11 4.82305e-12 1.19133e-12 2.49987e-13 4.5064e-14 7.04315e-15 9.61697e-16 1.15451e-16 1.225e-17 1.15392e-18 9.68509e-20 7.26502e-21 4.88248e-22 2.94549e-23 1.59745e-24 7.79651e-26 3.42636e-27 1.35615e-28 4.83295e-30 1.54972e-31 4.46607e-33 1.1548e-34 2.67314e-36 5.52354e-38 1.0151e-39 1.65129e-41 2.36819e-43 2.8026e-45 0 0 0 0 0 0
0 0 0 0 0 0 0 4.34403e-44 3.15713e-42 1.9912e-40 1.11188e-38 5.5262e-37 2.4538e-35 9.76277e-34 3.48839e-32 1.12136e-30 3.24694e-29 8.47505e-28 1.99478e-26 4.23353e-25 8.09754e-24 1.39463e-22 2.15997e-21 3.00298e-20 3.7394e-19 4.159e-18 4.11765e-17 3.61429e-16 2.799e-15 1.90138e-14 1.12513e-13 5.75141e-13 2.51417e-12 9.28395e-12 2.85306e-11 7.16778e-11 1.44309e-10 2.28936e-10 2.87893e-10 3.10627e-10 3.39901e-10 3.94132e-10 4.28229e-10 4.48485e-10 4.92062e-10 5.26544e-10 5.58287e-10 5.88879e-10 6.07358e-10 6.24283e-10 6.257e-10 6.24283e-10 6.07358e-10 5.88879e-10 5.58287e-10 5.26544e-10 4.92062e-10 4.48485e-10 4.28229e-10 3.94132e-10 3.39901e-10 3.10627e-10 2.87893e-10 2.28936e-10 1.44309e-10 7.16778e-11 2.85306e-11 9.28395e-12 2.51417e-12 5.75141e-13 1.12513e-13 1.90138e-14 2.799e-15 3.61429e-16 4.11765e-17 4.159e-18 3.7394e-19 3.00298e-20 2.15997e-21 1.39463e-22 8.09754e-24 4.23353e-25 1.99478e-26 8.47505e-28 3.24694e-29 1.12136e-30 3.48839e-32 9.76277e-34 2.4538e-35 5.5262e-37 1.11188e-38 1.9912e-40 3.15713e-42 4.34403e-44 0 0 0 0 0 0
0 0 0 0 0 0 5.60519e-45 5.14277e-43 3.34126e-41 1.9143e-39 9.76888e-38 4.4575e-36 1.82412e-34 6.71049e-33 2.22319e-31 6.64188e-30 1.79088e-28 4.36009e-27 9.58495e-26 1.90194e-24 3.404e-23 5.48872e-22 7.96084e-21 1.03652e-19 1.2085e-18 1.25786e-17 1.16454e-16 9.54789e-16 6.89654e-15 4.36145e-14 2.39708e-13 1.13481e-12 4.57809e-12 1.55357e-11 4.36603e-11 9.97878e-11 1.8206e-10 2.62476e-10 3.07254e-10 3.27535e-10 3.6804e-10 4.21308e-10 4.52721e-10 4.92062e-10 5.43789e-10 5.74009e-10 6.09282e-10 6.40636e-10 6.62842e-10 6.81938e-10 6.85305e-10 6.81938e-10 6.62842e-10 6.40636e-10 6.09282e-10 5.74009e-10 5.43789e-10 4.92062e-10 4.52721e-10 4.21308e-10 3.6804e-10 3.27535e-10 3.07254e-10 2.62476e-10 1.8206e-10 9.97878e-11 4.36603e-11 1.55357e-11 4.57809e-12 1.13481e-12 2.39708e-13 4.36145e-14 6.89654e-15 9.54789e-16 1.16454e-16 1.25786e-17 1.2085e-18 1.03652e-19 7.96084e-21 5.48872e-22 3.404e-23 1.90194e-24 9.58495e-26 4.36009e-27 1.79088e-28 6.64188e-30 2.22319e-31 6.71049e-33 1.82412e-34 4.4575e-36 9.76888e-38 1.9143e-39 3.34126e-41 5.14277e-43 5.60519e-45 0 0 0 0 0
0 0 0 0 0 0 6.86636e-44 4.70136e-42 2.76553e-40 1.44901e-38 6.79457e-37 2.8601e-35 1.08338e-33 3.69985e-32 1.14075e-30 3.17841e-29 8.00724e-28 1.82421e-26 3.75744e-25 6.99319e-24 1.17491e-22 1.77949e-21 2.42536e-20 2.96816e-19 3.25278e-18 3.18179e-17 2.76729e-16 2.13015e-15 1.44335e-14 8.55314e-14 4.39871e-13 1.94516e-12 7.31447e-12 2.30777e-11 6.01252e-11 1.27038e-10 2.14033e-10 2.86718e-10 3.20422e-10 3.43783e-10 3.96164e-10 4.50586e-10 4.81295e-10 5.26544e-10 5.74009e-10 6.05135e-10 6.58227e-10 6.95999e-10 7.31263e-10 7.59062e-10 7.63995e-10 7.59062e-10 7.31263e-10 6.95999e-10 6.58227e-10 6.05135e-10 5.74009e-10 5.26544e-10 4.81295e-10 4.50586e-10 3.96164e-10 3.43783e-10 3.20422e-10 2.86718e-10 2.14033e-10 1.27038e-10 6.01252e-11 2.30777e-11 7.31447e-12 1.94516e-12 4.39871e-13 8.55314e-14 1.44335e-14 2.13015e-15 2.76729e-16 3.18179e-17 3.25278e-18 2.96816e-19 2.42536e-20 1.77949e-21 1.17491e-22 6.99319e-24 3.75744e-25 1.82421e-26 8.00724e-28 3.17841e-29 1.14075e-30 3.69985e-32 1.08338e-33 2.8601e-35 6.79457e-37 1.44901e-38 2.76553e-40 4.70136e-42 6.86636e-44 0 0 0 0 0
0 0 0 0 0 5.60519e-45 5.36697e-43 3.26615e-41 1.75787e-39 8.47412e-38 3.671e-36 1.43266e-34 5.04687e-33 1.60719e-31 4.63164e-30 1.20868e-28 2.85708e-27 6.11696e-26 1.18568e-24 2.07916e-23 3.29456e-22 4.71027e-21 6.06459e-20 7.01528e-19 7.27024e-18 6.72739e-17 5.53606e-16 4.03234e-15 2.58514e-14 1.44909e-13 7.04615e-13 2.94391e-12 1.04482e-11 3.10683e-11 7.61478e-11 1.5109e-10 2.39088e-10 3.03395e-10 3.31031e-10 3.61963e-10 4.21442e-10 4.68602e-10 5.00195e-10 5.58287e-10 6.09282e-10 6.58227e-10 7.22862e-10 7.62362e-10 8.205e-10 8.45601e-10 8.68146e-10 8.45601e-10 8.205e-10 7.62362e-10 7.22862e-10 6.58227e-10 6.09282e-10 5.58287e-10 5.00195e-10 4.68602e-10 4.21442e-10 3.61963e-10 3.31031e-10 3.03395e-10 2.39088e-10 1.5109e-10 7.61478e-11 3.10683e-11 1.04482e-11 2.94391e-12 7.04615e-13 1.44909e-13 2.58514e-14 4.03234e-15 5.53606e-16 6.72739e-17 7.27024e-18 7.01528e-19 6.06459e-20 4.71027e-21 3.29456e-22 2.07916e-23 1.18568e-24 6.11696e-26 2.85708e-27 1.20868e-28 4.63164e-30 1.60719e-31 5.04687e-33 1.43266e-34 3.671e-36 8.47412e-38 1.75787e-39 3.26615e-41 5.36697e-43 5.60519e-45 0 0 0 0
0 0 0 0 0 4.76441e-44 3.03381e-42 1.68175e-40 8.34403e-39 3.72465e-37 1.49976e-35 5.45852e-34 1.79861e-32 5.37171e-31 1.45527e-29 3.57778e-28 7.98293e-27 1.61615e-25 2.96704e-24 4.93507e-23 7.42755e-22 1.0099e-20 1.23799e-19 1.3649e-18 1.34947e-17 1.19232e-16 9.37573e-16 6.52976e-15 4.00474e-14 2.1482e-13 9.99672e-13 3.99645e-12 1.35643e-11 3.85364e-11 9.01307e-11 1.70488e-10 2.57549e-10 3.15008e-10 3.39944e-10 3.76659e-10 4.3882e-10 4.85587e-10 5.26137e-10 5.88879e-10 6.40636e-10 6.95999e-10 7.62362e-10 8.26183e-10 8.97741e-10 9.49647e-10 9.80451e-10 9.49647e-10 8.97741e-10 8.26183e-10 7.62362e-10 6.95999e-10 6.40636e-10 5.88879e-10 5.26137e-10 4.85587e-10 4.3882e-10 3.76659e-10 3.39944e-10 3.15008e-10 2.57549e-10 1.70488e-10 9.01307e-11 3.85364e-11 1.35643e-11 3.99645e-12 9.99672e-13 2.1482e-13 4.00474e-14 6.52976e-15 9.37573e-16 1.19232e-16 1.34947e-17 1.3649e-18 1.23799e-19 1.0099e-20 7.42755e-22 4.93507e-23 2.96704e-24 1.61615e-25 7.98293e-27 3.57778e-28 1.45527e-29 5.37171e-31 1.79861e-32 5.45852e-34 1.49976e-35 3.72465e-37 8.34403e-39 1.68175e-40 3.03381e-42 4.76441e-44 0 0 0 0
0 0 0 0 2.8026e-45 2.08793e-43 1.20007e-41 6.14591e-40 2.83505e-38 1.18151e-36 4.4582e-35 1.52566e-33 4.7412e-32 1.33921e-30 3.44017e-29 8.03872e-28 1.70857e-26 3.30175e-25 5.79716e-24 9.2384e-23 1.33442e-21 1.74402e-20 2.05804e-19 2.18718e-18 2.08702e-17 1.78163e-16 1.35492e-15 9.13362e-15 5.42546e-14 2.81998e-13 1.27186e-12 4.9278e-12 1.62049e-11 4.458e-11 1.00889e-10 1.84574e-10 2.70057e-10 3.2241e-10 3.46444e-10 3.88929e-10 4.5412e-10 4.97708e-10 5.38929e-10 6.07358e-10 6.62842e-10 7.31263e-10 8.205e-10 8.97741e-10 1.0057e-09 1.09373e-09 1.16033e-09 1.09373e-09 1.0057e-09 8.97741e-10 8.205e-10 7.31263e-10 6.62842e-10 6.07358e-10 5.38929e-10 4.97708e-10 4.5412e-10 3.88929e-10 3.46444e-10 3.2241e-10 2.70057e-10 1.84574e-10 1.00889e-10 4.458e-11 1.62049e-11 4.9278e-12 1.27186e-12 2.81998e-13 5.42546e-14 9.13362e-15 1.35492e-15 1.78163e-16 2.08702e-17 2.18718e-18 2.05804e-19 1.74402e-20 1.33442e-21 9.2384e-23 5.79716e-24 3.30175e-25 1.70857e-26 8.03872e-28 3.44017e-29 1.33921e-30 4.7412e-32 1.52566e-33 4.4582e-35 1.18151e-36 2.83505e-38 6.14591e-40 1.20007e-41 2.08793e-43 2.8026e-45 0 0 0
0 0 0 0 9.80909e-45 5.80138e-43 3.09631e-41 1.48624e-39 6.45773e-38 2.54581e-36 9.12214e-35 2.97495e-33 8.83904e-32 2.39416e-30 5.91378e-29 1.33214e-27 2.73577e-26 5.11923e-25 8.7204e-24 1.35068e-22 1.89928e-21 2.42003e-20 2.78781e-19 2.8956e-18 2.70313e-17 2.25956e-16 1.68386e-15 1.11297e-14 6.48533e-14 3.30782e-13 1.46425e-12 5.56834e-12 1.79701e-11 4.84992e-11 1.0763e-10 1.93044e-10 2.77239e-10 3.2676e-10 3.51031e-10 3.96237e-10 4.60576e-10 5.04434e-10 5.5355e-10 6.24283e-10 6.81938e-10 7.59062e-10 8.45601e-10 9.49647e-10 1.09373e-09 1.25892e-09 1.44139e-09 1.25892e-09 1.09373e-09 9.49647e-10 8.45601e-10 7.59062e-10 6.81938e-10 6.24283e-10 5.5355e-10 5.04434e-10 4.60576e-10 3.96237e-10 3.51031e-10 3.2676e-10 2.77239e-10 1.93044e-10 1.0763e-10 4.84992e-11 1.79701e-11 5.56834e-12 1.46425e-12 3.30782e-13 6.48533e-14 1.11297e-14 1.68386e-15 2.25956e-16 2.70313e-17 2.8956e-18 2.78781e-19 2.42003e-20 1.89928e-21 1.35068e-22 8.7204e-24 5.11923e-25 2.73577e-26 1.33214e-27 5.91378e-29 2.39416e-30 8.83904e-32 2.97495e-33 9.12214e-35 2.54581e-36 6.45773e-38 1.48624e-39 3.09631e-41 5.80138e-43 9.80909e-45 0 0 0
0 0 0 0 1.4013e-44 8.96831e-43 4.57692e-41 2.11567e-39 8.89297e-38 3.40485e-36 1.18892e-34 3.78974e-33 1.10338e-31 2.93514e-30 7.1339e-29 1.58383e-27 3.2103e-26 5.93601e-25 1.0002e-23 1.5337e-22 2.1366e-21 2.69879e-20 3.08354e-19 3.17802e-18 2.94495e-17 2.44436e-16 1.80925e-15 1.18801e-14 6.87842e-14 3.48636e-13 1.53374e-12 5.79654e-12 1.85899e-11 4.98541e-11 1.09923e-10 1.95881e-10 2.79608e-10 3.28086e-10 3.52234e-10 3.98888e-10 4.6494e-10 5.08038e-10 5.5391e-10 6.257e-10 6.85305e-10 7.63995e-10 8.68146e-10 9.80451e-10 1.16033e-09 1.44139e-09 1.65859e-09 1.44139e-09 1.16033e-09 9.80451e-10 8.68146e-10 7.63995e-10 6.85305e-10 6.257e-10 5.5391e-10 5.08038e-10 4.6494e-10 3.98888e-10 3.52234e-10 3.28086e-10 2.79608e-10 1.95881e-10 1.09923e-10 4.98541e-11 1.85899e-11 5.79654e-12 1.53374e-12 3.48636e-13 6.87842e-14 1.18801e-14 1.80925e-15 2.44436e-16 2.94495e-17 3.17802e-18 3.08354e-19 2.69879e-20 2.1366e-21 1.5337e-22 1.0002e-23 5.93601e-25 3.2103e-26 1.58383e-27 7.1339e-29 2.93514e-30 1.10338e-31 3.78974e-33 1.18892e-34 3.40485e-36 8.89297e-38 2.11567e-39 4.57692e-41 8.96831e-43 1.4013e-44 0 0 0
0 0 0 0 9.80909e-45 5.80138e-43 3.09631e-41 1.48624e-39 6.45773e-38 2.54581e-36 9.12214e-35 2.97495e-33 8.83904e-32 2.39416e-30 5.91378e-29 1.33214e-27 2.73577e-26 5.11923e-25 8.7204e-24 1.35068e-22 1.89928e-21 2.42003e-20 2.78781e-19 2.8956e-18 2.70313e-17 2.25956e-16 1.68386e-15 1.11297e-14 6.48533e-14 3.30782e-13 1.46425e-12 5.56834e-12 1.79701e-11 4.84992e-11 1.0763e-10 1.93044e-10 2.77239e-10 3.2676e-10 3.51031e-10 3.96237e-10 4.60576e-10 5.04434e-10 5.5355e-10 6.24283e-10 6.81938e-10 7.59062e-10 8.45601e-10 9.49647e-10 1.09373e-09 1.25892e-09 1.44139e-09 1.25892e-09 1.09373e-09 9.49647e-10 8.45601e-10 7.59062e-10 6.81938e-10 6.24283e-10 5.5355e-10 5.04434e-10 4.60576e-10 3.96237e-10 3.51031e-10 3.2676e-10 2.77239e-10 1.93044e-10 1.0763e-10 4.84992e-11 1.79701e-11 5.56834e-12 1.46425e-12 3.30782e-13 6.48533e-14 1.11297e-14 1.68386e-15 2.25956e-16 2.70313e-17 2.8956e-18 2.78781e-19 2.42003e-20 1.89928e-21 1.35068e-22 8.7204e-24 5.11923e-25 2.73577e-26 1.33214e-27 5.91378e-29 2.39416e-30 8.83904e-32 2.97495e-33 9.12214e-35 2.54581e-36 6.45773e-38 1.48624e-39 3.09631e-41 5.80138e-43 9.80909e-45 0 0 0
0 0 0 0 2.8026e-45 2.08793e-43 1.20007e-41 6.14591e-40 2.83505e-38 1.18151e-36 4.4582e-35 1.52566e-33 4.7412e-32 1.33921e-30 3.44017e-29 8.03872e-28 1.70857e-26 3.30175e-25 5.79716e-24 9.2384e-23 1.33442e-21 1.74402e-20 2.05804e-19 2.18718e-18 2.08702e-17 1.78163e-16 1.35492e-15 9.13362e-15 5.42546e-14 2.81998e-13 1.27186e-12 4.9278e-12 1.62049e-11 4.458e-11 1.00889e-10 1.84574e-10 2.70057e-10 3.2241e-10 3.46444e-10 3.88929e-10 4.5412e-10 4.97708e-10 5.38929e-10 6.07358e-10 6.62842e-10 7.31263e-10 8.205e-10 8.97741e-10 1.0057e-09 1.09373e-09 1.16033e-09 1.09373e-09 1.0057e-09 8.97741e-10 8.205e-10 7.31263e-10 6.62842e-10 6.07358e-10 5.38929e-10 4.97708e-10 4.5412e-10 3.88929e-10 3.46444e-10 3.2241e-10 2.70057e-10 1.84574e-10 1.00889e-10 4.458e-11 1.62049e-11 4.9278e-12 1.27186e-12 2.81998e-13 5.42546e-14 9.13362e-15 1.35492e-15 1.78163e-16 2.08702e-17 2.18718e-18 2.05804e-19 1.74402e-20 1.33442e-21 9.2384e-23 5.79716e-24 3.30175e-25 1.70857e-26 8.03872e-28 3.44017e-29 1.33921e-30 4.7412e-32 1.52566e-33 4.4582e-35 1.18151e-36 2.83505e-38 6.14591e-40 1.20007e-41 2.08793e-43 2.8026e-45 0 0 0
