0 0 0 0 0 0 0 0 0 0 0 0 0 0 0 0 0 0 0 0 0 0 0 0 0 1.82169e-44 3.11088e-43 4.59906e-42 6.15871e-41 7.52176e-40 8.37218e-39 8.483e-38 7.81303e-37 6.52999e-36 4.94294e-35 3.38137e-34 2.08535e-33 1.15635e-32 5.7486e-32 2.55419e-31 1.01097e-30 3.55262e-30 1.10459e-29 3.02864e-29 7.30032e-29 1.54276e-28 2.85207e-28 4.60495e-28 6.4871e-28 7.96907e-28 8.53495e-28 7.96907e-28 6.4871e-28 4.60495e-28 2.85207e-28 1.54276e-28 7.30032e-29 3.02864e-29 1.10459e-29 3.55262e-30 1.01097e-30 2.55419e-31 5.7486e-32 1.15635e-32 2.08535e-33 3.38137e-34 4.94294e-35 6.52999e-36 7.81303e-37 8.483e-38 8.37218e-39 7.52176e-40 6.15871e-41 4.59906e-42 3.11088e-43 1.82169e-44 0 0 0 0 0 0 0 0 0 0 0 0 0 0 0 0 0 0 0 0 0 0 0 0
0 0 0 0 0 0 0 0 0 0 0 0 0 0 0 0 0 0 0 0 0 0 0 0 1.82169e-44 3.11088e-43 4.77983e-42 6.67509e-41 8.51599e-40 9.92024e-39 1.05409e-37 1.02032e-36 8.98348e-36 7.182e-35 5.2034e-34 3.40896e-33 2.01467e-32 1.07127e-31 5.11074e-31 2.18109e-30 8.30097e-30 2.80864e-29 8.42258e-29 2.23214e-28 5.21449e-28 1.07151e-27 1.93375e-27 3.06195e-27 4.252e-27 5.17769e-27 5.52899e-27 5.17769e-27 4.252e-27 3.06195e-27 1.93375e-27 1.07151e-27 5.21449e-28 2.23214e-28 8.42258e-29 2.80864e-29 8.30097e-30 2.18109e-30 5.11074e-31 1.07127e-31 2.01467e-32 3.40896e-33 5.2034e-34 7.182e-35 8.98348e-36 1.02032e-36 1.05409e-37 9.92024e-39 8.51599e-40 6.67509e-41 4.77983e-42 3.11088e-43 1.82169e-44 0 0 0 0 0 0 0 0 0 0 0 0 0 0 0 0 0 0 0 0 0 0 0
0 0 0 0 0 0 0 0 0 0 0 0 0 0 0 0 0 0 0 0 0 0 1.4013e-45 3.08286e-44 5.87144e-43 9.33545e-42 1.3566e-40 1.8042e-39 2.19477e-38 2.43982e-37 2.47565e-36 2.28978e-35 1.92749e-34 1.47405e-33 1.0221e-32 6.412e-32 3.63057e-31 1.85067e-30 8.46995e-30 3.47062e-29 1.26959e-28 4.1345e-28 1.19541e-27 3.06127e-27 6.92948e-27 1.38442e-26 2.43898e-26 3.7876e-26 5.18514e-26 6.25919e-26 6.6643e-26 6.25919e-26 5.18514e-26 3.7876e-26 2.43898e-26 1.38442e-26 6.92948e-27 3.06127e-27 1.19541e-27 4.1345e-28 1.26959e-28 3.47062e-29 8.46995e-30 1.85067e-30 3.63057e-31 6.412e-32 1.0221e-32 1.47405e-33 1.92749e-34 2.28978e-35 2.47565e-36 2.43982e-37 2.19477e-38 1.8042e-39 1.3566e-40 9.33545e-42 5.87144e-43 3.08286e-44 1.4013e-45 0 0 0 0 0 0 0 0 0 0 0 0 0 0 0 0 0 0 0 0 0
0 0 0 0 0 0 0 0 0 0 0 0 0 0 0 0 0 0 0 0 0 1.4013e-45 5.74532e-44 1.04116e-42 1.71911e-41 2.59652e-40 3.59449e-39 4.55874e-38 5.29238e-37 5.61837e-36 5.44744e-35 4.81707e-34 3.87869e-33 2.83867e-32 1.88456e-31 1.13247e-30 6.14537e-30 3.00397e-29 1.3193e-28 5.19211e-28 1.82621e-27 5.72631e-27 1.59705e-26 3.95407e-26 8.67804e-26 1.6868e-25 2.90296e-25 4.42416e-25 5.97389e-25 7.15118e-25 7.59264e-25 7.15118e-25 5.97389e-25 4.42416e-25 2.90296e-25 1.6868e-25 8.67804e-26 3.95407e-26 1.59705e-26 5.72631e-27 1.82621e-27 5.19211e-28 1.3193e-28 3.00397e-29 6.14537e-30 1.13247e-30 1.88456e-31 2.83867e-32 3.87869e-33 4.81707e-34 5.44744e-35 5.61837e-36 5.29238e-37 4.55874e-38 3.59449e-39 2.59652e-40 1.71911e-41 1.04116e-42 5.74532e-44 1.4013e-45 0 0 0 0 0 0 0 0 0 0 0 0 0 0 0 0 0 0 0 0
0 0 0 0 0 0 0 0 0 0 0 0 0 0 0 0 0 0 0 0 2.8026e-45 8.96831e-44 1.74742e-42 2.98617e-41 4.68073e-40 6.73467e-39 8.89024e-38 1.07594e-36 1.19274e-35 1.20978e-34 1.12129e-33 9.4828e-33 7.30559e-32 5.11776e-31 3.25346e-30 1.87291e-29 9.74088e-29 4.56611e-28 1.92439e-27 7.27392e-27 2.46003e-26 7.4278e-26 1.99855e-25 4.78499e-25 1.01852e-24 1.92689e-24 3.24079e-24 4.849e-24 6.46033e-24 7.67072e-24 8.12202e-24 7.67072e-24 6.46033e-24 4.849e-24 3.24079e-24 1.92689e-24 1.01852e-24 4.78499e-25 1.99855e-25 7.4278e-26 2.46003e-26 7.27392e-27 1.92439e-27 4.56611e-28 9.74088e-29 1.87291e-29 3.25346e-30 5.11776e-31 7.30559e-32 9.4828e-33 1.12129e-33 1.20978e-34 1.19274e-35 1.07594e-36 8.89024e-38 6.73467e-39 4.68073e-40 2.98617e-41 1.74742e-42 8.96831e-44 2.8026e-45 0 0 0 0 0 0 0 0 0 0 0 0 0 0 0 0 0 0 0
0 0 0 0 0 0 0 0 0 0 0 0 0 0 0 0 0 0 0 4.2039e-45 1.41531e-43 2.76756e-42 4.89628e-41 7.95524e-40 1.18795e-38 1.62979e-37 2.05291e-36 2.37226e-35 2.51234e-34 2.43564e-33 2.15867e-32 1.74639e-31 1.28752e-30 8.63419e-30 5.25633e-29 2.89875e-28 1.4449e-27 6.49474e-27 2.62649e-26 9.53458e-26 3.10045e-25 9.01472e-25 2.34024e-24 5.41937e-24 1.11911e-23 2.06135e-23 3.38946e-23 4.98088e-23 6.54968e-23 7.71524e-23 8.14744e-23 7.71524e-23 6.54968e-23 4.98088e-23 3.38946e-23 2.06135e-23 1.11911e-23 5.41937e-24 2.34024e-24 9.01472e-25 3.10045e-25 9.53458e-26 2.62649e-26 6.49474e-27 1.4449e-27 2.89875e-28 5.25633e-29 8.63419e-30 1.28752e-30 1.74639e-31 2.15867e-32 2.43564e-33 2.51234e-34 2.37226e-35 2.05291e-36 1.62979e-37 1.18795e-38 7.95524e-40 4.89628e-41 2.76756e-42 1.41531e-43 4.2039e-45 0 0 0 0 0 0 0 0 0 0 0 0 0 0 0 0 0 0
0 0 0 0 0 0 0 0 0 0 0 0 0 0 0 0 0 0 9.80909e-45 2.05991e-43 4.14644e-42 7.58495e-41 1.27582e-39 1.97475e-38 2.8117e-37 3.6806e-36 4.42633e-35 4.88605e-34 4.94539e-33 4.58398e-32 3.88579e-31 3.00774e-30 2.12219e-29 1.36242e-28 7.94244e-28 4.19574e-27 2.00416e-26 8.63721e-26 3.35116e-25 1.16819e-24 3.65217e-24 1.02253e-23 2.5613e-23 5.73769e-23 1.14974e-22 2.06259e-22 3.31689e-22 4.78881e-22 6.21691e-22 7.26663e-22 7.65378e-22 7.26663e-22 6.21691e-22 4.78881e-22 3.31689e-22 2.06259e-22 1.14974e-22 5.73769e-23 2.5613e-23 1.02253e-23 3.65217e-24 1.16819e-24 3.35116e-25 8.63721e-26 2.00416e-26 4.19574e-27 7.94244e-28 1.36242e-28 2.12219e-29 3.00774e-30 3.88579e-31 4.58398e-32 4.94539e-33 4.88605e-34 4.42633e-35 3.6806e-36 2.8117e-37 1.97475e-38 1.27582e-39 7.58495e-41 4.14644e-42 2.05991e-43 9.80909e-45 0 0 0 0 0 0 0 0 0 0 0 0 0 0 0 0 0
0 0 0 0 0 0 0 0 0 0 0 0 0 0 0 0 0 1.12104e-44 2.84464e-43 5.88265e-42 1.11084e-40 1.9322e-39 3.09616e-38 4.5692e-37 6.20716e-36 7.75715e-35 8.9108e-34 9.3998e-33 9.09535e-32 8.0624e-31 6.53777e-30 4.84203e-29 3.26971e-28 2.0094e-27 1.12162e-26 5.67489e-26 2.59714e-25 1.0729e-24 3.99294e-24 1.33636e-23 4.01611e-23 1.08266e-22 2.61674e-22 5.6712e-22 1.10299e-21 1.9277e-21 3.03274e-21 4.30317e-21 5.51669e-21 6.39938e-21 6.72322e-21 6.39938e-21 5.51669e-21 4.30317e-21 3.03274e-21 1.9277e-21 1.10299e-21 5.6712e-22 2.61674e-22 1.08266e-22 4.01611e-23 1.33636e-23 3.99294e-24 1.0729e-24 2.59714e-25 5.67489e-26 1.12162e-26 2.0094e-27 3.26971e-28 4.84203e-29 6.53777e-30 8.0624e-31 9.09535e-32 9.3998e-33 8.9108e-34 7.75715e-35 6.20716e-36 4.5692e-37 3.09616e-38 1.9322e-39 1.11084e-40 5.88265e-42 2.84464e-43 1.12104e-44 0 0 0 0 0 0 0 0 0 0 0 0 0 0 0 0
0 0 0 0 0 0 0 0 0 0 0 0 0 0 0 0 1.4013e-44 3.74147e-43 7.89632e-42 1.539e-40 2.7652e-39 4.58196e-38 7.00006e-37 9.85592e-36 1.27817e-34 1.52566e-33 1.67466e-32 1.68866e-31 1.56241e-30 1.32465e-29 1.02759e-28 7.28198e-28 4.70578e-27 2.76796e-26 1.47907e-25 7.16555e-25 3.14108e-24 1.24347e-23 4.43766e-23 1.42553e-22 4.11731e-22 1.06856e-21 2.49195e-21 5.22547e-21 9.86579e-21 1.68021e-20 2.5868e-20 3.60821e-20 4.56902e-20 5.26076e-20 5.51323e-20 5.26076e-20 4.56902e-20 3.60821e-20 2.5868e-20 1.68021e-20 9.86579e-21 5.22547e-21 2.49195e-21 1.06856e-21 4.11731e-22 1.42553e-22 4.43766e-23 1.24347e-23 3.14108e-24 7.16555e-25 1.47907e-25 2.76796e-26 4.70578e-27 7.28198e-28 1.02759e-28 1.32465e-29 1.56241e-30 1.68866e-31 1.67466e-32 1.52566e-33 1.27817e-34 9.85592e-36 7.00006e-37 4.58196e-38 2.7652e-39 1.539e-40 7.89632e-42 3.74147e-43 1.4013e-44 0 0 0 0 0 0 0 0 0 0 0 0 0 0 0
0 0 0 0 0 0 0 0 0 0 0 0 0 0 0 1.82169e-44 4.59626e-43 1.00431e-41 2.01788e-40 3.74159e-39 6.40431e-38 1.01173e-36 1.47461e-35 1.98194e-34 2.45482e-33 2.79971e-32 2.93737e-31 2.83191e-30 2.50573e-29 2.03199e-28 1.50794e-27 1.02235e-26 6.32135e-26 3.558e-25 1.81951e-24 8.43762e-24 3.54143e-23 1.34295e-22 4.59406e-22 1.41599e-21 3.92941e-21 9.81597e-21 2.20854e-20 4.48101e-20 8.21397e-20 1.36347e-19 2.05472e-19 2.81814e-19 3.52551e-19 4.02966e-19 4.21274e-19 4.02966e-19 3.52551e-19 2.81814e-19 2.05472e-19 1.36347e-19 8.21397e-20 4.48101e-20 2.20854e-20 9.81597e-21 3.92941e-21 1.41599e-21 4.59406e-22 1.34295e-22 3.54143e-23 8.43762e-24 1.81951e-24 3.558e-25 6.32135e-26 1.02235e-26 1.50794e-27 2.03199e-28 2.50573e-29 2.83191e-30 2.93737e-31 2.79971e-32 2.45482e-33 1.98194e-34 1.47461e-35 1.01173e-36 6.40431e-38 3.74159e-39 2.01788e-40 1.00431e-41 4.59626e-43 1.82169e-44 0 0 0 0 0 0 0 0 0 0 0 0 0 0
0 0 0 0 0 0 0 0 0 0 0 0 0 0 2.10195e-44 5.36697e-43 1.2103e-41 2.50506e-40 4.78893e-39 8.45892e-38 1.38035e-36 2.08032e-35 2.89431e-34 3.71515e-33 4.39646e-32 4.79228e-31 4.80676e-30 4.43126e-29 3.74974e-28 2.90839e-27 2.06444e-26 1.33882e-25 7.91851e-25 4.26346e-24 2.08576e-23 9.25422e-23 3.71725e-22 1.34964e-21 4.4235e-21 1.30762e-20 3.48517e-20 8.37792e-20 1.81837e-19 3.56972e-19 6.35365e-19 1.02813e-18 1.51691e-18 2.04616e-18 2.5293e-18 2.87022e-18 2.99341e-18 2.87022e-18 2.5293e-18 2.04616e-18 1.51691e-18 1.02813e-18 6.35365e-19 3.56972e-19 1.81837e-19 8.37792e-20 3.48517e-20 1.30762e-20 4.4235e-21 1.34964e-21 3.71725e-22 9.25422e-23 2.08576e-23 4.26346e-24 7.91851e-25 1.33882e-25 2.06444e-26 2.90839e-27 3.74974e-28 4.43126e-29 4.80676e-30 4.79228e-31 4.39646e-32 3.71515e-33 2.89431e-34 2.08032e-35 1.38035e-36 8.45892e-38 4.78893e-39 2.50506e-40 1.2103e-41 5.36697e-43 2.10195e-44 0 0 0 0 0 0 0 0 0 0 0 0 0
0 0 0 0 0 0 0 0 0 0 0 0 0 2.24208e-44 5.99756e-43 1.38294e-41 2.9454e-40 5.80014e-39 1.05625e-37 1.77866e-36 2.76889e-35 3.98324e-34 5.29238e-33 6.49021e-32 7.34014e-31 7.64847e-30 7.33493e-29 6.46601e-28 5.23247e-27 3.88117e-26 2.63456e-25 1.63382e-24 9.24006e-24 4.75693e-23 2.22516e-22 9.44083e-22 3.62712e-21 1.26013e-20 3.9548e-20 1.12064e-19 2.86741e-19 6.63084e-19 1.38805e-18 2.6364e-18 4.55654e-18 7.18871e-18 1.03857e-17 1.37803e-17 1.68338e-17 1.89674e-17 1.97345e-17 1.89674e-17 1.68338e-17 1.37803e-17 1.03857e-17 7.18871e-18 4.55654e-18 2.6364e-18 1.38805e-18 6.63084e-19 2.86741e-19 1.12064e-19 3.9548e-20 1.26013e-20 3.62712e-21 9.44083e-22 2.22516e-22 4.75693e-23 9.24006e-24 1.63382e-24 2.63456e-25 3.88117e-26 5.23247e-27 6.46601e-28 7.33493e-29 7.64847e-30 7.34014e-31 6.49021e-32 5.29238e-33 3.98324e-34 2.76889e-35 1.77866e-36 1.05625e-37 5.80014e-39 2.9454e-40 1.38294e-41 5.99756e-43 2.24208e-44 0 0 0 0 0 0 0 0 0 0 0 0
0 0 0 0 0 0 0 0 0 0 0 0 2.24208e-44 6.31986e-43 1.49785e-41 3.28075e-40 6.64935e-39 1.24732e-37 2.16546e-36 3.47861e-35 5.16889e-34 7.10091e-33 9.0134e-32 1.05631e-30 1.14193e-29 1.13759e-28 1.0431e-27 8.79239e-27 6.80312e-26 4.82466e-25 3.1309e-24 1.85595e-23 1.00319e-22 4.93544e-22 2.20611e-21 8.94452e-21 3.28454e-20 1.09112e-19 3.27677e-19 8.89489e-19 2.18383e-18 4.85611e-18 9.80174e-18 1.801e-17 3.02254e-17 4.64959e-17 6.57851e-17 8.58715e-17 1.03677e-16 1.15997e-16 1.20405e-16 1.15997e-16 1.03677e-16 8.58715e-17 6.57851e-17 4.64959e-17 3.02254e-17 1.801e-17 9.80174e-18 4.85611e-18 2.18383e-18 8.89489e-19 3.27677e-19 1.09112e-19 3.28454e-20 8.94452e-21 2.20611e-21 4.93544e-22 1.00319e-22 1.85595e-23 3.1309e-24 4.82466e-25 6.80312e-26 8.79239e-27 1.0431e-27 1.13759e-28 1.14193e-29 1.05631e-30 9.0134e-32 7.10091e-33 5.16889e-34 3.47861e-35 2.16546e-36 1.24732e-37 6.64935e-39 3.28075e-40 1.49785e-41 6.31986e-43 2.24208e-44 0 0 0 0 0 0 0 0 0 0 0
0 0 0 0 0 0 0 0 0 0 0 2.24208e-44 6.31986e-43 1.53821e-41 3.46236e-40 7.21686e-39 1.39334e-37 2.4917e-36 4.1266e-35 6.3273e-34 8.97812e-33 1.17828e-31 1.42922e-30 1.60097e-29 1.65453e-28 1.57581e-27 1.38145e-26 1.11323e-25 8.23396e-25 5.58115e-24 3.46099e-23 1.96009e-22 1.01199e-21 4.75463e-21 2.02936e-20 7.85635e-20 2.75511e-19 8.74417e-19 2.51074e-18 6.52423e-18 1.53599e-17 3.28276e-17 6.38689e-17 1.13508e-16 1.84967e-16 2.77442e-16 3.84454e-16 4.93743e-16 5.89218e-16 6.5464e-16 6.77934e-16 6.5464e-16 5.89218e-16 4.93743e-16 3.84454e-16 2.77442e-16 1.84967e-16 1.13508e-16 6.38689e-17 3.28276e-17 1.53599e-17 6.52423e-18 2.51074e-18 8.74417e-19 2.75511e-19 7.85635e-20 2.02936e-20 4.75463e-21 1.01199e-21 1.96009e-22 3.46099e-23 5.58115e-24 8.23396e-25 1.11323e-25 1.38145e-26 1.57581e-27 1.65453e-28 1.60097e-29 1.42922e-30 1.17828e-31 8.97812e-33 6.3273e-34 4.1266e-35 2.4917e-36 1.39334e-37 7.21686e-39 3.46236e-40 1.53821e-41 6.31986e-43 2.24208e-44 0 0 0 0 0 0 0 0 0 0
0 0 0 0 0 0 0 0 0 0 2.10195e-44 5.99756e-43 1.49785e-41 3.46236e-40 7.4165e-39 1.47258e-37 2.71035e-36 4.62365e-35 7.30878e-34 1.07013e-32 1.45057e-31 1.81914e-30 2.10901e-29 2.2583e-28 2.23114e-27 2.03144e-26 1.70236e-25 1.31116e-24 9.26729e-24 6.00111e-23 3.55423e-22 1.92187e-21 9.47082e-21 4.24594e-20 1.72889e-19 6.3848e-19 2.13617e-18 6.47093e-18 1.77479e-17 4.41094e-17 9.95062e-17 2.04282e-16 3.82948e-16 6.581e-16 1.04116e-15 1.5227e-15 2.06656e-15 2.61129e-15 3.08027e-15 3.39851e-15 3.51128e-15 3.39851e-15 3.08027e-15 2.61129e-15 2.06656e-15 1.5227e-15 1.04116e-15 6.581e-16 3.82948e-16 2.04282e-16 9.95062e-17 4.41094e-17 1.77479e-17 6.47093e-18 2.13617e-18 6.3848e-19 1.72889e-19 4.24594e-20 9.47082e-21 1.92187e-21 3.55423e-22 6.00111e-23 9.26729e-24 1.31116e-24 1.70236e-25 2.03144e-26 2.23114e-27 2.2583e-28 2.10901e-29 1.81914e-30 1.45057e-31 1.07013e-32 7.30878e-34 4.62365e-35 2.71035e-36 1.47258e-37 7.4165e-39 3.46236e-40 1.49785e-41 5.99756e-43 2.10195e-44 0 0 0 0 0 0 0 0 0
0 0 0 0 0 0 0 0 0 1.82169e-44 5.36697e-43 1.38294e-41 3.28075e-40 7.21686e-39 1.47258e-37 2.78738e-36 4.89397e-35 7.96857e-34 1.20283e-32 1.68238e-31 2.1791e-30 2.61185e-29 2.89443e-28 2.96274e-27 2.79803e-26 2.43503e-25 1.95009e-24 1.43502e-23 9.68778e-23 5.98991e-22 3.38596e-21 1.74673e-20 8.2087e-20 3.50817e-19 1.36134e-18 4.79044e-18 1.52732e-17 4.4107e-17 1.15426e-16 2.74097e-16 5.91982e-16 1.16659e-15 2.10605e-15 3.49858e-15 5.37255e-15 7.66036e-15 1.01818e-14 1.26582e-14 1.47592e-14 1.61711e-14 1.66689e-14 1.61711e-14 1.47592e-14 1.26582e-14 1.01818e-14 7.66036e-15 5.37255e-15 3.49858e-15 2.10605e-15 1.16659e-15 5.91982e-16 2.74097e-16 1.15426e-16 4.4107e-17 1.52732e-17 4.79044e-18 1.36134e-18 3.50817e-19 8.2087e-20 1.74673e-20 3.38596e-21 5.98991e-22 9.68778e-23 1.43502e-23 1.95009e-24 2.43503e-25 2.79803e-26 2.96274e-27 2.89443e-28 2.61185e-29 2.1791e-30 1.68238e-31 1.20283e-32 7.96857e-34 4.89397e-35 2.78738e-36 1.47258e-37 7.21686e-39 3.28075e-40 1.38294e-41 5.36697e-43 1.82169e-44 0 0 0 0 0 0 0 0
0 0 0 0 0 0 0 0 1.4013e-44 4.59626e-43 1.2103e-41 2.9454e-40 6.64935e-39 1.39334e-37 2.71035e-36 4.89397e-35 8.20135e-34 1.27516e-32 1.83869e-31 2.4574e-30 3.04204e-29 3.48517e-28 3.69186e-27 3.61214e-26 3.26035e-25 2.71126e-24 2.07425e-23 1.45766e-22 9.39377e-22 5.54181e-21 2.9875e-20 1.46898e-19 6.57651e-19 2.67622e-18 9.88457e-18 3.30996e-17 1.00428e-16 2.76113e-16 6.88552e-16 1.56042e-15 3.22325e-15 6.09233e-15 1.05854e-14 1.69906e-14 2.53182e-14 3.51874e-14 4.5798e-14 5.60147e-14 6.45546e-14 7.02368e-14 7.22306e-14 7.02368e-14 6.45546e-14 5.60147e-14 4.5798e-14 3.51874e-14 2.53182e-14 1.69906e-14 1.05854e-14 6.09233e-15 3.22325e-15 1.56042e-15 6.88552e-16 2.76113e-16 1.00428e-16 3.30996e-17 9.88457e-18 2.67622e-18 6.57651e-19 1.46898e-19 2.9875e-20 5.54181e-21 9.39377e-22 1.45766e-22 2.07425e-23 2.71126e-24 3.26035e-25 3.61214e-26 3.69186e-27 3.48517e-28 3.04204e-29 2.4574e-30 1.83869e-31 1.27516e-32 8.20135e-34 4.89397e-35 2.71035e-36 1.39334e-37 6.64935e-39 2.9454e-40 1.2103e-41 4.59626e-43 1.4013e-44 0 0 0 0 0 0 0
0 0 0 0 0 0 0 1.12104e-44 3.74147e-43 1.00431e-41 2.50506e-40 5.80014e-39 1.24732e-37 2.4917e-36 4.62365e-35 7.96857e-34 1.27516e-32 1.89393e-31 2.60946e-30 3.33309e-29 3.9438e-28 4.31885e-27 4.3728e-26 4.08877e-25 3.52624e-24 2.80099e-23 2.04611e-22 1.37233e-21 8.43622e-21 4.74471e-20 2.43691e-19 1.14086e-18 4.85969e-18 1.88047e-17 6.60109e-17 2.10021e-16 6.05449e-16 1.58228e-15 3.7543e-15 8.10861e-15 1.60005e-14 2.89791e-14 4.84237e-14 7.50582e-14 1.08488e-13 1.46922e-13 1.87214e-13 2.25233e-13 2.56536e-13 2.77155e-13 2.84353e-13 2.77155e-13 2.56536e-13 2.25233e-13 1.87214e-13 1.46922e-13 1.08488e-13 7.50582e-14 4.84237e-14 2.89791e-14 1.60005e-14 8.10861e-15 3.7543e-15 1.58228e-15 6.05449e-16 2.10021e-16 6.60109e-17 1.88047e-17 4.85969e-18 1.14086e-18 2.43691e-19 4.74471e-20 8.43622e-21 1.37233e-21 2.04611e-22 2.80099e-23 3.52624e-24 4.08877e-25 4.3728e-26 4.31885e-27 3.9438e-28 3.33309e-29 2.60946e-30 1.89393e-31 1.27516e-32 7.96857e-34 4.62365e-35 2.4917e-36 1.24732e-37 5.80014e-39 2.50506e-40 1.00431e-41 3.74147e-43 1.12104e-44 0 0 0 0 0 0
0 0 0 0 0 0 9.80909e-45 2.84464e-43 7.89632e-42 2.01788e-40 4.78893e-39 1.05625e-37 2.16546e-36 4.1266e-35 7.30878e-34 1.20283e-32 1.83869e-31 2.60946e-30 3.4361e-29 4.19504e-28 4.74449e-27 4.96592e-26 4.80492e-25 4.29253e-24 3.53581e-23 2.68144e-22 1.86919e-21 1.19563e-20 7.00515e-20 3.75227e-19 1.834e-18 8.16416e-18 3.30413e-17 1.21382e-16 4.04269e-16 1.21986e-15 3.33503e-15 8.26936e-15 1.8636e-14 3.82989e-14 7.20958e-14 1.24978e-13 2.00662e-13 3.00149e-13 4.20572e-13 5.54778e-13 6.91861e-13 8.18558e-13 9.21262e-13 9.88217e-13 1.01147e-12 9.88217e-13 9.21262e-13 8.18558e-13 6.91861e-13 5.54778e-13 4.20572e-13 3.00149e-13 2.00662e-13 1.24978e-13 7.20958e-14 3.82989e-14 1.8636e-14 8.26936e-15 3.33503e-15 1.21986e-15 4.04269e-16 1.21382e-16 3.30413e-17 8.16416e-18 1.834e-18 3.75227e-19 7.00515e-20 1.19563e-20 1.86919e-21 2.68144e-22 3.53581e-23 4.29253e-24 4.80492e-25 4.96592e-26 4.74449e-27 4.19504e-28 3.4361e-29 2.60946e-30 1.83869e-31 1.20283e-32 7.30878e-34 4.1266e-35 2.16546e-36 1.05625e-37 4.78893e-39 2.01788e-40 7.89632e-42 2.84464e-43 9.80909e-45 0 0 0 0 0
0 0 0 0 0 4.2039e-45 2.05991e-43 5.88265e-42 1.539e-40 3.74159e-39 8.45892e-38 1.77866e-36 3.47861e-35 6.3273e-34 1.07013e-32 1.68238e-31 2.4574e-30 3.33309e-29 4.19504e-28 4.8954e-27 5.29167e-26 5.29282e-25 4.89272e-24 4.17453e-23 3.28266e-22 2.37531e-21 1.57889e-20 9.62347e-20 5.3683e-19 2.73537e-18 1.2706e-17 5.37005e-17 2.06135e-16 7.17586e-16 2.26298e-15 6.46232e-15 1.67186e-14 3.92461e-14 8.38331e-14 1.63628e-13 2.93372e-13 4.86103e-13 7.49111e-13 1.08036e-12 1.46651e-12 1.88317e-12 2.29745e-12 2.67218e-12 2.97108e-12 3.16386e-12 3.23045e-12 3.16386e-12 2.97108e-12 2.67218e-12 2.29745e-12 1.88317e-12 1.46651e-12 1.08036e-12 7.49111e-13 4.86103e-13 2.93372e-13 1.63628e-13 8.38331e-14 3.92461e-14 1.67186e-14 6.46232e-15 2.26298e-15 7.17586e-16 2.06135e-16 5.37005e-17 1.2706e-17 2.73537e-18 5.3683e-19 9.62347e-20 1.57889e-20 2.37531e-21 3.28266e-22 4.17453e-23 4.89272e-24 5.29282e-25 5.29167e-26 4.8954e-27 4.19504e-28 3.33309e-29 2.4574e-30 1.68238e-31 1.07013e-32 6.3273e-34 3.47861e-35 1.77866e-36 8.45892e-38 3.74159e-39 1.539e-40 5.88265e-42 2.05991e-43 4.2039e-45 0 0 0 0
0 0 0 0 2.8026e-45 1.41531e-43 4.14644e-42 1.11084e-40 2.7652e-39 6.40431e-38 1.38035e-36 2.76889e-35 5.16889e-34 8.97812e-33 1.45057e-31 2.1791e-30 3.04204e-29 3.9438e-28 4.74449e-27 5.29167e-26 5.4661e-25 5.22324e-24 4.61125e-23 3.75573e-22 2.81768e-21 1.94393e-20 1.23104e-19 7.1423e-19 3.78883e-18 1.83392e-17 8.08299e-17 3.23759e-16 1.1764e-15 3.87209e-15 1.15347e-14 3.10948e-14 7.59277e-14 1.68312e-13 3.39956e-13 6.28819e-13 1.07177e-12 1.69474e-12 2.50341e-12 3.4772e-12 4.56843e-12 5.70662e-12 6.80668e-12 7.77943e-12 8.54224e-12 9.02866e-12 9.19574e-12 9.02866e-12 8.54224e-12 7.77943e-12 6.80668e-12 5.70662e-12 4.56843e-12 3.4772e-12 2.50341e-12 1.69474e-12 1.07177e-12 6.28819e-13 3.39956e-13 1.68312e-13 7.59277e-14 3.10948e-14 1.15347e-14 3.87209e-15 1.1764e-15 3.23759e-16 8.08299e-17 1.83392e-17 3.78883e-18 7.1423e-19 1.23104e-19 1.94393e-20 2.81768e-21 3.75573e-22 4.61125e-23 5.22324e-24 5.4661e-25 5.29167e-26 4.74449e-27 3.9438e-28 3.04204e-29 2.1791e-30 1.45057e-31 8.97812e-33 5.16889e-34 2.76889e-35 1.38035e-36 6.40431e-38 2.7652e-39 1.11084e-40 4.14644e-42 1.41531e-43 2.8026e-45 0 0 0
0 0 0 1.4013e-45 8.96831e-44 2.76756e-42 7.58495e-41 1.9322e-39 4.58196e-38 1.01173e-36 2.08032e-35 3.98324e-34 7.10091e-33 1.17828e-31 1.81914e-30 2.61185e-29 3.48517e-28 4.31885e-27 4.96592e-26 5.29282e-25 5.22324e-24 4.76664e-23 4.01696e-22 3.12127e-21 2.23249e-20 1.46719e-19 8.84277e-19 4.87761e-18 2.45709e-17 1.12794e-16 4.70836e-16 1.78355e-15 6.12002e-15 1.89969e-14 5.33055e-14 1.35248e-13 3.10755e-13 6.48543e-13 1.2351e-12 2.15948e-12 3.49114e-12 5.25824e-12 7.43332e-12 9.93048e-12 1.26136e-11 1.53127e-11 1.78435e-11 2.00277e-11 2.17095e-11 2.27689e-11 2.31307e-11 2.27689e-11 2.17095e-11 2.00277e-11 1.78435e-11 1.53127e-11 1.26136e-11 9.93048e-12 7.43332e-12 5.25824e-12 3.49114e-12 2.15948e-12 1.2351e-12 6.48543e-13 3.10755e-13 1.35248e-13 5.33055e-14 1.89969e-14 6.12002e-15 1.78355e-15 4.70836e-16 1.12794e-16 2.45709e-17 4.87761e-18 8.84277e-19 1.46719e-19 2.23249e-20 3.12127e-21 4.01696e-22 4.76664e-23 5.22324e-24 5.29282e-25 4.96592e-26 4.31885e-27 3.48517e-28 2.61185e-29 1.81914e-30 1.17828e-31 7.10091e-33 3.98324e-34 2.08032e-35 1.01173e-36 4.58196e-38 1.9322e-39 7.58495e-41 2.76756e-42 8.96831e-44 1.4013e-45 0 0
0 0 1.4013e-45 5.74532e-44 1.74742e-42 4.89628e-41 1.27582e-39 3.09616e-38 7.00006e-37 1.47461e-35 2.89431e-34 5.29238e-33 9.0134e-32 1.42922e-30 2.10901e-29 2.89443e-28 3.69186e-27 4.3728e-26 4.80492e-25 4.89272e-24 4.61125e-23 4.01696e-22 3.22949e-21 2.39227e-20 1.62985e-19 1.0193e-18 5.8396e-18 3.058e-17 1.46042e-16 6.3461e-16 2.50342e-15 8.9462e-15 2.8909e-14 8.4365e-14 2.2224e-13 5.2883e-13 1.13918e-12 2.23031e-12 3.99138e-12 6.57657e-12 1.00582e-11 1.43973e-11 1.94403e-11 2.49384e-11 3.05824e-11 3.604e-11 4.09907e-11 4.51508e-11 4.82903e-11 5.02415e-11 5.09032e-11 5.02415e-11 4.82903e-11 4.51508e-11 4.09907e-11 3.604e-11 3.05824e-11 2.49384e-11 1.94403e-11 1.43973e-11 1.00582e-11 6.57657e-12 3.99138e-12 2.23031e-12 1.13918e-12 5.2883e-13 2.2224e-13 8.4365e-14 2.8909e-14 8.9462e-15 2.50342e-15 6.3461e-16 1.46042e-16 3.058e-17 5.8396e-18 1.0193e-18 1.62985e-19 2.39227e-20 3.22949e-21 4.01696e-22 4.61125e-23 4.89272e-24 4.80492e-25 4.3728e-26 3.69186e-27 2.89443e-28 2.10901e-29 1.42922e-30 9.0134e-32 5.29238e-33 2.89431e-34 1.47461e-35 7.00006e-37 3.09616e-38 1.27582e-39 4.89628e-41 1.74742e-42 5.74532e-44 1.4013e-45 0
0 0 3.08286e-44 1.04116e-42 2.98617e-41 7.95524e-40 1.97475e-38 4.5692e-37 9.85592e-36 1.98194e-34 3.71515e-33 6.49021e-32 1.05631e-30 1.60097e-29 2.2583e-28 2.96274e-27 3.61214e-26 4.08877e-25 4.29253e-24 4.17453e-23 3.75573e-22 3.12127e-21 2.39227e-20 1.68793e-19 1.09427e-18 6.50453e-18 3.53717e-17 1.75559e-16 7.93336e-16 3.25597e-15 1.21071e-14 4.06971e-14 1.23438e-13 3.37425e-13 8.31119e-13 1.84687e-12 3.71372e-12 6.79173e-12 1.13764e-11 1.76022e-11 2.53892e-11 3.4447e-11 4.43273e-11 5.44989e-11 6.4421e-11 7.35993e-11 8.1619e-11 8.81569e-11 9.2979e-11 9.59301e-11 9.69232e-11 9.59301e-11 9.2979e-11 8.81569e-11 8.1619e-11 7.35993e-11 6.4421e-11 5.44989e-11 4.43273e-11 3.4447e-11 2.53892e-11 1.76022e-11 1.13764e-11 6.79173e-12 3.71372e-12 1.84687e-12 8.31119e-13 3.37425e-13 1.23438e-13 4.06971e-14 1.21071e-14 3.25597e-15 7.93336e-16 1.75559e-16 3.53717e-17 6.50453e-18 1.09427e-18 1.68793e-19 2.39227e-20 3.12127e-21 3.75573e-22 4.17453e-23 4.29253e-24 4.08877e-25 3.61214e-26 2.96274e-27 2.2583e-28 1.60097e-29 1.05631e-30 6.49021e-32 3.71515e-33 1.98194e-34 9.85592e-36 4.5692e-37 1.97475e-38 7.95524e-40 2.98617e-41 1.04116e-42 3.08286e-44 0
0 1.82169e-44 5.87144e-43 1.71911e-41 4.68073e-40 1.18795e-38 2.8117e-37 6.20716e-36 1.27817e-34 2.45482e-33 4.39646e-32 7.34014e-31 1.14193e-29 1.65453e-28 2.23114e-27 2.79803e-26 3.26035e-25 3.52624e-24 3.53581e-23 3.28266e-22 2.81768e-21 2.23249e-20 1.62985e-19 1.09427e-18 6.7424e-18 3.80389e-17 1.96026e-16 9.20364e-16 3.92654e-15 1.51808e-14 5.30489e-14 1.67154e-13 4.74001e-13 1.20833e-12 2.76943e-12 5.71752e-12 1.06757e-11 1.8145e-11 2.8315e-11 4.09717e-11 5.5539e-11 7.12118e-11 8.71155e-11 1.02442e-10 1.16534e-10 1.28909e-10 1.39255e-10 1.47391e-10 1.53229e-10 1.56737e-10 1.57906e-10 1.56737e-10 1.53229e-10 1.47391e-10 1.39255e-10 1.28909e-10 1.16534e-10 1.02442e-10 8.71155e-11 7.12118e-11 5.5539e-11 4.09717e-11 2.8315e-11 1.8145e-11 1.06757e-11 5.71752e-12 2.76943e-12 1.20833e-12 4.74001e-13 1.67154e-13 5.30489e-14 1.51808e-14 3.92654e-15 9.20364e-16 1.96026e-16 3.80389e-17 6.7424e-18 1.09427e-18 1.62985e-19 2.23249e-20 2.81768e-21 3.28266e-22 3.53581e-23 3.52624e-24 3.26035e-25 2.79803e-26 2.23114e-27 1.65453e-28 1.14193e-29 7.34014e-31 4.39646e-32 2.45482e-33 1.27817e-34 6.20716e-36 2.8117e-37 1.18795e-38 4.68073e-40 1.71911e-41 5.87144e-43 0
0 3.09687e-43 9.33545e-42 2.59652e-40 6.73467e-39 1.62979e-37 3.6806e-36 7.75715e-35 1.52566e-33 2.79971e-32 4.79228e-31 7.64847e-30 1.13759e-28 1.57581e-27 2.03144e-26 2.43503e-25 2.71126e-24 2.80099e-23 2.68144e-22 2.37531e-21 1.94393e-20 1.46719e-19 1.0193e-18 6.50453e-18 3.80389e-17 2.0336e-16 9.91224e-16 4.39266e-15 1.76466e-14 6.40742e-14 2.09672e-13 6.16736e-13 1.62736e-12 3.84809e-12 8.15855e-12 1.55511e-11 2.67934e-11 4.20703e-11 6.08341e-11 8.195e-11 1.04013e-10 1.25668e-10 1.45827e-10 1.63767e-10 1.7911e-10 1.91748e-10 2.01748e-10 2.09266e-10 2.14479e-10 2.1754e-10 2.18549e-10 2.1754e-10 2.14479e-10 2.09266e-10 2.01748e-10 1.91748e-10 1.7911e-10 1.63767e-10 1.45827e-10 1.25668e-10 1.04013e-10 8.195e-11 6.08341e-11 4.20703e-11 2.67934e-11 1.55511e-11 8.15855e-12 3.84809e-12 1.62736e-12 6.16736e-13 2.09672e-13 6.40742e-14 1.76466e-14 4.39266e-15 9.91224e-16 2.0336e-16 3.80389e-17 6.50453e-18 1.0193e-18 1.46719e-19 1.94393e-20 2.37531e-21 2.68144e-22 2.80099e-23 2.71126e-24 2.43503e-25 2.03144e-26 1.57581e-27 1.13759e-28 7.64847e-30 4.79228e-31 2.79971e-32 1.52566e-33 7.75715e-35 3.6806e-36 1.62979e-37 6.73467e-39 2.59652e-40 9.32564e-42 0
0 4.77002e-42 1.3566e-40 3.59449e-39 8.89024e-38 2.05291e-36 4.42633e-35 8.9108e-34 1.67466e-32 2.93737e-31 4.80676e-30 7.33493e-29 1.0431e-27 1.38145e-26 1.70236e-25 1.95009e-24 2.07425e-23 2.04611e-22 1.86919e-21 1.57889e-20 1.23104e-19 8.84277e-19 5.8396e-18 3.53717e-17 1.96026e-16 9.91224e-16 4.55988e-15 1.90241e-14 7.17464e-14 2.43782e-13 7.43877e-13 2.03253e-12 4.96198e-12 1.0813e-11 2.10554e-11 3.67756e-11 5.80314e-11 8.36079e-11 1.11398e-10 1.39107e-10 1.64834e-10 1.87361e-10 2.06177e-10 2.21311e-10 2.33119e-10 2.42098e-10 2.48744e-10 2.53486e-10 2.56652e-10 2.58466e-10 2.59057e-10 2.58466e-10 2.56652e-10 2.53486e-10 2.48744e-10 2.42098e-10 2.33119e-10 2.21311e-10 2.06177e-10 1.87361e-10 1.64834e-10 1.39107e-10 1.11398e-10 8.36079e-11 5.80314e-11 3.67756e-11 2.10554e-11 1.0813e-11 4.96198e-12 2.03253e-12 7.43877e-13 2.43782e-13 7.17464e-14 1.90241e-14 4.55988e-15 9.91224e-16 1.96026e-16 3.53717e-17 5.8396e-18 8.84277e-19 1.23104e-19 1.57889e-20 1.86919e-21 2.04611e-22 2.07425e-23 1.95009e-24 1.70236e-25 1.38145e-26 1.0431e-27 7.33493e-29 4.80676e-30 2.93737e-31 1.67466e-32 8.9108e-34 4.42633e-35 2.05291e-36 8.89024e-38 3.59449e-39 1.35508e-40 0
0 6.66051e-41 1.80419e-39 4.55874e-38 1.07594e-36 2.37226e-35 4.88605e-34 9.3998e-33 1.68866e-31 2.83191e-30 4.43126e-29 6.46601e-28 8.79239e-27 1.11323e-25 1.31116e-24 1.43502e-23 1.45766e-22 1.37233e-21 1.19563e-20 9.62347e-20 7.1423e-19 4.87761e-18 3.058e-17 1.75559e-16 9.20364e-16 4.39266e-15 1.90241e-14 7.45004e-14 2.62837e-13 8.32223e-13 2.35617e-12 5.94487e-12 1.33347e-11 2.65681e-11 4.71024e-11 7.47128e-11 1.07077e-10 1.40593e-10 1.71831e-10 1.98537e-10 2.19824e-10 2.35917e-10 2.47677e-10 2.56141e-10 2.62258e-10 2.66745e-10 2.70078e-10 2.72534e-10 2.74243e-10 2.75261e-10 2.75599e-10 2.75261e-10 2.74243e-10 2.72534e-10 2.70078e-10 2.66745e-10 2.62258e-10 2.56141e-10 2.47677e-10 2.35917e-10 2.19824e-10 1.98537e-10 1.71831e-10 1.40593e-10 1.07077e-10 7.47128e-11 4.71024e-11 2.65681e-11 1.33347e-11 5.94487e-12 2.35617e-12 8.32223e-13 2.62837e-13 7.45004e-14 1.90241e-14 4.39266e-15 9.20364e-16 1.75559e-16 3.058e-17 4.87761e-18 7.1423e-19 9.62347e-20 1.19563e-20 1.37233e-21 1.45766e-22 1.43502e-23 1.31116e-24 1.11323e-25 8.79239e-27 6.46601e-28 4.43126e-29 2.83191e-30 1.68866e-31 9.3998e-33 4.88605e-34 2.37226e-35 1.07594e-36 4.55873e-38 1.80189e-39 0
0 8.4952e-40 2.19476e-38 5.29238e-37 1.19274e-35 2.51234e-34 4.94539e-33 9.09535e-32 1.56241e-30 2.50573e-29 3.74974e-28 5.23247e-27 6.80312e-26 8.23396e-25 9.26729e-24 9.68778e-23 9.39377e-22 8.43622e-21 7.00515e-20 5.3683e-19 3.78883e-18 2.45709e-17 1.46042e-16 7.93336e-16 3.92654e-15 1.76466e-14 7.17464e-14 2.62837e-13 8.63911e-13 2.53648e-12 6.62342e-12 1.53223e-11 3.13139e-11 5.64987e-11 9.02633e-11 1.28737e-10 1.66263e-10 1.98173e-10 2.22458e-10 2.39454e-10 2.50807e-10 2.58542e-10 2.64322e-10 2.69218e-10 2.73768e-10 2.78073e-10 2.8203e-10 2.85416e-10 2.88018e-10 2.89653e-10 2.90211e-10 2.89653e-10 2.88018e-10 2.85416e-10 2.8203e-10 2.78073e-10 2.73768e-10 2.69218e-10 2.64322e-10 2.58542e-10 2.50807e-10 2.39454e-10 2.22458e-10 1.98173e-10 1.66263e-10 1.28737e-10 9.02633e-11 5.64987e-11 3.13139e-11 1.53223e-11 6.62342e-12 2.53648e-12 8.63911e-13 2.62837e-13 7.17464e-14 1.76466e-14 3.92654e-15 7.93336e-16 1.46042e-16 2.45709e-17 3.78883e-18 5.3683e-19 7.00515e-20 8.43622e-21 9.39377e-22 9.68778e-23 9.26729e-24 8.23396e-25 6.80312e-26 5.23247e-27 3.74974e-28 2.50573e-29 1.56241e-30 9.09535e-32 4.94539e-33 2.51234e-34 1.19274e-35 5.29237e-37 2.19169e-38 0
0 9.89356e-39 2.43981e-37 5.61837e-36 1.20978e-34 2.43564e-33 4.58398e-32 8.0624e-31 1.32465e-29 2.03199e-28 2.90839e-27 3.88117e-26 4.82466e-25 5.58115e-24 6.00111e-23 5.98991e-22 5.54181e-21 4.74471e-20 3.75227e-19 2.73537e-18 1.83392e-17 1.12794e-16 6.3461e-16 3.25597e-15 1.51808e-14 6.40742e-14 2.43782e-13 8.32223e-13 2.53648e-12 6.866e-12 1.64206e-11 3.45339e-11 6.36614e-11 1.02856e-10 1.46431e-10 1.86179e-10 2.1619e-10 2.35692e-10 2.47514e-10 2.55236e-10 2.61818e-10 2.68953e-10 2.77037e-10 2.85828e-10 2.94725e-10 3.03097e-10 3.10467e-10 3.16447e-10 3.2085e-10 3.23518e-10 3.24423e-10 3.23518e-10 3.2085e-10 3.16447e-10 3.10467e-10 3.03097e-10 2.94725e-10 2.85828e-10 2.77037e-10 2.68953e-10 2.61818e-10 2.55236e-10 2.47514e-10 2.35692e-10 2.1619e-10 1.86179e-10 1.46431e-10 1.02856e-10 6.36614e-11 3.45339e-11 1.64206e-11 6.866e-12 2.53648e-12 8.32223e-13 2.43782e-13 6.40742e-14 1.51808e-14 3.25597e-15 6.3461e-16 1.12794e-16 1.83392e-17 2.73537e-18 3.75227e-19 4.74471e-20 5.54181e-21 5.98991e-22 6.00111e-23 5.58115e-24 4.82466e-25 3.88117e-26 2.90839e-27 2.03199e-28 1.32465e-29 8.0624e-31 4.58398e-32 2.43564e-33 1.20978e-34 5.61835e-36 2.43606e-37 0
0 1.05097e-37 2.47564e-36 5.44744e-35 1.12129e-33 2.15867e-32 3.88579e-31 6.53777e-30 1.02759e-28 1.50794e-27 2.06444e-26 2.63456e-25 3.1309e-24 3.46099e-23 3.55423e-22 3.38596e-21 2.9875e-20 2.43691e-19 1.834e-18 1.2706e-17 8.08299e-17 4.70836e-16 2.50342e-15 1.21071e-14 5.30489e-14 2.09672e-13 7.43877e-13 2.35617e-12 6.62342e-12 1.64206e-11 3.56747e-11 6.75358e-11 1.11023e-10 1.58743e-10 1.99625e-10 2.264e-10 2.40532e-10 2.48773e-10 2.5666e-10 2.66762e-10 2.79613e-10 2.94053e-10 3.0862e-10 3.22282e-10 3.34209e-10 3.44189e-10 3.52117e-10 3.58097e-10 3.62263e-10 3.64699e-10 3.65517e-10 3.64699e-10 3.62263e-10 3.58097e-10 3.52117e-10 3.44189e-10 3.34209e-10 3.22282e-10 3.0862e-10 2.94053e-10 2.79613e-10 2.66762e-10 2.5666e-10 2.48773e-10 2.40532e-10 2.264e-10 1.99625e-10 1.58743e-10 1.11023e-10 6.75358e-11 3.56747e-11 1.64206e-11 6.62342e-12 2.35617e-12 7.43877e-13 2.09672e-13 5.30489e-14 1.21071e-14 2.50342e-15 4.70836e-16 8.08299e-17 1.2706e-17 1.834e-18 2.43691e-19 2.9875e-20 3.38596e-21 3.55423e-22 3.46099e-23 3.1309e-24 2.63456e-25 2.06444e-26 1.50794e-27 1.02759e-28 6.53777e-30 3.88579e-31 2.15867e-32 1.12128e-33 5.44742e-35 2.47146e-36 0
0 1.01701e-36 2.28977e-35 4.81707e-34 9.4828e-33 1.74639e-31 3.00774e-30 4.84203e-29 7.28198e-28 1.02235e-26 1.33882e-25 1.63382e-24 1.85595e-23 1.96009e-22 1.92187e-21 1.74673e-20 1.46898e-19 1.14086e-18 8.16416e-18 5.37005e-17 3.23759e-16 1.78355e-15 8.9462e-15 4.06971e-14 1.67154e-13 6.16736e-13 2.03253e-12 5.94487e-12 1.53223e-11 3.45339e-11 6.75358e-11 1.13847e-10 1.65003e-10 2.07094e-10 2.31002e-10 2.40722e-10 2.4815e-10 2.60503e-10 2.77495e-10 2.96969e-10 3.16401e-10 3.33413e-10 3.47608e-10 3.58941e-10 3.67748e-10 3.74729e-10 3.80009e-10 3.84089e-10 3.86869e-10 3.886e-10 3.89123e-10 3.886e-10 3.86869e-10 3.84089e-10 3.80009e-10 3.74729e-10 3.67748e-10 3.58941e-10 3.47608e-10 3.33413e-10 3.16401e-10 2.96969e-10 2.77495e-10 2.60503e-10 2.4815e-10 2.40722e-10 2.31002e-10 2.07094e-10 1.65003e-10 1.13847e-10 6.75358e-11 3.45339e-11 1.53223e-11 5.94487e-12 2.03253e-12 6.16736e-13 1.67154e-13 4.06971e-14 8.9462e-15 1.78355e-15 3.23759e-16 5.37005e-17 8.16416e-18 1.14086e-18 1.46898e-19 1.74673e-20 1.92187e-21 1.96009e-22 1.85595e-23 1.63382e-24 1.33882e-25 1.02235e-26 7.28198e-28 4.84203e-29 3.00774e-30 1.74639e-31 9.4828e-33 4.81706e-34 2.28554e-35 0
0 8.95161e-36 1.92748e-34 3.87869e-33 7.30559e-32 1.28752e-30 2.12219e-29 3.26971e-28 4.70578e-27 6.32135e-26 7.91851e-25 9.24006e-24 1.00319e-22 1.01199e-21 9.47082e-21 8.2087e-20 6.57651e-19 4.85969e-18 3.30413e-17 2.06135e-16 1.1764e-15 6.12002e-15 2.8909e-14 1.23438e-13 4.74001e-13 1.62736e-12 4.96198e-12 1.33347e-11 3.13139e-11 6.36614e-11 1.11023e-10 1.65003e-10 2.09449e-10 2.32507e-10 2.39558e-10 2.48121e-10 2.67379e-10 2.91662e-10 3.14397e-10 3.33963e-10 3.48856e-10 3.59935e-10 3.69249e-10 3.76947e-10 3.84204e-10 3.90779e-10 3.96578e-10 4.01549e-10 4.05122e-10 4.07525e-10 4.08181e-10 4.07525e-10 4.05122e-10 4.01549e-10 3.96578e-10 3.90779e-10 3.84204e-10 3.76947e-10 3.69249e-10 3.59935e-10 3.48856e-10 3.33963e-10 3.14397e-10 2.91662e-10 2.67379e-10 2.48121e-10 2.39558e-10 2.32507e-10 2.09449e-10 1.65003e-10 1.11023e-10 6.36614e-11 3.13139e-11 1.33347e-11 4.96198e-12 1.62736e-12 4.74001e-13 1.23438e-13 2.8909e-14 6.12002e-15 1.1764e-15 2.06135e-16 3.30413e-17 4.85969e-18 6.57651e-19 8.2087e-20 9.47082e-21 1.01199e-21 1.00319e-22 9.24006e-24 7.91851e-25 6.32135e-26 4.70578e-27 3.26971e-28 2.12219e-29 1.28752e-30 7.30559e-32 3.87867e-33 1.92358e-34 0
0 7.15413e-35 1.47404e-33 2.83867e-32 5.11776e-31 8.63419e-30 1.36242e-28 2.0094e-27 2.76796e-26 3.558e-25 4.26346e-24 4.75693e-23 4.93544e-22 4.75463e-21 4.24594e-20 3.50817e-19 2.67622e-18 1.88047e-17 1.21382e-16 7.17586e-16 3.87209e-15 1.89969e-14 8.4365e-14 3.37425e-13 1.20833e-12 3.84809e-12 1.0813e-11 2.65681e-11 5.64987e-11 1.02856e-10 1.58743e-10 2.07094e-10 2.32507e-10 2.38974e-10 2.48568e-10 2.74106e-10 3.04131e-10 3.25605e-10 3.40947e-10 3.53358e-10 3.63152e-10 3.74197e-10 3.85886e-10 3.97397e-10 4.09242e-10 4.19276e-10 4.28475e-10 4.35354e-10 4.40658e-10 4.43653e-10 4.44783e-10 4.43653e-10 4.40658e-10 4.35354e-10 4.28475e-10 4.19276e-10 4.09242e-10 3.97397e-10 3.85886e-10 3.74197e-10 3.63152e-10 3.53358e-10 3.40947e-10 3.25605e-10 3.04131e-10 2.74106e-10 2.48568e-10 2.38974e-10 2.32507e-10 2.07094e-10 1.58743e-10 1.02856e-10 5.64987e-11 2.65681e-11 1.0813e-11 3.84809e-12 1.20833e-12 3.37425e-13 8.4365e-14 1.89969e-14 3.87209e-15 7.17586e-16 1.21382e-16 1.88047e-17 2.67622e-18 3.50817e-19 4.24594e-20 4.75463e-21 4.93544e-22 4.75693e-23 4.26346e-24 3.558e-25 2.76796e-26 2.0094e-27 1.36242e-28 8.63419e-30 5.11776e-31 2.83866e-32 1.47078e-33 0
0 5.18135e-34 1.02209e-32 1.88456e-31 3.25346e-30 5.25633e-29 7.94244e-28 1.12162e-26 1.47907e-25 1.81951e-24 2.08576e-23 2.22516e-22 2.20611e-21 2.02936e-20 1.72889e-19 1.36134e-18 9.88457e-18 6.60109e-17 4.04269e-16 2.26298e-15 1.15347e-14 5.33055e-14 2.2224e-13 8.31119e-13 2.76943e-12 8.15855e-12 2.10554e-11 4.71024e-11 9.02633e-11 1.46431e-10 1.99625e-10 2.31002e-10 2.39558e-10 2.48568e-10 2.76886e-10 3.11092e-10 3.29914e-10 3.39806e-10 3.53712e-10 3.68279e-10 3.84284e-10 4.02878e-10 4.18548e-10 4.33668e-10 4.46194e-10 4.56172e-10 4.64912e-10 4.70584e-10 4.75662e-10 4.77661e-10 4.79187e-10 4.77661e-10 4.75662e-10 4.70584e-10 4.64912e-10 4.56172e-10 4.46194e-10 4.33668e-10 4.18548e-10 4.02878e-10 3.84284e-10 3.68279e-10 3.53712e-10 3.39806e-10 3.29914e-10 3.11092e-10 2.76886e-10 2.48568e-10 2.39558e-10 2.31002e-10 1.99625e-10 1.46431e-10 9.02633e-11 4.71024e-11 2.10554e-11 8.15855e-12 2.76943e-12 8.31119e-13 2.2224e-13 5.33055e-14 1.15347e-14 2.26298e-15 4.04269e-16 6.60109e-17 9.88457e-18 1.36134e-18 1.72889e-19 2.02936e-20 2.20611e-21 2.22516e-22 2.08576e-23 1.81951e-24 1.47907e-25 1.12162e-26 7.94244e-28 5.25633e-29 3.25346e-30 1.88455e-31 1.01963e-32 0
0 3.3932e-33 6.41193e-32 1.13247e-30 1.87291e-29 2.89875e-28 4.19574e-27 5.67489e-26 7.16555e-25 8.43762e-24 9.25422e-23 9.44083e-22 8.94452e-21 7.85635e-20 6.3848e-19 4.79044e-18 3.30996e-17 2.10021e-16 1.21986e-15 6.46232e-15 3.10948e-14 1.35248e-13 5.2883e-13 1.84687e-12 5.71752e-12 1.55511e-11 3.67756e-11 7.47128e-11 1.28737e-10 1.86179e-10 2.264e-10 2.40722e-10 2.48121e-10 2.74106e-10 3.11092e-10 3.30669e-10 3.36946e-10 3.54896e-10 3.78911e-10 3.97826e-10 4.18511e-10 4.3511e-10 4.47466e-10 4.60588e-10 4.69252e-10 4.79173e-10 4.86123e-10 4.92689e-10 4.97272e-10 5.00048e-10 5.01201e-10 5.00048e-10 4.97272e-10 4.92689e-10 4.86123e-10 4.79173e-10 4.69252e-10 4.60588e-10 4.47466e-10 4.3511e-10 4.18511e-10 3.97826e-10 3.78911e-10 3.54896e-10 3.36946e-10 3.30669e-10 3.11092e-10 2.74106e-10 2.48121e-10 2.40722e-10 2.264e-10 1.86179e-10 1.28737e-10 7.47128e-11 3.67756e-11 1.55511e-11 5.71752e-12 1.84687e-12 5.2883e-13 1.35248e-13 3.10948e-14 6.46232e-15 1.21986e-15 2.10021e-16 3.30996e-17 4.79044e-18 6.3848e-19 7.85635e-20 8.94452e-21 9.44083e-22 9.25422e-23 8.43762e-24 7.16555e-25 5.67489e-26 4.19574e-27 2.89875e-28 1.87291e-29 1.13246e-30 6.39506e-32 0
0 2.00452e-32 3.63052e-31 6.14537e-30 9.74088e-29 1.4449e-27 2.00416e-26 2.59714e-25 3.14108e-24 3.54143e-23 3.71725e-22 3.62712e-21 3.28454e-20 2.75511e-19 2.13617e-18 1.52732e-17 1.00428e-16 6.05449e-16 3.33503e-15 1.67186e-14 7.59277e-14 3.10755e-13 1.13918e-12 3.71372e-12 1.06757e-11 2.67934e-11 5.80314e-11 1.07077e-10 1.66263e-10 2.1619e-10 2.40532e-10 2.4815e-10 2.67379e-10 3.04131e-10 3.29914e-10 3.36946e-10 3.55871e-10 3.88227e-10 4.07375e-10 4.22279e-10 4.4021e-10 4.51137e-10 4.66319e-10 4.80352e-10 4.92658e-10 5.06786e-10 5.15598e-10 5.2633e-10 5.30854e-10 5.36595e-10 5.36157e-10 5.36595e-10 5.30854e-10 5.2633e-10 5.15598e-10 5.06786e-10 4.92658e-10 4.80352e-10 4.66319e-10 4.51137e-10 4.4021e-10 4.22279e-10 4.07375e-10 3.88227e-10 3.55871e-10 3.36946e-10 3.29914e-10 3.04131e-10 2.67379e-10 2.4815e-10 2.40532e-10 2.1619e-10 1.66263e-10 1.07077e-10 5.80314e-11 2.67934e-11 1.06757e-11 3.71372e-12 1.13918e-12 3.10755e-13 7.59277e-14 1.67186e-14 3.33503e-15 6.05449e-16 1.00428e-16 1.52732e-17 2.13617e-18 2.75511e-19 3.28454e-20 3.62712e-21 3.71725e-22 3.54143e-23 3.14108e-24 2.59714e-25 2.00416e-26 1.4449e-27 9.74088e-29 6.14532e-30 3.62012e-31 0
0 1.0654e-31 1.85064e-30 3.00397e-29 4.56611e-28 6.49474e-27 8.63721e-26 1.0729e-24 1.24347e-23 1.34295e-22 1.34964e-21 1.26013e-20 1.09112e-19 8.74417e-19 6.47093e-18 4.4107e-17 2.76113e-16 1.58228e-15 8.26936e-15 3.92461e-14 1.68312e-13 6.48543e-13 2.23031e-12 6.79173e-12 1.8145e-11 4.20703e-11 8.36079e-11 1.40593e-10 1.98173e-10 2.35692e-10 2.48773e-10 2.60503e-10 2.91662e-10 3.25605e-10 3.39806e-10 3.54896e-10 3.88227e-10 4.10362e-10 4.18639e-10 4.39616e-10 4.58912e-10 4.75724e-10 4.98592e-10 5.13266e-10 5.30933e-10 5.43406e-10 5.54527e-10 5.63885e-10 5.69124e-10 5.74292e-10 5.74113e-10 5.74292e-10 5.69124e-10 5.63885e-10 5.54527e-10 5.43406e-10 5.30933e-10 5.13266e-10 4.98592e-10 4.75724e-10 4.58912e-10 4.39616e-10 4.18639e-10 4.10362e-10 3.88227e-10 3.54896e-10 3.39806e-10 3.25605e-10 2.91662e-10 2.60503e-10 2.48773e-10 2.35692e-10 1.98173e-10 1.40593e-10 8.36079e-11 4.20703e-11 1.8145e-11 6.79173e-12 2.23031e-12 6.48543e-13 1.68312e-13 3.92461e-14 8.26936e-15 1.58228e-15 2.76113e-16 4.4107e-17 6.47093e-18 8.74417e-19 1.09112e-19 1.26013e-20 1.34964e-21 1.34295e-22 1.24347e-23 1.0729e-24 8.63721e-26 6.49474e-27 4.56611e-28 3.00394e-29 1.84487e-30 0
