0 0 0 0 0 0 0 0 0 0 0 0 0 2.8026e-45 5.60519e-44 9.92119e-43 1.5347e-41 2.19886e-40 2.94086e-39 3.67159e-38 4.27677e-37 4.64492e-36 4.70032e-35 4.42798e-34 3.87994e-33 3.15904e-32 2.38744e-31 1.67288e-30 1.08549e-29 6.51421e-29 3.61078e-28 1.84612e-27 8.69455e-27 3.76692e-26 1.49943e-25 5.47718e-25 1.83418e-24 5.62647e-24 1.58021e-23 4.0625e-23 9.56213e-23 2.06179e-22 4.07634e-22 7.39914e-22 1.23488e-21 1.898e-21 2.69086e-21 3.52413e-21 4.26896e-21 4.78754e-21 4.97371e-21 4.78754e-21 4.26896e-21 3.52413e-21 2.69086e-21 1.898e-21 1.23488e-21 7.39914e-22 4.07634e-22 2.06179e-22 9.56213e-23 4.0625e-23 1.58021e-23 5.62647e-24 1.83418e-24 5.47718e-25 1.49943e-25 3.76692e-26 8.69455e-27 1.84612e-27 3.61078e-28 6.51421e-29 1.08549e-29 1.67288e-30 2.38744e-31 3.15904e-32 3.87994e-33 4.42798e-34 4.70032e-35 4.64492e-36 4.27677e-37 3.67159e-38 2.94086e-39 2.19886e-40 1.5347e-41 9.92119e-43 5.60519e-44 2.8026e-45 0 0 0 0 0 0 0 0 0 0 0 0
0 0 0 0 0 0 0 0 0 0 0 0 1.4013e-45 4.06377e-44 6.86636e-43 1.09596e-41 1.6163e-40 2.22655e-39 2.86552e-38 3.4438e-37 3.86258e-36 4.0404e-35 3.93865e-34 3.57499e-33 3.01859e-32 2.36862e-31 1.72534e-30 1.16532e-29 7.28909e-29 4.21707e-28 2.25367e-27 1.11107e-26 5.04655e-26 2.10913e-25 8.10133e-25 2.85695e-24 9.24222e-24 2.74105e-23 7.4508e-23 1.85639e-22 4.24151e-22 8.89478e-22 1.71416e-21 3.04039e-21 4.97185e-21 7.50923e-21 1.04934e-20 1.35882e-20 1.63269e-20 1.8221e-20 1.88987e-20 1.8221e-20 1.63269e-20 1.35882e-20 1.04934e-20 7.50923e-21 4.97185e-21 3.04039e-21 1.71416e-21 8.89478e-22 4.24151e-22 1.85639e-22 7.4508e-23 2.74105e-23 9.24222e-24 2.85695e-24 8.10133e-25 2.10913e-25 5.04655e-26 1.11107e-26 2.25367e-27 4.21707e-28 7.28909e-29 1.16532e-29 1.72534e-30 2.36862e-31 3.01859e-32 3.57499e-33 3.93865e-34 4.0404e-35 3.86258e-36 3.4438e-37 2.86552e-38 2.22655e-39 1.6163e-40 1.09596e-41 6.86636e-43 4.06377e-44 1.4013e-45 0 0 0 0 0 0 0 0 0 0 0
0 0 0 0 0 0 0 0 0 0 0 1.4013e-45 5.04467e-44 9.13647e-43 1.4865e-41 2.25336e-40 3.19337e-39 4.23134e-38 5.23987e-37 6.06088e-36 6.54403e-35 6.59073e-34 6.18659e-33 5.40771e-32 4.39745e-31 3.32325e-30 2.3314e-29 1.51654e-28 9.13564e-28 5.09009e-27 2.6197e-26 1.24383e-25 5.4413e-25 2.19062e-24 8.10751e-24 2.75598e-23 8.59885e-23 2.46162e-22 6.46558e-22 1.5587e-21 3.45171e-21 7.02973e-21 1.31872e-20 2.28276e-20 3.65358e-20 5.41737e-20 7.45571e-20 9.54e-20 1.1365e-19 1.26182e-19 1.3065e-19 1.26182e-19 1.1365e-19 9.54e-20 7.45571e-20 5.41737e-20 3.65358e-20 2.28276e-20 1.31872e-20 7.02973e-21 3.45171e-21 1.5587e-21 6.46558e-22 2.46162e-22 8.59885e-23 2.75598e-23 8.10751e-24 2.19062e-24 5.4413e-25 1.24383e-25 2.6197e-26 5.09009e-27 9.13564e-28 1.51654e-28 2.3314e-29 3.32325e-30 4.39745e-31 5.40771e-32 6.18659e-33 6.59073e-34 6.54403e-35 6.06088e-36 5.23987e-37 4.23134e-38 3.19337e-39 2.25336e-40 1.4865e-41 9.13647e-43 5.04467e-44 1.4013e-45 0 0 0 0 0 0 0 0 0 0
0 0 0 0 0 0 0 0 0 0 1.4013e-45 6.16571e-44 1.15467e-42 1.92622e-41 2.99923e-40 4.37002e-39 5.95794e-38 7.59735e-37 9.05637e-36 1.00858e-34 1.04866e-33 1.01717e-32 9.19651e-32 7.74321e-31 6.06535e-30 4.41534e-29 2.98371e-28 1.86946e-27 1.08469e-26 5.82079e-26 2.88529e-25 1.31943e-24 5.55975e-24 2.15633e-23 7.6905e-23 2.52028e-22 7.5857e-22 2.09668e-21 5.32315e-21 1.24223e-20 2.66753e-20 5.27902e-20 9.64574e-20 1.63064e-19 2.55601e-19 3.72296e-19 5.04896e-19 6.38655e-19 7.54583e-19 8.33648e-19 8.6174e-19 8.33648e-19 7.54583e-19 6.38655e-19 5.04896e-19 3.72296e-19 2.55601e-19 1.63064e-19 9.64574e-20 5.27902e-20 2.66753e-20 1.24223e-20 5.32315e-21 2.09668e-21 7.5857e-22 2.52028e-22 7.6905e-23 2.15633e-23 5.55975e-24 1.31943e-24 2.88529e-25 5.82079e-26 1.08469e-26 1.86946e-27 2.98371e-28 4.41534e-29 6.06535e-30 7.74321e-31 9.19651e-32 1.01717e-32 1.04866e-33 1.00858e-34 9.05637e-36 7.59735e-37 5.95794e-38 4.37002e-39 2.99923e-40 1.92622e-41 1.15467e-42 6.16571e-44 1.4013e-45 0 0 0 0 0 0 0 0 0
0 0 0 0 0 0 0 0 0 2.8026e-45 7.14662e-44 1.39009e-42 2.38011e-41 3.80432e-40 5.69502e-39 7.98292e-38 1.04737e-36 1.28559e-35 1.47543e-34 1.58224e-33 1.58431e-32 1.48006e-31 1.28886e-30 1.04522e-29 7.88558e-29 5.52857e-28 3.59787e-27 2.17074e-26 1.21273e-25 6.26569e-25 2.99008e-24 1.31637e-23 5.34031e-23 1.99439e-22 6.85098e-22 2.16344e-21 6.27873e-21 1.67488e-20 4.10882e-20 9.27902e-20 1.9318e-19 3.71445e-19 6.61039e-19 1.09136e-18 1.67551e-18 2.39751e-18 3.20424e-18 4.00711e-18 4.69592e-18 5.16253e-18 5.32775e-18 5.16253e-18 4.69592e-18 4.00711e-18 3.20424e-18 2.39751e-18 1.67551e-18 1.09136e-18 6.61039e-19 3.71445e-19 1.9318e-19 9.27902e-20 4.10882e-20 1.67488e-20 6.27873e-21 2.16344e-21 6.85098e-22 1.99439e-22 5.34031e-23 1.31637e-23 2.99008e-24 6.26569e-25 1.21273e-25 2.17074e-26 3.59787e-27 5.52857e-28 7.88558e-29 1.04522e-29 1.28886e-30 1.48006e-31 1.58431e-32 1.58224e-33 1.47543e-34 1.28559e-35 1.04737e-36 7.98292e-38 5.69502e-39 3.80432e-40 2.38011e-41 1.39009e-42 7.14662e-44 2.8026e-45 0 0 0 0 0 0 0 0
0 0 0 0 0 0 0 0 2.8026e-45 8.40779e-44 1.59888e-42 2.8047e-41 4.59989e-40 7.06998e-39 1.01818e-37 1.37343e-36 1.73449e-35 2.04966e-34 2.26504e-33 2.33911e-32 2.25566e-31 2.02945e-30 1.70203e-29 1.32925e-28 9.65705e-28 6.51913e-27 4.08446e-26 2.3722e-25 1.27556e-24 6.34225e-24 2.91239e-23 1.23372e-22 4.81596e-22 1.73085e-21 5.7234e-21 1.74058e-20 4.8682e-20 1.25269e-19 2.96815e-19 6.48443e-19 1.30849e-18 2.44407e-18 4.23596e-18 6.82957e-18 1.02695e-17 1.44367e-17 1.90153e-17 2.3511e-17 2.73291e-17 2.98981e-17 3.08047e-17 2.98981e-17 2.73291e-17 2.3511e-17 1.90153e-17 1.44367e-17 1.02695e-17 6.82957e-18 4.23596e-18 2.44407e-18 1.30849e-18 6.48443e-19 2.96815e-19 1.25269e-19 4.8682e-20 1.74058e-20 5.7234e-21 1.73085e-21 4.81596e-22 1.23372e-22 2.91239e-23 6.34225e-24 1.27556e-24 2.3722e-25 4.08446e-26 6.51913e-27 9.65705e-28 1.32925e-28 1.70203e-29 2.02945e-30 2.25566e-31 2.33911e-32 2.26504e-33 2.04966e-34 1.73449e-35 1.37343e-36 1.01818e-37 7.06998e-39 4.59989e-40 2.8047e-41 1.59888e-42 8.40779e-44 2.8026e-45 0 0 0 0 0 0 0
0 0 0 0 0 0 0 2.8026e-45 8.96831e-44 1.75443e-42 3.15348e-41 5.30306e-40 8.36292e-39 1.23653e-37 1.71365e-36 2.22495e-35 2.70509e-34 3.07789e-33 3.2753e-32 3.25728e-31 3.02493e-30 2.62087e-29 2.11657e-28 1.59159e-27 1.11319e-26 7.23348e-26 4.36161e-25 2.43745e-24 1.26088e-23 6.03017e-23 2.66307e-22 1.08481e-21 4.07211e-21 1.40748e-20 4.4771e-20 1.31039e-19 3.52981e-19 8.7567e-19 2.00299e-18 4.23145e-18 8.27349e-18 1.50088e-17 2.53295e-17 3.98782e-17 5.87288e-17 8.11098e-17 1.0529e-16 1.28714e-16 1.48407e-16 1.61568e-16 1.66198e-16 1.61568e-16 1.48407e-16 1.28714e-16 1.0529e-16 8.11098e-17 5.87288e-17 3.98782e-17 2.53295e-17 1.50088e-17 8.27349e-18 4.23145e-18 2.00299e-18 8.7567e-19 3.52981e-19 1.31039e-19 4.4771e-20 1.40748e-20 4.07211e-21 1.08481e-21 2.66307e-22 6.03017e-23 1.26088e-23 2.43745e-24 4.36161e-25 7.23348e-26 1.11319e-26 1.59159e-27 2.11657e-28 2.62087e-29 3.02493e-30 3.25728e-31 3.2753e-32 3.07789e-33 2.70509e-34 2.22495e-35 1.71365e-36 1.23653e-37 8.36292e-39 5.30306e-40 3.15348e-41 1.75443e-42 8.96831e-44 2.8026e-45 0 0 0 0 0 0
0 0 0 0 0 0 2.8026e-45 9.24857e-44 1.8385e-42 3.38287e-41 5.83006e-40 9.42757e-39 1.43024e-37 2.03498e-36 2.71445e-35 3.39287e-34 3.97171e-33 4.3515e-32 4.45909e-31 4.27035e-30 3.81873e-29 3.18575e-28 2.47691e-27 1.79289e-26 1.20685e-25 7.54571e-25 4.37689e-24 2.35241e-23 1.17004e-22 5.379e-22 2.28304e-21 8.93681e-21 3.22349e-20 1.07069e-19 3.27376e-19 9.21489e-19 2.38895e-18 5.70992e-18 1.26014e-17 2.57304e-17 4.87287e-17 8.58291e-17 1.41018e-16 2.16768e-16 3.12634e-16 4.24174e-16 5.42659e-16 6.55894e-16 7.50131e-16 8.12688e-16 8.34616e-16 8.12688e-16 7.50131e-16 6.55894e-16 5.42659e-16 4.24174e-16 3.12634e-16 2.16768e-16 1.41018e-16 8.58291e-17 4.87287e-17 2.57304e-17 1.26014e-17 5.70992e-18 2.38895e-18 9.21489e-19 3.27376e-19 1.07069e-19 3.22349e-20 8.93681e-21 2.28304e-21 5.379e-22 1.17004e-22 2.35241e-23 4.37689e-24 7.54571e-25 1.20685e-25 1.79289e-26 2.47691e-27 3.18575e-28 3.81873e-29 4.27035e-30 4.45909e-31 4.3515e-32 3.97171e-33 3.39287e-34 2.71445e-35 2.03498e-36 1.43024e-37 9.42757e-39 5.83006e-40 3.38287e-41 1.8385e-42 9.24857e-44 2.8026e-45 0 0 0 0 0
0 0 0 0 0 2.8026e-45 8.96831e-44 1.8385e-42 3.46289e-41 6.1127e-40 1.01298e-38 1.5758e-37 2.30043e-36 3.15037e-35 4.04543e-34 4.86843e-33 5.4875e-32 5.78936e-31 5.71256e-30 5.26767e-29 4.53529e-28 3.64225e-27 2.72561e-26 1.89849e-25 1.22942e-24 7.39301e-24 4.12315e-23 2.13001e-22 1.01798e-21 4.49552e-21 1.8324e-20 6.88707e-20 2.38499e-19 7.60608e-19 2.23352e-18 6.04089e-18 1.50603e-17 3.46551e-17 7.37432e-17 1.45457e-16 2.66698e-16 4.55946e-16 7.29125e-16 1.09409e-15 1.54514e-15 2.05932e-15 2.59628e-15 3.10248e-15 3.51947e-15 3.7944e-15 3.89044e-15 3.7944e-15 3.51947e-15 3.10248e-15 2.59628e-15 2.05932e-15 1.54514e-15 1.09409e-15 7.29125e-16 4.55946e-16 2.66698e-16 1.45457e-16 7.37432e-17 3.46551e-17 1.50603e-17 6.04089e-18 2.23352e-18 7.60608e-19 2.38499e-19 6.88707e-20 1.8324e-20 4.49552e-21 1.01798e-21 2.13001e-22 4.12315e-23 7.39301e-24 1.22942e-24 1.89849e-25 2.72561e-26 3.64225e-27 4.53529e-28 5.26767e-29 5.71256e-30 5.78936e-31 5.4875e-32 4.86843e-33 4.04543e-34 3.15037e-35 2.30043e-36 1.5758e-37 1.01298e-38 6.1127e-40 3.46289e-41 1.8385e-42 8.96831e-44 2.8026e-45 0 0 0 0
0 0 0 0 2.8026e-45 8.40779e-44 1.75443e-42 3.38287e-41 6.1127e-40 1.03752e-38 1.654e-37 2.47591e-36 3.47888e-35 4.58634e-34 5.67022e-33 6.57039e-32 7.13114e-31 7.24421e-30 6.88242e-29 6.10989e-28 5.06359e-27 3.9136e-26 2.81787e-25 1.88797e-24 1.17566e-23 6.79581e-23 3.64191e-22 1.80715e-21 8.29272e-21 3.51499e-20 1.37471e-19 4.95641e-19 1.64629e-18 5.03595e-18 1.41881e-17 3.68364e-17 8.82317e-17 1.95301e-16 4.00407e-16 7.62466e-16 1.35278e-15 2.24382e-15 3.49129e-15 5.11288e-15 7.06923e-15 9.25369e-15 1.14959e-14 1.35807e-14 1.52803e-14 1.63932e-14 1.67806e-14 1.63932e-14 1.52803e-14 1.35807e-14 1.14959e-14 9.25369e-15 7.06923e-15 5.11288e-15 3.49129e-15 2.24382e-15 1.35278e-15 7.62466e-16 4.00407e-16 1.95301e-16 8.82317e-17 3.68364e-17 1.41881e-17 5.03595e-18 1.64629e-18 4.95641e-19 1.37471e-19 3.51499e-20 8.29272e-21 1.80715e-21 3.64191e-22 6.79581e-23 1.17566e-23 1.88797e-24 2.81787e-25 3.9136e-26 5.06359e-27 6.10989e-28 6.88242e-29 7.24421e-30 7.13114e-31 6.57039e-32 5.67022e-33 4.58634e-34 3.47888e-35 2.47591e-36 1.654e-37 1.03752e-38 6.1127e-40 3.38287e-41 1.75443e-42 8.40779e-44 2.8026e-45 0 0 0
0 0 0 1.4013e-45 7.14662e-44 1.59888e-42 3.15348e-41 5.83006e-40 1.01298e-38 1.654e-37 2.5373e-36 3.65565e-35 4.94471e-34 6.27617e-33 7.47116e-32 8.33588e-31 8.7113e-30 8.52018e-29 7.79261e-28 6.65865e-27 5.31044e-26 3.94872e-25 2.73447e-24 1.76145e-23 1.05417e-22 5.85386e-22 3.01235e-21 1.43465e-20 6.31567e-20 2.56701e-19 9.6233e-19 3.32474e-18 1.05803e-17 3.10085e-17 8.37223e-17 2.08427e-16 4.79134e-16 1.01921e-15 2.01156e-15 3.69523e-15 6.34026e-15 1.01981e-14 1.54331e-14 2.20505e-14 2.98407e-14 3.83578e-14 4.69477e-14 5.48231e-14 6.11765e-14 6.53074e-14 6.67404e-14 6.53074e-14 6.11765e-14 5.48231e-14 4.69477e-14 3.83578e-14 2.98407e-14 2.20505e-14 1.54331e-14 1.01981e-14 6.34026e-15 3.69523e-15 2.01156e-15 1.01921e-15 4.79134e-16 2.08427e-16 8.37223e-17 3.10085e-17 1.05803e-17 3.32474e-18 9.6233e-19 2.56701e-19 6.31567e-20 1.43465e-20 3.01235e-21 5.85386e-22 1.05417e-22 1.76145e-23 2.73447e-24 3.94872e-25 5.31044e-26 6.65865e-27 7.79261e-28 8.52018e-29 8.7113e-30 8.33588e-31 7.47116e-32 6.27617e-33 4.94471e-34 3.65565e-35 2.5373e-36 1.654e-37 1.01298e-38 5.83006e-40 3.15348e-41 1.59888e-42 7.14662e-44 1.4013e-45 0 0
0 0 1.4013e-45 6.16571e-44 1.39009e-42 2.8047e-41 5.30306e-40 9.42757e-39 1.5758e-37 2.47591e-36 3.65565e-35 5.07024e-34 6.6028e-33 8.06934e-32 9.24906e-31 9.9361e-30 9.99699e-29 9.41243e-28 8.28564e-27 6.81273e-26 5.22681e-25 3.73758e-24 2.48813e-23 1.5401e-22 8.85251e-22 4.71906e-21 2.32993e-20 1.06406e-19 4.48937e-19 1.74786e-18 6.27355e-18 2.0744e-17 6.31658e-17 1.77135e-16 4.57734e-16 1.09127e-15 2.40475e-15 4.91045e-15 9.32047e-15 1.65032e-14 2.73641e-14 4.26562e-14 6.27538e-14 8.7442e-14 1.15784e-13 1.4611e-13 1.7615e-13 2.03298e-13 2.24964e-13 2.38951e-13 2.43785e-13 2.38951e-13 2.24964e-13 2.03298e-13 1.7615e-13 1.4611e-13 1.15784e-13 8.7442e-14 6.27538e-14 4.26562e-14 2.73641e-14 1.65032e-14 9.32047e-15 4.91045e-15 2.40475e-15 1.09127e-15 4.57734e-16 1.77135e-16 6.31658e-17 2.0744e-17 6.27355e-18 1.74786e-18 4.48937e-19 1.06406e-19 2.32993e-20 4.71906e-21 8.85251e-22 1.5401e-22 2.48813e-23 3.73758e-24 5.22681e-25 6.81273e-26 8.28564e-27 9.41243e-28 9.99699e-29 9.9361e-30 9.24906e-31 8.06934e-32 6.6028e-33 5.07024e-34 3.65565e-35 2.47591e-36 1.5758e-37 9.42757e-39 5.30306e-40 2.8047e-41 1.39009e-42 6.16571e-44 1.4013e-45 0
0 1.4013e-45 5.04467e-44 1.15467e-42 2.38011e-41 4.59989e-40 8.36292e-39 1.43024e-37 2.30043e-36 3.47888e-35 4.94471e-34 6.6028e-33 8.2791e-32 9.74217e-31 1.07514e-29 1.11198e-28 1.07698e-27 9.75918e-27 8.26623e-26 6.53801e-25 4.82339e-24 3.3153e-23 2.12043e-22 1.26037e-21 6.95299e-21 3.55513e-20 1.68254e-19 7.36079e-19 2.97301e-18 1.10738e-17 3.80049e-17 1.20104e-16 3.49427e-16 9.36194e-16 2.31192e-15 5.27066e-15 1.11183e-14 2.17664e-14 3.9688e-14 6.76681e-14 1.08337e-13 1.63553e-13 2.33764e-13 3.17504e-13 4.11181e-13 5.09211e-13 6.04534e-13 6.89414e-13 7.56405e-13 7.9933e-13 8.14113e-13 7.9933e-13 7.56405e-13 6.89414e-13 6.04534e-13 5.09211e-13 4.11181e-13 3.17504e-13 2.33764e-13 1.63553e-13 1.08337e-13 6.76681e-14 3.9688e-14 2.17664e-14 1.11183e-14 5.27066e-15 2.31192e-15 9.36194e-16 3.49427e-16 1.20104e-16 3.80049e-17 1.10738e-17 2.97301e-18 7.36079e-19 1.68254e-19 3.55513e-20 6.95299e-21 1.26037e-21 2.12043e-22 3.3153e-23 4.82339e-24 6.53801e-25 8.26623e-26 9.75918e-27 1.07698e-27 1.11198e-28 1.07514e-29 9.74217e-31 8.2791e-32 6.6028e-33 4.94471e-34 3.47888e-35 2.30043e-36 1.43024e-37 8.36292e-39 4.59989e-40 2.38011e-41 1.15467e-42 5.04467e-44 0
0 4.06377e-44 9.13647e-43 1.92622e-41 3.80432e-40 7.06998e-39 1.23653e-37 2.03498e-36 3.15037e-35 4.58634e-34 6.27617e-33 8.06934e-32 9.74217e-31 1.10376e-29 1.17272e-28 1.16755e-27 1.0883e-26 9.4888e-26 7.73085e-25 5.87934e-24 4.16883e-23 2.75266e-22 1.69039e-21 9.64126e-21 5.10028e-20 2.49896e-19 1.13247e-18 4.74035e-18 1.83051e-17 6.51389e-17 2.1343e-16 6.43588e-16 1.78602e-15 4.56389e-15 1.07521e-14 2.34007e-14 4.71788e-14 8.84219e-14 1.54676e-13 2.53655e-13 3.91728e-13 5.72235e-13 7.9402e-13 1.05056e-12 1.32993e-12 1.6156e-12 1.88808e-12 2.12699e-12 2.31337e-12 2.43189e-12 2.47254e-12 2.43189e-12 2.31337e-12 2.12699e-12 1.88808e-12 1.6156e-12 1.32993e-12 1.05056e-12 7.9402e-13 5.72235e-13 3.91728e-13 2.53655e-13 1.54676e-13 8.84219e-14 4.71788e-14 2.34007e-14 1.07521e-14 4.56389e-15 1.78602e-15 6.43588e-16 2.1343e-16 6.51389e-17 1.83051e-17 4.74035e-18 1.13247e-18 2.49896e-19 5.10028e-20 9.64126e-21 1.69039e-21 2.75266e-22 4.16883e-23 5.87934e-24 7.73085e-25 9.4888e-26 1.0883e-26 1.16755e-27 1.17272e-28 1.10376e-29 9.74217e-31 8.06934e-32 6.27617e-33 4.58634e-34 3.15037e-35 2.03498e-36 1.23653e-37 7.06998e-39 3.80432e-40 1.92622e-41 9.13647e-43 0
0 6.86636e-43 1.4865e-41 2.99923e-40 5.69502e-39 1.01818e-37 1.71365e-36 2.71445e-35 4.04543e-34 5.67022e-33 7.47116e-32 9.24906e-31 1.07514e-29 1.17272e-28 1.19939e-27 1.14921e-26 1.03067e-25 8.6435e-25 6.77094e-24 4.94881e-23 3.37068e-22 2.13667e-21 1.25885e-20 6.88366e-20 3.48854e-19 1.63612e-18 7.09103e-18 2.83616e-17 1.04552e-16 3.54866e-16 1.10814e-15 3.18252e-15 8.40783e-15 2.04506e-14 4.5872e-14 9.51232e-14 1.8296e-13 3.27719e-13 5.49156e-13 8.65026e-13 1.28708e-12 1.81742e-12 2.44603e-12 3.15015e-12 3.89557e-12 4.63953e-12 5.33488e-12 5.93473e-12 6.39703e-12 6.68859e-12 6.78821e-12 6.68859e-12 6.39703e-12 5.93473e-12 5.33488e-12 4.63953e-12 3.89557e-12 3.15015e-12 2.44603e-12 1.81742e-12 1.28708e-12 8.65026e-13 5.49156e-13 3.27719e-13 1.8296e-13 9.51232e-14 4.5872e-14 2.04506e-14 8.40783e-15 3.18252e-15 1.10814e-15 3.54866e-16 1.04552e-16 2.83616e-17 7.09103e-18 1.63612e-18 3.48854e-19 6.88366e-20 1.25885e-20 2.13667e-21 3.37068e-22 4.94881e-23 6.77094e-24 8.6435e-25 1.03067e-25 1.14921e-26 1.19939e-27 1.17272e-28 1.07514e-29 9.24906e-31 7.47116e-32 5.67022e-33 4.04543e-34 2.71445e-35 1.71365e-36 1.01818e-37 5.69502e-39 2.99923e-40 1.48412e-41 0
0 1.09203e-41 2.25334e-40 4.37002e-39 7.98292e-38 1.37343e-36 2.22495e-35 3.39287e-34 4.86843e-33 6.57039e-32 8.33588e-31 9.9361e-30 1.11198e-28 1.16755e-27 1.14921e-26 1.05946e-25 9.13909e-25 7.36893e-24 5.54748e-23 3.8945e-22 2.54631e-21 1.5484e-20 8.74475e-20 4.57995e-19 2.22109e-18 9.95863e-18 4.12206e-17 1.57288e-16 5.52584e-16 1.78557e-15 5.30321e-15 1.44746e-14 3.63221e-14 8.38998e-14 1.78766e-13 3.52412e-13 6.45283e-13 1.1025e-12 1.7666e-12 2.66869e-12 3.82034e-12 5.20802e-12 6.79133e-12 8.50534e-12 1.02662e-11 1.19786e-11 1.35449e-11 1.48728e-11 1.58828e-11 1.65143e-11 1.67292e-11 1.65143e-11 1.58828e-11 1.48728e-11 1.35449e-11 1.19786e-11 1.02662e-11 8.50534e-12 6.79133e-12 5.20802e-12 3.82034e-12 2.66869e-12 1.7666e-12 1.1025e-12 6.45283e-13 3.52412e-13 1.78766e-13 8.38998e-14 3.63221e-14 1.44746e-14 5.30321e-15 1.78557e-15 5.52584e-16 1.57288e-16 4.12206e-17 9.95863e-18 2.22109e-18 4.57995e-19 8.74475e-20 1.5484e-20 2.54631e-21 3.8945e-22 5.54748e-23 7.36893e-24 9.13909e-25 1.05946e-25 1.14921e-26 1.16755e-27 1.11198e-28 9.9361e-30 8.33588e-31 6.57039e-32 4.86843e-33 3.39287e-34 2.22495e-35 1.37343e-36 7.98292e-38 4.37e-39 2.2484e-40 0
0 1.60949e-40 3.19335e-39 5.95794e-38 1.04737e-36 1.73449e-35 2.70509e-34 3.97171e-33 5.4875e-32 7.13114e-31 8.7113e-30 9.99699e-29 1.07698e-27 1.0883e-26 1.03067e-25 9.13909e-25 7.57967e-24 5.8732e-23 4.24672e-22 2.86172e-21 1.79474e-20 1.04604e-19 5.65728e-19 2.83467e-18 1.31382e-17 5.62355e-17 2.21947e-16 8.06524e-16 2.69499e-15 8.27258e-15 2.33139e-14 6.03226e-14 1.43401e-13 3.13717e-13 6.33243e-13 1.18366e-12 2.05819e-12 3.34664e-12 5.11719e-12 7.39967e-12 1.01747e-11 1.33713e-11 1.68718e-11 2.05243e-11 2.41564e-11 2.75907e-11 3.06587e-11 3.32107e-11 3.51244e-11 3.63094e-11 3.67106e-11 3.63094e-11 3.51244e-11 3.32107e-11 3.06587e-11 2.75907e-11 2.41564e-11 2.05243e-11 1.68718e-11 1.33713e-11 1.01747e-11 7.39967e-12 5.11719e-12 3.34664e-12 2.05819e-12 1.18366e-12 6.33243e-13 3.13717e-13 1.43401e-13 6.03226e-14 2.33139e-14 8.27258e-15 2.69499e-15 8.06524e-16 2.21947e-16 5.62355e-17 1.31382e-17 2.83467e-18 5.65728e-19 1.04604e-19 1.79474e-20 2.86172e-21 4.24672e-22 5.8732e-23 7.57967e-24 9.13909e-25 1.03067e-25 1.0883e-26 1.07698e-27 9.99699e-29 8.7113e-30 7.13114e-31 5.4875e-32 3.97171e-33 2.70509e-34 1.73449e-35 1.04737e-36 5.95791e-38 3.18568e-39 0
0 2.21629e-39 4.23129e-38 7.59735e-37 1.28559e-35 2.04966e-34 3.07789e-33 4.3515e-32 5.78936e-31 7.24421e-30 8.52018e-29 9.41243e-28 9.75918e-27 9.4888e-26 8.6435e-25 7.36893e-24 5.8732e-23 4.371e-22 3.03365e-21 1.96079e-20 1.17854e-19 6.57709e-19 3.40252e-18 1.629e-17 7.20529e-17 2.93939e-16 1.10413e-15 3.8131e-15 1.2091e-14 3.51686e-14 9.37883e-14 2.29368e-13 5.14955e-13 1.06358e-12 2.02741e-12 3.58229e-12 5.89822e-12 9.10298e-12 1.32502e-11 1.83011e-11 2.41237e-11 3.05082e-11 3.71918e-11 4.38873e-11 5.03094e-11 5.61945e-11 6.13147e-11 6.54839e-11 6.85602e-11 7.04447e-11 7.10792e-11 7.04447e-11 6.85602e-11 6.54839e-11 6.13147e-11 5.61945e-11 5.03094e-11 4.38873e-11 3.71918e-11 3.05082e-11 2.41237e-11 1.83011e-11 1.32502e-11 9.10298e-12 5.89822e-12 3.58229e-12 2.02741e-12 1.06358e-12 5.14955e-13 2.29368e-13 9.37883e-14 3.51686e-14 1.2091e-14 3.8131e-15 1.10413e-15 2.93939e-16 7.20529e-17 1.629e-17 3.40252e-18 6.57709e-19 1.17854e-19 1.96079e-20 3.03365e-21 4.371e-22 5.8732e-23 7.36893e-24 8.6435e-25 9.4888e-26 9.75918e-27 9.41243e-28 8.52018e-29 7.24421e-30 5.78936e-31 4.3515e-32 3.07789e-33 2.04966e-34 1.28559e-35 7.59729e-37 4.22032e-38 0
0 2.85125e-38 5.2398e-37 9.05637e-36 1.47543e-34 2.26504e-33 3.2753e-32 4.45909e-31 5.71256e-30 6.88242e-29 7.79261e-28 8.28564e-27 8.26623e-26 7.73085e-25 6.77094e-24 5.54748e-23 4.24672e-22 3.03365e-21 2.01945e-20 1.2509e-19 7.19859e-19 3.84233e-18 1.89895e-17 8.67407e-17 3.65538e-16 1.41858e-15 5.06079e-15 1.65703e-14 4.97283e-14 1.36654e-13 3.43742e-13 7.91823e-13 1.6728e-12 3.24965e-12 5.82808e-12 9.69946e-12 1.50712e-11 2.20093e-11 3.04119e-11 4.00202e-11 5.04583e-11 6.12876e-11 7.20607e-11 8.23641e-11 9.18457e-11 1.00226e-10 1.07296e-10 1.12912e-10 1.16978e-10 1.19437e-10 1.2026e-10 1.19437e-10 1.16978e-10 1.12912e-10 1.07296e-10 1.00226e-10 9.18457e-11 8.23641e-11 7.20607e-11 6.12876e-11 5.04583e-11 4.00202e-11 3.04119e-11 2.20093e-11 1.50712e-11 9.69946e-12 5.82808e-12 3.24965e-12 1.6728e-12 7.91823e-13 3.43742e-13 1.36654e-13 4.97283e-14 1.65703e-14 5.06079e-15 1.41858e-15 3.65538e-16 8.67407e-17 1.89895e-17 3.84233e-18 7.19859e-19 1.2509e-19 2.01945e-20 3.03365e-21 4.24672e-22 5.54748e-23 6.77094e-24 7.73085e-25 8.26623e-26 8.28564e-27 7.79261e-28 6.88242e-29 5.71256e-30 4.45909e-31 3.2753e-32 2.26504e-33 1.47543e-34 9.0563e-36 5.22513e-37 0
0 3.42529e-37 6.06079e-36 1.00858e-34 1.58224e-33 2.33911e-32 3.25728e-31 4.27035e-30 5.26767e-29 6.10989e-28 6.65865e-27 6.81273e-26 6.53801e-25 5.87934e-24 4.94881e-23 3.8945e-22 2.86172e-21 1.96079e-20 1.2509e-19 7.41842e-19 4.08291e-18 2.08173e-17 9.81435e-17 4.27015e-16 1.71123e-15 6.30386e-15 2.13065e-14 6.59591e-14 1.86758e-13 4.8319e-13 1.14206e-12 2.46777e-12 4.88443e-12 8.88529e-12 1.4927e-11 2.3301e-11 3.4035e-11 4.68646e-11 6.12793e-11 7.66179e-11 9.21794e-11 1.07317e-10 1.21498e-10 1.34333e-10 1.45571e-10 1.55077e-10 1.62803e-10 1.68754e-10 1.72963e-10 1.75469e-10 1.763e-10 1.75469e-10 1.72963e-10 1.68754e-10 1.62803e-10 1.55077e-10 1.45571e-10 1.34333e-10 1.21498e-10 1.07317e-10 9.21794e-11 7.66179e-11 6.12793e-11 4.68646e-11 3.4035e-11 2.3301e-11 1.4927e-11 8.88529e-12 4.88443e-12 2.46777e-12 1.14206e-12 4.8319e-13 1.86758e-13 6.59591e-14 2.13065e-14 6.30386e-15 1.71123e-15 4.27015e-16 9.81435e-17 2.08173e-17 4.08291e-18 7.41842e-19 1.2509e-19 1.96079e-20 2.86172e-21 3.8945e-22 4.94881e-23 5.87934e-24 6.53801e-25 6.81273e-26 6.65865e-27 6.10989e-28 5.26767e-29 4.27035e-30 3.25728e-31 2.33911e-32 1.58224e-33 1.00857e-34 6.04248e-36 0
0 3.84017e-36 6.54392e-35 1.04866e-33 1.58431e-32 2.25566e-31 3.02493e-30 3.81873e-29 4.53529e-28 5.06359e-27 5.31044e-26 5.22681e-25 4.82339e-24 4.16883e-23 3.37068e-22 2.54631e-21 1.79474e-20 1.17854e-19 7.19859e-19 4.08291e-18 2.14645e-17 1.0439e-16 4.68708e-16 1.93881e-15 7.37255e-15 2.57167e-14 8.21155e-14 2.39571e-13 6.37645e-13 1.54686e-12 3.41985e-12 6.89779e-12 1.27252e-11 2.15626e-11 3.37586e-11 4.91893e-11 6.72478e-11 8.69764e-11 1.07275e-10 1.27102e-10 1.45624e-10 1.62273e-10 1.7675e-10 1.88975e-10 1.99024e-10 2.07061e-10 2.13286e-10 2.17897e-10 2.21062e-10 2.22909e-10 2.23516e-10 2.22909e-10 2.21062e-10 2.17897e-10 2.13286e-10 2.07061e-10 1.99024e-10 1.88975e-10 1.7675e-10 1.62273e-10 1.45624e-10 1.27102e-10 1.07275e-10 8.69764e-11 6.72478e-11 4.91893e-11 3.37586e-11 2.15626e-11 1.27252e-11 6.89779e-12 3.41985e-12 1.54686e-12 6.37645e-13 2.39571e-13 8.21155e-14 2.57167e-14 7.37255e-15 1.93881e-15 4.68708e-16 1.0439e-16 2.14645e-17 4.08291e-18 7.19859e-19 1.17854e-19 1.79474e-20 2.54631e-21 3.37068e-22 4.16883e-23 4.82339e-24 5.22681e-25 5.31044e-26 5.06359e-27 4.53529e-28 3.81873e-29 3.02493e-30 2.25566e-31 1.58431e-32 1.04865e-33 6.52259e-35 0
0 4.01513e-35 6.5906e-34 1.01717e-32 1.48006e-31 2.02945e-30 2.62087e-29 3.18575e-28 3.64225e-27 3.9136e-26 3.94872e-25 3.73758e-24 3.3153e-23 2.75266e-22 2.13667e-21 1.5484e-20 1.04604e-19 6.57709e-19 3.84233e-18 2.08173e-17 1.0439e-16 4.83483e-16 2.06359e-15 8.09795e-15 2.91472e-14 9.59954e-14 2.88624e-13 7.90563e-13 1.96942e-12 4.45776e-12 9.16846e-12 1.71604e-11 2.93258e-11 4.6003e-11 6.67271e-11 9.02794e-11 1.15007e-10 1.39234e-10 1.61594e-10 1.81207e-10 1.97691e-10 2.1107e-10 2.21632e-10 2.29795e-10 2.36e-10 2.40649e-10 2.44071e-10 2.46513e-10 2.48148e-10 2.49089e-10 2.49396e-10 2.49089e-10 2.48148e-10 2.46513e-10 2.44071e-10 2.40649e-10 2.36e-10 2.29795e-10 2.21632e-10 2.1107e-10 1.97691e-10 1.81207e-10 1.61594e-10 1.39234e-10 1.15007e-10 9.02794e-11 6.67271e-11 4.6003e-11 2.93258e-11 1.71604e-11 9.16846e-12 4.45776e-12 1.96942e-12 7.90563e-13 2.88624e-13 9.59954e-14 2.91472e-14 8.09795e-15 2.06359e-15 4.83483e-16 1.0439e-16 2.08173e-17 3.84233e-18 6.57709e-19 1.04604e-19 1.5484e-20 2.13667e-21 2.75266e-22 3.3153e-23 3.73758e-24 3.94872e-25 3.9136e-26 3.64225e-27 3.18575e-28 2.62087e-29 2.02945e-30 1.48006e-31 1.01716e-32 6.56744e-34 0
0 3.91209e-34 6.18645e-33 9.19651e-32 1.28886e-30 1.70203e-29 2.11657e-28 2.47691e-27 2.72561e-26 2.81787e-25 2.73447e-24 2.48813e-23 2.12043e-22 1.69039e-21 1.25885e-20 8.74475e-20 5.65728e-19 3.40252e-18 1.89895e-17 9.81435e-17 4.68708e-16 2.06359e-15 8.35512e-15 3.10286e-14 1.05412e-13 3.2671e-13 9.21384e-13 2.35884e-12 5.47168e-12 1.14884e-11 2.18387e-11 3.76643e-11 5.91938e-11 8.53648e-11 1.1401e-10 1.42531e-10 1.68654e-10 1.90902e-10 2.08709e-10 2.22267e-10 2.32227e-10 2.39416e-10 2.44627e-10 2.485e-10 2.51489e-10 2.53874e-10 2.55796e-10 2.57309e-10 2.58414e-10 2.5909e-10 2.59318e-10 2.5909e-10 2.58414e-10 2.57309e-10 2.55796e-10 2.53874e-10 2.51489e-10 2.485e-10 2.44627e-10 2.39416e-10 2.32227e-10 2.22267e-10 2.08709e-10 1.90902e-10 1.68654e-10 1.42531e-10 1.1401e-10 8.53648e-11 5.91938e-11 3.76643e-11 2.18387e-11 1.14884e-11 5.47168e-12 2.35884e-12 9.21384e-13 3.2671e-13 1.05412e-13 3.10286e-14 8.35512e-15 2.06359e-15 4.68708e-16 9.81435e-17 1.89895e-17 3.40252e-18 5.65728e-19 8.74475e-20 1.25885e-20 1.69039e-21 2.12043e-22 2.48813e-23 2.73447e-24 2.81787e-25 2.72561e-26 2.47691e-27 2.11657e-28 1.70203e-29 1.28886e-30 9.19637e-32 6.16302e-33 0
0 3.54901e-33 5.40757e-32 7.7432e-31 1.04522e-29 1.32925e-28 1.59159e-27 1.79289e-26 1.89849e-25 1.88797e-24 1.76145e-23 1.5401e-22 1.26037e-21 9.64126e-21 6.88366e-20 4.57995e-19 2.83467e-18 1.629e-17 8.67407e-17 4.27015e-16 1.93881e-15 8.09795e-15 3.10286e-14 1.0875e-13 3.47573e-13 1.00988e-12 2.65944e-12 6.33005e-12 1.35888e-11 2.62805e-11 4.58148e-11 7.22101e-11 1.03527e-10 1.36288e-10 1.66768e-10 1.92283e-10 2.11748e-10 2.25505e-10 2.3478e-10 2.41071e-10 2.45709e-10 2.49648e-10 2.53427e-10 2.57246e-10 2.61077e-10 2.64768e-10 2.6812e-10 2.70943e-10 2.73075e-10 2.744e-10 2.7485e-10 2.744e-10 2.73075e-10 2.70943e-10 2.6812e-10 2.64768e-10 2.61077e-10 2.57246e-10 2.53427e-10 2.49648e-10 2.45709e-10 2.41071e-10 2.3478e-10 2.25505e-10 2.11748e-10 1.92283e-10 1.66768e-10 1.36288e-10 1.03527e-10 7.22101e-11 4.58148e-11 2.62805e-11 1.35888e-11 6.33005e-12 2.65944e-12 1.00988e-12 3.47573e-13 1.0875e-13 3.10286e-14 8.09795e-15 1.93881e-15 4.27015e-16 8.67407e-17 1.629e-17 2.83467e-18 4.57995e-19 6.88366e-20 9.64126e-21 1.26037e-21 1.5401e-22 1.76145e-23 1.88797e-24 1.89849e-25 1.79289e-26 1.59159e-27 1.32925e-28 1.04522e-29 7.74308e-31 5.3855e-32 0
0 2.99496e-32 4.39731e-31 6.06535e-30 7.88558e-29 9.65705e-28 1.11319e-26 1.20685e-25 1.22942e-24 1.17566e-23 1.05417e-22 8.85251e-22 6.95299e-21 5.10028e-20 3.48854e-19 2.22109e-18 1.31382e-17 7.20529e-17 3.65538e-16 1.71123e-15 7.37255e-15 2.91472e-14 1.05412e-13 3.47573e-13 1.04121e-12 2.82353e-12 6.90658e-12 1.5189e-11 2.99563e-11 5.29217e-11 8.38437e-11 1.19676e-10 1.5531e-10 1.85807e-10 2.08501e-10 2.23495e-10 2.32726e-10 2.38737e-10 2.43731e-10 2.49093e-10 2.55384e-10 2.62569e-10 2.70269e-10 2.78009e-10 2.85339e-10 2.91909e-10 2.97478e-10 3.01898e-10 3.0509e-10 3.07014e-10 3.07658e-10 3.07014e-10 3.0509e-10 3.01898e-10 2.97478e-10 2.91909e-10 2.85339e-10 2.78009e-10 2.70269e-10 2.62569e-10 2.55384e-10 2.49093e-10 2.43731e-10 2.38737e-10 2.32726e-10 2.23495e-10 2.08501e-10 1.85807e-10 1.5531e-10 1.19676e-10 8.38437e-11 5.29217e-11 2.99563e-11 1.5189e-11 6.90658e-12 2.82353e-12 1.04121e-12 3.47573e-13 1.05412e-13 2.91472e-14 7.37255e-15 1.71123e-15 3.65538e-16 7.20529e-17 1.31382e-17 2.22109e-18 3.48854e-19 5.10028e-20 6.95299e-21 8.85251e-22 1.05417e-22 1.17566e-23 1.22942e-24 1.20685e-25 1.11319e-26 9.65705e-28 7.88558e-29 6.06523e-30 4.37798e-31 0
0 2.34865e-31 3.32313e-30 4.41534e-29 5.52857e-28 6.51913e-27 7.23348e-26 7.54571e-25 7.39301e-24 6.79581e-23 5.85386e-22 4.71906e-21 3.55513e-20 2.49896e-19 1.63612e-18 9.95863e-18 5.62355e-17 2.93939e-16 1.41858e-15 6.30386e-15 2.57167e-14 9.59954e-14 3.2671e-13 1.00988e-12 2.82353e-12 7.10987e-12 1.60554e-11 3.23862e-11 5.8182e-11 9.29983e-11 1.32595e-10 1.70006e-10 1.9905e-10 2.17639e-10 2.28011e-10 2.34272e-10 2.40054e-10 2.47516e-10 2.57219e-10 2.68614e-10 2.80745e-10 2.92647e-10 3.03606e-10 3.13219e-10 3.2131e-10 3.27895e-10 3.33054e-10 3.36913e-10 3.39581e-10 3.41146e-10 3.41662e-10 3.41146e-10 3.39581e-10 3.36913e-10 3.33054e-10 3.27895e-10 3.2131e-10 3.13219e-10 3.03606e-10 2.92647e-10 2.80745e-10 2.68614e-10 2.57219e-10 2.47516e-10 2.40054e-10 2.34272e-10 2.28011e-10 2.17639e-10 1.9905e-10 1.70006e-10 1.32595e-10 9.29983e-11 5.8182e-11 3.23862e-11 1.60554e-11 7.10987e-12 2.82353e-12 1.00988e-12 3.2671e-13 9.59954e-14 2.57167e-14 6.30386e-15 1.41858e-15 2.93939e-16 5.62355e-17 9.95863e-18 1.63612e-18 2.49896e-19 3.55513e-20 4.71906e-21 5.85386e-22 6.79581e-23 7.39301e-24 7.54571e-25 7.23348e-26 6.51913e-27 5.52857e-28 4.41524e-29 3.30739e-30 0
0 1.70968e-30 2.3313e-29 2.98371e-28 3.59787e-27 4.08446e-26 4.36161e-25 4.37689e-24 4.12315e-23 3.64191e-22 3.01235e-21 2.32993e-20 1.68254e-19 1.13247e-18 7.09103e-18 4.12206e-17 2.21947e-16 1.10413e-15 5.06079e-15 2.13065e-14 8.21155e-14 2.88624e-13 9.21384e-13 2.65944e-12 6.90658e-12 1.60554e-11 3.32361e-11 6.09789e-11 9.88336e-11 1.41509e-10 1.80104e-10 2.07116e-10 2.21467e-10 2.28396e-10 2.34491e-10 2.43567e-10 2.56375e-10 2.71747e-10 2.87687e-10 3.02561e-10 3.15467e-10 3.26072e-10 3.34554e-10 3.41238e-10 3.4649e-10 3.50628e-10 3.53844e-10 3.5629e-10 3.58005e-10 3.59038e-10 3.59375e-10 3.59038e-10 3.58005e-10 3.5629e-10 3.53844e-10 3.50628e-10 3.4649e-10 3.41238e-10 3.34554e-10 3.26072e-10 3.15467e-10 3.02561e-10 2.87687e-10 2.71747e-10 2.56375e-10 2.43567e-10 2.34491e-10 2.28396e-10 2.21467e-10 2.07116e-10 1.80104e-10 1.41509e-10 9.88336e-11 6.09789e-11 3.32361e-11 1.60554e-11 6.90658e-12 2.65944e-12 9.21384e-13 2.88624e-13 8.21155e-14 2.13065e-14 5.06079e-15 1.10413e-15 2.21947e-16 4.12206e-17 7.09103e-18 1.13247e-18 1.68254e-19 2.32993e-20 3.01235e-21 3.64191e-22 4.12315e-23 4.37689e-24 4.36161e-25 4.08446e-26 3.59787e-27 2.98363e-28 2.31941e-29 0
0 1.15393e-29 1.51646e-28 1.86946e-27 2.17074e-26 2.3722e-25 2.43745e-24 2.35241e-23 2.13001e-22 1.80715e-21 1.43465e-20 1.06406e-19 7.36079e-19 4.74035e-18 2.83616e-17 1.57288e-16 8.06524e-16 3.8131e-15 1.65703e-14 6.59591e-14 2.39571e-13 7.90563e-13 2.35884e-12 6.33005e-12 1.5189e-11 3.23862e-11 6.09789e-11 1.00836e-10 1.46033e-10 1.85879e-10 2.11324e-10 2.22254e-10 2.27423e-10 2.36027e-10 2.50766e-10 2.69286e-10 2.88363e-10 3.05322e-10 3.18846e-10 3.29226e-10 3.37172e-10 3.43546e-10 3.49104e-10 3.54141e-10 3.58872e-10 3.63198e-10 3.67027e-10 3.70196e-10 3.7256e-10 3.74031e-10 3.74519e-10 3.74031e-10 3.7256e-10 3.70196e-10 3.67027e-10 3.63198e-10 3.58872e-10 3.54141e-10 3.49104e-10 3.43546e-10 3.37172e-10 3.29226e-10 3.18846e-10 3.05322e-10 2.88363e-10 2.69286e-10 2.50766e-10 2.36027e-10 2.27423e-10 2.22254e-10 2.11324e-10 1.85879e-10 1.46033e-10 1.00836e-10 6.09789e-11 3.23862e-11 1.5189e-11 6.33005e-12 2.35884e-12 7.90563e-13 2.39571e-13 6.59591e-14 1.65703e-14 3.8131e-15 8.06524e-16 1.57288e-16 2.83616e-17 4.74035e-18 7.36079e-19 1.06406e-19 1.43465e-20 1.80715e-21 2.13001e-22 2.35241e-23 2.43745e-24 2.3722e-25 2.17074e-26 1.8694e-27 1.50813e-28 0
0 7.21241e-29 9.13513e-28 1.08469e-26 1.21273e-25 1.27556e-24 1.26088e-23 1.17004e-22 1.01798e-21 8.29272e-21 6.31567e-20 4.48937e-19 2.97301e-18 1.83051e-17 1.04552e-16 5.52584e-16 2.69499e-15 1.2091e-14 4.97283e-14 1.86758e-13 6.37645e-13 1.96942e-12 5.47168e-12 1.35888e-11 2.99563e-11 5.8182e-11 9.88336e-11 1.46033e-10 1.87742e-10 2.13019e-10 2.21935e-10 2.26605e-10 2.39065e-10 2.59978e-10 2.82302e-10 3.01215e-10 3.15577e-10 3.25678e-10 3.33502e-10 3.40879e-10 3.48403e-10 3.56566e-10 3.65016e-10 3.73332e-10 3.81208e-10 3.8814e-10 3.94081e-10 3.98709e-10 4.02111e-10 4.04108e-10 4.04816e-10 4.04108e-10 4.02111e-10 3.98709e-10 3.94081e-10 3.8814e-10 3.81208e-10 3.73332e-10 3.65016e-10 3.56566e-10 3.48403e-10 3.40879e-10 3.33502e-10 3.25678e-10 3.15577e-10 3.01215e-10 2.82302e-10 2.59978e-10 2.39065e-10 2.26605e-10 2.21935e-10 2.13019e-10 1.87742e-10 1.46033e-10 9.88336e-11 5.8182e-11 2.99563e-11 1.35888e-11 5.47168e-12 1.96942e-12 6.37645e-13 1.86758e-13 4.97283e-14 1.2091e-14 2.69499e-15 5.52584e-16 1.04552e-16 1.83051e-17 2.97301e-18 4.48937e-19 6.31567e-20 8.29272e-21 1.01798e-21 1.17004e-22 1.26088e-23 1.27556e-24 1.21273e-25 1.08465e-26 9.08111e-28 0
0 4.16932e-28 5.08976e-27 5.82079e-26 6.26569e-25 6.34225e-24 6.03017e-23 5.379e-22 4.49552e-21 3.51499e-20 2.56701e-19 1.74786e-18 1.10738e-17 6.51389e-17 3.54866e-16 1.78557e-15 8.27258e-15 3.51686e-14 1.36654e-13 4.8319e-13 1.54686e-12 4.45776e-12 1.14884e-11 2.62805e-11 5.29217e-11 9.29983e-11 1.41509e-10 1.85879e-10 2.13019e-10 2.217e-10 2.26269e-10 2.42089e-10 2.68213e-10 2.9198e-10 3.07467e-10 3.1809e-10 3.26804e-10 3.35657e-10 3.46714e-10 3.59028e-10 3.71683e-10 3.84156e-10 3.9521e-10 4.0503e-10 4.13169e-10 4.19838e-10 4.25155e-10 4.29088e-10 4.31951e-10 4.33528e-10 4.34155e-10 4.33528e-10 4.31951e-10 4.29088e-10 4.25155e-10 4.19838e-10 4.13169e-10 4.0503e-10 3.9521e-10 3.84156e-10 3.71683e-10 3.59028e-10 3.46714e-10 3.35657e-10 3.26804e-10 3.1809e-10 3.07467e-10 2.9198e-10 2.68213e-10 2.42089e-10 2.26269e-10 2.217e-10 2.13019e-10 1.85879e-10 1.41509e-10 9.29983e-11 5.29217e-11 2.62805e-11 1.14884e-11 4.45776e-12 1.54686e-12 4.8319e-13 1.36654e-13 3.51686e-14 8.27258e-15 1.78557e-15 3.54866e-16 6.51389e-17 1.10738e-17 1.74786e-18 2.56701e-19 3.51499e-20 4.49552e-21 5.379e-22 6.03017e-23 6.34225e-24 6.26569e-25 5.82055e-26 5.05735e-27 0
0 2.22622e-27 2.61951e-26 2.88529e-25 2.99008e-24 2.91239e-23 2.66307e-22 2.28304e-21 1.8324e-20 1.37471e-19 9.6233e-19 6.27355e-18 3.80049e-17 2.1343e-16 1.10814e-15 5.30321e-15 2.33139e-14 9.37883e-14 3.43742e-13 1.14206e-12 3.41985e-12 9.16846e-12 2.18387e-11 4.58148e-11 8.38437e-11 1.32595e-10 1.80104e-10 2.11324e-10 2.21935e-10 2.26269e-10 2.43343e-10 2.72964e-10 2.97272e-10 3.08468e-10 3.16571e-10 3.28287e-10 3.41927e-10 3.57839e-10 3.74401e-10 3.88548e-10 4.01172e-10 4.11462e-10 4.19809e-10 4.27208e-10 4.33039e-10 4.38479e-10 4.42643e-10 4.46287e-10 4.48729e-10 4.50388e-10 4.50836e-10 4.50388e-10 4.48729e-10 4.46287e-10 4.42643e-10 4.38479e-10 4.33039e-10 4.27208e-10 4.19809e-10 4.11462e-10 4.01172e-10 3.88548e-10 3.74401e-10 3.57839e-10 3.41927e-10 3.28287e-10 3.16571e-10 3.08468e-10 2.97272e-10 2.72964e-10 2.43343e-10 2.26269e-10 2.21935e-10 2.11324e-10 1.80104e-10 1.32595e-10 8.38437e-11 4.58148e-11 2.18387e-11 9.16846e-12 3.41985e-12 1.14206e-12 3.43742e-13 9.37883e-14 2.33139e-14 5.30321e-15 1.10814e-15 2.1343e-16 3.80049e-17 6.27355e-18 9.6233e-19 1.37471e-19 1.8324e-20 2.28304e-21 2.66307e-22 2.91239e-23 2.99008e-24 2.88516e-25 2.60155e-26 0
0 1.09651e-26 1.24372e-25 1.31943e-24 1.31637e-23 1.23372e-22 1.08481e-21 8.93681e-21 6.88707e-20 4.95641e-19 3.32474e-18 2.0744e-17 1.20104e-16 6.43588e-16 3.18252e-15 1.44746e-14 6.03226e-14 2.29368e-13 7.91823e-13 2.46777e-12 6.89779e-12 1.71604e-11 3.76643e-11 7.22101e-11 1.19676e-10 1.70006e-10 2.07116e-10 2.22254e-10 2.26605e-10 2.42089e-10 2.72964e-10 2.98855e-10 3.07662e-10 3.14684e-10 3.3224e-10 3.51898e-10 3.69022e-10 3.85617e-10 3.97895e-10 4.07702e-10 4.17512e-10 4.25571e-10 4.34575e-10 4.42831e-10 4.50741e-10 4.58251e-10 4.64191e-10 4.69666e-10 4.7297e-10 4.75668e-10 4.76002e-10 4.75668e-10 4.7297e-10 4.69666e-10 4.64191e-10 4.58251e-10 4.50741e-10 4.42831e-10 4.34575e-10 4.25571e-10 4.17512e-10 4.07702e-10 3.97895e-10 3.85617e-10 3.69022e-10 3.51898e-10 3.3224e-10 3.14684e-10 3.07662e-10 2.98855e-10 2.72964e-10 2.42089e-10 2.26605e-10 2.22254e-10 2.07116e-10 1.70006e-10 1.19676e-10 7.22101e-11 3.76643e-11 1.71604e-11 6.89779e-12 2.46777e-12 7.91823e-13 2.29368e-13 6.03226e-14 1.44746e-14 3.18252e-15 6.43588e-16 1.20104e-16 2.0744e-17 3.32474e-18 4.95641e-19 6.88707e-20 8.93681e-21 1.08481e-21 1.23372e-22 1.31637e-23 1.31936e-24 1.23454e-25 0
0 4.97543e-26 5.44075e-25 5.55975e-24 5.34031e-23 4.81596e-22 4.07211e-21 3.22349e-20 2.38499e-19 1.64629e-18 1.05803e-17 6.31658e-17 3.49427e-16 1.78602e-15 8.40783e-15 3.63221e-14 1.43401e-13 5.14955e-13 1.6728e-12 4.88443e-12 1.27252e-11 2.93258e-11 5.91938e-11 1.03527e-10 1.5531e-10 1.9905e-10 2.21467e-10 2.27423e-10 2.39065e-10 2.68213e-10 2.97272e-10 3.07662e-10 3.1398e-10 3.35938e-10 3.60762e-10 3.74877e-10 3.87688e-10 4.00038e-10 4.0937e-10 4.22431e-10 4.35124e-10 4.47484e-10 4.608e-10 4.71087e-10 4.81872e-10 4.8959e-10 4.96861e-10 5.0189e-10 5.05744e-10 5.07982e-10 5.08687e-10 5.07982e-10 5.05744e-10 5.0189e-10 4.96861e-10 4.8959e-10 4.81872e-10 4.71087e-10 4.608e-10 4.47484e-10 4.35124e-10 4.22431e-10 4.0937e-10 4.00038e-10 3.87688e-10 3.74877e-10 3.60762e-10 3.35938e-10 3.1398e-10 3.07662e-10 2.97272e-10 2.68213e-10 2.39065e-10 2.27423e-10 2.21467e-10 1.9905e-10 1.5531e-10 1.03527e-10 5.91938e-11 2.93258e-11 1.27252e-11 4.88443e-12 1.6728e-12 5.14955e-13 1.43401e-13 3.63221e-14 8.40783e-15 1.78602e-15 3.49427e-16 6.31658e-17 1.05803e-17 1.64629e-18 2.38499e-19 3.22349e-20 4.07211e-21 4.81596e-22 5.3403e-23 5.55939e-24 5.39755e-25 0
0 2.07718e-25 2.19036e-24 2.15633e-23 1.99439e-22 1.73085e-21 1.40748e-20 1.07069e-19 7.60608e-19 5.03595e-18 3.10085e-17 1.77135e-16 9.36194e-16 4.56389e-15 2.04506e-14 8.38998e-14 3.13717e-13 1.06358e-12 3.24965e-12 8.88529e-12 2.15626e-11 4.6003e-11 8.53648e-11 1.36288e-10 1.85807e-10 2.17639e-10 2.28396e-10 2.36027e-10 2.59978e-10 2.9198e-10 3.08468e-10 3.14684e-10 3.35938e-10 3.64218e-10 3.76047e-10 3.8421e-10 4.01372e-10 4.15637e-10 4.31484e-10 4.49845e-10 4.62607e-10 4.76924e-10 4.8768e-10 4.97016e-10 5.06251e-10 5.12211e-10 5.1954e-10 5.22964e-10 5.27793e-10 5.28639e-10 5.30622e-10 5.28639e-10 5.27793e-10 5.22964e-10 5.1954e-10 5.12211e-10 5.06251e-10 4.97016e-10 4.8768e-10 4.76924e-10 4.62607e-10 4.49845e-10 4.31484e-10 4.15637e-10 4.01372e-10 3.8421e-10 3.76047e-10 3.64218e-10 3.35938e-10 3.14684e-10 3.08468e-10 2.9198e-10 2.59978e-10 2.36027e-10 2.28396e-10 2.17639e-10 1.85807e-10 1.36288e-10 8.53648e-11 4.6003e-11 2.15626e-11 8.88529e-12 3.24965e-12 1.06358e-12 3.13717e-13 8.38998e-14 2.04506e-14 4.56389e-15 9.36194e-16 1.77135e-16 3.10085e-17 5.03595e-18 7.60608e-19 1.07069e-19 1.40748e-20 1.73085e-21 1.99439e-22 2.15617e-23 2.17166e-24 0
0 7.96951e-25 8.10642e-24 7.69049e-23 6.85098e-22 5.7234e-21 4.4771e-20 3.27376e-19 2.23352e-18 1.41881e-17 8.37223e-17 4.57734e-16 2.31192e-15 1.07521e-14 4.5872e-14 1.78766e-13 6.33243e-13 2.02741e-12 5.82808e-12 1.4927e-11 3.37586e-11 6.67271e-11 1.1401e-10 1.66768e-10 2.08501e-10 2.28011e-10 2.34491e-10 2.50766e-10 2.82302e-10 3.07467e-10 3.16571e-10 3.3224e-10 3.60762e-10 3.76047e-10 3.82003e-10 4.03579e-10 4.2585e-10 4.39416e-10 4.57831e-10 4.7053e-10 4.81158e-10 4.94845e-10 5.03495e-10 5.16187e-10 5.24925e-10 5.34771e-10 5.42559e-10 5.4866e-10 5.53987e-10 5.56067e-10 5.57925e-10 5.56067e-10 5.53987e-10 5.4866e-10 5.42559e-10 5.34771e-10 5.24925e-10 5.16187e-10 5.03495e-10 4.94845e-10 4.81158e-10 4.7053e-10 4.57831e-10 4.39416e-10 4.2585e-10 4.03579e-10 3.82003e-10 3.76047e-10 3.60762e-10 3.3224e-10 3.16571e-10 3.07467e-10 2.82302e-10 2.50766e-10 2.34491e-10 2.28011e-10 2.08501e-10 1.66768e-10 1.1401e-10 6.67271e-11 3.37586e-11 1.4927e-11 5.82808e-12 2.02741e-12 6.33243e-13 1.78766e-13 4.5872e-14 1.07521e-14 2.31192e-15 4.57734e-16 8.37223e-17 1.41881e-17 2.23352e-18 3.27376e-19 4.4771e-20 5.7234e-21 6.85097e-22 7.68983e-23 8.032e-24 0
