0 0 0 0 0 0 0 0 0 0 0 0 0 0 0 0 0 0 0 0 0 0 0 0 0 0 0 0 0 0 0 0 0 0 0 0 0 0 0 0 0 0 0 0 0 0 2.8026e-45 1.4013e-44 5.1848e-44 1.12104e-43 1.5134e-43 1.12104e-43 5.1848e-44 1.4013e-44 2.8026e-45 0 0 0 0 0 0 0 0 0 0 0 0 0 0 0 0 0 0 0 0 0 0 0 0 0 0 0 0 0 0 0 0 0 0 0 0 0 0 0 0 0 0 0 0 0
0 0 0 0 0 0 0 0 0 0 0 0 0 0 0 0 0 0 0 0 0 0 0 0 0 0 0 0 0 0 0 0 0 0 0 0 0 0 0 0 0 0 0 0 2.8026e-45 1.96182e-44 1.00893e-43 4.11982e-43 1.21072e-42 2.46488e-42 3.21037e-42 2.46488e-42 1.21072e-42 4.11982e-43 1.00893e-43 1.96182e-44 2.8026e-45 0 0 0 0 0 0 0 0 0 0 0 0 0 0 0 0 0 0 0 0 0 0 0 0 0 0 0 0 0 0 0 0 0 0 0 0 0 0 0 0 0 0 0
0 0 0 0 0 0 0 0 0 0 0 0 0 0 0 0 0 0 0 0 0 0 0 0 0 0 0 0 0 0 0 0 0 0 0 0 0 0 0 0 0 0 1.4013e-45 1.96182e-44 1.56945e-43 9.86514e-43 4.83868e-42 1.81454e-41 5.02702e-41 9.77602e-41 1.24629e-40 9.77602e-41 5.02702e-41 1.81454e-41 4.83868e-42 9.86514e-43 1.56945e-43 1.96182e-44 1.4013e-45 0 0 0 0 0 0 0 0 0 0 0 0 0 0 0 0 0 0 0 0 0 0 0 0 0 0 0 0 0 0 0 0 0 0 0 0 0 0 0 0 0
0 0 0 0 0 0 0 0 0 0 0 0 0 0 0 0 0 0 0 0 0 0 0 0 0 0 0 0 0 0 0 0 0 0 0 0 0 0 0 0 0 1.12104e-44 1.20512e-43 1.0748e-42 7.75479e-42 4.49705e-41 2.06026e-40 7.27354e-40 1.91195e-39 3.57157e-39 4.47057e-39 3.57157e-39 1.91195e-39 7.27354e-40 2.06026e-40 4.49705e-41 7.75479e-42 1.0748e-42 1.20512e-43 1.12104e-44 0 0 0 0 0 0 0 0 0 0 0 0 0 0 0 0 0 0 0 0 0 0 0 0 0 0 0 0 0 0 0 0 0 0 0 0 0 0 0 0
0 0 0 0 0 0 0 0 0 0 0 0 0 0 0 0 0 0 0 0 0 0 0 0 0 0 0 0 0 0 0 0 0 0 0 0 0 0 0 2.8026e-45 5.1848e-44 6.33387e-43 6.26521e-42 5.12987e-41 3.44017e-40 1.86473e-39 8.02285e-39 2.67443e-38 6.68894e-38 1.20353e-37 1.48197e-37 1.20353e-37 6.68894e-38 2.67443e-38 8.02285e-39 1.86473e-39 3.44017e-40 5.12987e-41 6.26521e-42 6.33387e-43 5.1848e-44 2.8026e-45 0 0 0 0 0 0 0 0 0 0 0 0 0 0 0 0 0 0 0 0 0 0 0 0 0 0 0 0 0 0 0 0 0 0 0 0 0 0
0 0 0 0 0 0 0 0 0 0 0 0 0 0 0 0 0 0 0 0 0 0 0 0 0 0 0 0 0 0 0 0 0 0 0 0 0 0 1.4013e-44 2.21405e-43 2.89929e-42 3.17786e-41 2.91466e-40 2.22062e-39 1.39107e-38 7.06902e-38 2.86321e-37 9.03348e-37 2.1549e-36 3.74372e-36 4.5424e-36 3.74372e-36 2.1549e-36 9.03348e-37 2.86321e-37 7.06902e-38 1.39107e-38 2.22062e-39 2.91466e-40 3.17786e-41 2.89929e-42 2.21405e-43 1.4013e-44 0 0 0 0 0 0 0 0 0 0 0 0 0 0 0 0 0 0 0 0 0 0 0 0 0 0 0 0 0 0 0 0 0 0 0 0 0
0 0 0 0 0 0 0 0 0 0 0 0 0 0 0 0 0 0 0 0 0 0 0 0 0 0 0 0 0 0 0 0 0 0 0 0 1.4013e-45 4.90454e-44 8.3097e-43 1.18073e-41 1.42057e-40 1.44346e-39 1.23185e-38 8.76035e-38 5.13866e-37 2.45356e-36 9.37542e-36 2.80555e-35 6.39753e-35 1.07558e-34 1.28778e-34 1.07558e-34 6.39753e-35 2.80555e-35 9.37542e-36 2.45356e-36 5.13866e-37 8.76035e-38 1.23185e-38 1.44346e-39 1.42057e-40 1.18073e-41 8.3097e-43 4.90454e-44 1.4013e-45 0 0 0 0 0 0 0 0 0 0 0 0 0 0 0 0 0 0 0 0 0 0 0 0 0 0 0 0 0 0 0 0 0 0 0
0 0 0 0 0 0 0 0 0 0 0 0 0 0 0 0 0 0 0 0 0 0 0 0 0 0 0 0 0 0 0 0 0 0 0 5.60519e-45 1.54143e-43 2.8082e-42 4.31292e-41 5.65114e-40 6.30218e-39 5.95611e-38 4.74172e-37 3.1548e-36 1.73643e-35 7.80523e-35 2.81907e-34 8.01702e-34 1.7512e-33 2.85505e-33 3.37729e-33 2.85505e-33 1.7512e-33 8.01702e-34 2.81907e-34 7.80523e-35 1.73643e-35 3.1548e-36 4.74172e-37 5.95611e-38 6.30218e-39 5.65114e-40 4.31292e-41 2.8082e-42 1.54143e-43 5.60519e-45 0 0 0 0 0 0 0 0 0 0 0 0 0 0 0 0 0 0 0 0 0 0 0 0 0 0 0 0 0 0 0 0 0 0
0 0 0 0 0 0 0 0 0 0 0 0 0 0 0 0 0 0 0 0 0 0 0 0 0 0 0 0 0 0 0 0 0 0 1.82169e-44 4.45613e-43 8.60818e-42 1.42195e-40 2.01575e-39 2.4479e-38 2.53825e-37 2.23682e-36 1.66492e-35 1.03841e-34 5.3728e-34 2.27753e-33 7.78861e-33 2.10879e-32 4.4211e-32 7.00296e-32 8.19324e-32 7.00296e-32 4.4211e-32 2.10879e-32 7.78861e-33 2.27753e-33 5.3728e-34 1.03841e-34 1.66492e-35 2.23682e-36 2.53825e-37 2.4479e-38 2.01575e-39 1.42195e-40 8.60818e-42 4.45613e-43 1.82169e-44 0 0 0 0 0 0 0 0 0 0 0 0 0 0 0 0 0 0 0 0 0 0 0 0 0 0 0 0 0 0 0 0 0
0 0 0 0 0 0 0 0 0 0 0 0 0 0 0 0 0 0 0 0 0 0 0 0 0 0 0 0 0 0 0 0 1.4013e-45 4.76441e-44 1.17289e-42 2.40631e-41 4.25406e-40 6.48742e-39 8.5222e-38 9.62018e-37 9.29814e-36 7.65715e-35 5.33896e-34 3.12694e-33 1.52332e-32 6.09892e-32 1.97791e-31 5.10715e-31 1.02953e-30 1.58716e-30 1.83829e-30 1.58716e-30 1.02953e-30 5.10715e-31 1.97791e-31 6.09892e-32 1.52332e-32 3.12694e-33 5.33896e-34 7.65715e-35 9.29814e-36 9.62018e-37 8.5222e-38 6.48742e-39 4.25406e-40 2.40631e-41 1.17289e-42 4.76441e-44 1.4013e-45 0 0 0 0 0 0 0 0 0 0 0 0 0 0 0 0 0 0 0 0 0 0 0 0 0 0 0 0 0 0 0
0 0 0 0 0 0 0 0 0 0 0 0 0 0 0 0 0 0 0 0 0 0 0 0 0 0 0 0 0 0 0 2.8026e-45 1.12104e-43 2.82782e-42 6.15534e-41 1.16002e-39 1.8937e-38 2.67578e-37 3.26674e-36 3.43635e-35 3.10253e-34 2.39207e-33 1.56498e-32 8.61995e-32 3.9593e-31 1.49925e-30 4.61747e-30 1.13881e-29 2.21113e-29 3.32292e-29 3.81312e-29 3.32292e-29 2.21113e-29 1.13881e-29 4.61747e-30 1.49925e-30 3.9593e-31 8.61995e-32 1.56498e-32 2.39207e-33 3.10253e-34 3.43635e-35 3.26674e-36 2.67578e-37 1.8937e-38 1.16002e-39 6.15534e-41 2.82782e-42 1.12104e-43 2.8026e-45 0 0 0 0 0 0 0 0 0 0 0 0 0 0 0 0 0 0 0 0 0 0 0 0 0 0 0 0 0 0
0 0 0 0 0 0 0 0 0 0 0 0 0 0 0 0 0 0 0 0 0 0 0 0 0 0 0 0 0 0 5.60519e-45 2.35418e-43 6.27782e-42 1.44611e-40 2.89416e-39 5.03586e-38 7.61618e-37 9.99974e-36 1.13738e-34 1.11727e-33 9.44014e-33 6.82522e-32 4.19571e-31 2.17615e-30 9.43559e-30 3.38333e-29 9.90866e-29 2.33761e-28 4.37852e-28 6.42384e-28 7.30835e-28 6.42384e-28 4.37852e-28 2.33761e-28 9.90866e-29 3.38333e-29 9.43559e-30 2.17615e-30 4.19571e-31 6.82522e-32 9.44014e-33 1.11727e-33 1.13738e-34 9.99974e-36 7.61618e-37 5.03586e-38 2.89416e-39 1.44611e-40 6.27782e-42 2.35418e-43 5.60519e-45 0 0 0 0 0 0 0 0 0 0 0 0 0 0 0 0 0 0 0 0 0 0 0 0 0 0 0 0 0
0 0 0 0 0 0 0 0 0 0 0 0 0 0 0 0 0 0 0 0 0 0 0 0 0 0 0 0 0 1.4013e-44 4.56823e-43 1.28737e-41 3.12931e-40 6.62797e-39 1.22458e-37 1.97384e-36 2.77351e-35 3.39198e-34 3.60191e-33 3.31007e-32 2.62137e-31 1.77963e-30 1.02917e-29 5.03183e-29 2.06168e-28 7.00777e-28 1.95391e-27 4.41534e-27 7.99025e-27 1.14596e-26 1.29336e-26 1.14596e-26 7.99025e-27 4.41534e-27 1.95391e-27 7.00777e-28 2.06168e-28 5.03183e-29 1.02917e-29 1.77963e-30 2.62137e-31 3.31007e-32 3.60191e-33 3.39198e-34 2.77351e-35 1.97384e-36 1.22458e-37 6.62797e-39 3.12931e-40 1.28737e-41 4.56823e-43 1.4013e-44 0 0 0 0 0 0 0 0 0 0 0 0 0 0 0 0 0 0 0 0 0 0 0 0 0 0 0 0
0 0 0 0 0 0 0 0 0 0 0 0 0 0 0 0 0 0 0 0 0 0 0 0 0 0 0 0 2.24208e-44 8.3097e-43 2.44428e-41 6.25175e-40 1.39715e-38 2.73175e-37 4.67503e-36 7.00023e-35 9.16084e-34 1.04576e-32 1.03858e-31 8.94237e-31 6.64623e-30 4.24152e-29 2.30978e-28 1.0655e-27 4.12901e-27 1.33167e-26 3.53874e-26 7.6694e-26 1.34278e-25 1.88488e-25 2.11146e-25 1.88488e-25 1.34278e-25 7.6694e-26 3.53874e-26 1.33167e-26 4.12901e-27 1.0655e-27 2.30978e-28 4.24152e-29 6.64623e-30 8.94237e-31 1.03858e-31 1.04576e-32 9.16084e-34 7.00023e-35 4.67503e-36 2.73175e-37 1.39715e-38 6.25175e-40 2.44428e-41 8.3097e-43 2.24208e-44 0 0 0 0 0 0 0 0 0 0 0 0 0 0 0 0 0 0 0 0 0 0 0 0 0 0 0
0 0 0 0 0 0 0 0 0 0 0 0 0 0 0 0 0 0 0 0 0 0 0 0 0 0 0 3.78351e-44 1.3999e-42 4.30367e-41 1.1555e-39 2.71729e-38 5.60555e-37 1.01513e-35 1.61371e-34 2.25012e-33 2.74806e-32 2.93329e-31 2.72859e-30 2.20393e-29 1.5389e-28 9.24034e-28 4.74207e-27 2.06542e-26 7.57552e-26 2.32013e-25 5.88194e-25 1.22407e-24 2.07617e-24 2.85556e-24 3.17641e-24 2.85556e-24 2.07617e-24 1.22407e-24 5.88194e-25 2.32013e-25 7.57552e-26 2.06542e-26 4.74207e-27 9.24034e-28 1.5389e-28 2.20393e-29 2.72859e-30 2.93329e-31 2.74806e-32 2.25012e-33 1.61371e-34 1.01513e-35 5.60555e-37 2.71729e-38 1.1555e-39 4.30367e-41 1.3999e-42 3.78351e-44 0 0 0 0 0 0 0 0 0 0 0 0 0 0 0 0 0 0 0 0 0 0 0 0 0 0
0 0 0 0 0 0 0 0 0 0 0 0 0 0 0 0 0 0 0 0 0 0 0 0 0 1.4013e-45 5.88545e-44 2.19163e-42 7.03858e-41 1.97928e-39 4.88582e-38 1.06054e-36 2.02622e-35 3.40813e-34 5.0446e-33 6.56363e-32 7.49404e-31 7.49045e-30 6.53417e-29 4.95603e-28 3.25383e-27 1.83951e-26 8.90167e-26 3.66276e-25 1.27228e-24 3.70288e-24 8.9639e-24 1.79324e-23 2.95011e-23 3.9797e-23 4.39757e-23 3.9797e-23 2.95011e-23 1.79324e-23 8.9639e-24 3.70288e-24 1.27228e-24 3.66276e-25 8.90167e-26 1.83951e-26 3.25383e-27 4.95603e-28 6.53417e-29 7.49045e-30 7.49404e-31 6.56363e-32 5.0446e-33 3.40813e-34 2.02622e-35 1.06054e-36 4.88582e-38 1.97928e-39 7.03858e-41 2.19163e-42 5.88545e-44 1.4013e-45 0 0 0 0 0 0 0 0 0 0 0 0 0 0 0 0 0 0 0 0 0 0 0 0
0 0 0 0 0 0 0 0 0 0 0 0 0 0 0 0 0 0 0 0 0 0 0 0 1.4013e-45 8.12753e-44 3.19356e-42 1.07061e-40 3.14677e-39 8.13561e-38 1.85364e-36 3.72623e-35 6.61191e-34 1.03544e-32 1.42995e-31 1.73909e-30 1.85895e-29 1.74196e-28 1.42639e-27 1.01672e-26 6.28023e-26 3.34446e-25 1.52672e-24 5.93698e-24 1.95393e-23 5.40733e-23 1.25097e-22 2.40824e-22 3.84705e-22 5.09469e-22 5.59434e-22 5.09469e-22 3.84705e-22 2.40824e-22 1.25097e-22 5.40733e-23 1.95393e-23 5.93698e-24 1.52672e-24 3.34446e-25 6.28023e-26 1.01672e-26 1.42639e-27 1.74196e-28 1.85895e-29 1.73909e-30 1.42995e-31 1.03544e-32 6.61191e-34 3.72623e-35 1.85364e-36 8.13561e-38 3.14677e-39 1.07061e-40 3.19356e-42 8.12753e-44 1.4013e-45 0 0 0 0 0 0 0 0 0 0 0 0 0 0 0 0 0 0 0 0 0 0 0
0 0 0 0 0 0 0 0 0 0 0 0 0 0 0 0 0 0 0 0 0 0 0 1.4013e-45 1.079e-43 4.34122e-42 1.51606e-40 4.64922e-39 1.25637e-37 2.99801e-36 6.32564e-35 1.18093e-33 1.95081e-32 2.85009e-31 3.67861e-30 4.18777e-29 4.19572e-28 3.68943e-27 2.83789e-26 1.90203e-25 1.1058e-24 5.54876e-24 2.38998e-23 8.78558e-23 2.74045e-22 7.21495e-22 1.59635e-21 2.96016e-21 4.59646e-21 5.98057e-21 6.5279e-21 5.98057e-21 4.59646e-21 2.96016e-21 1.59635e-21 7.21495e-22 2.74045e-22 8.78558e-23 2.38998e-23 5.54876e-24 1.1058e-24 1.90203e-25 2.83789e-26 3.68943e-27 4.19572e-28 4.18777e-29 3.67861e-30 2.85009e-31 1.95081e-32 1.18093e-33 6.32564e-35 2.99801e-36 1.25637e-37 4.64922e-39 1.51606e-40 4.34122e-42 1.079e-43 1.4013e-45 0 0 0 0 0 0 0 0 0 0 0 0 0 0 0 0 0 0 0 0 0 0
0 0 0 0 0 0 0 0 0 0 0 0 0 0 0 0 0 0 0 0 0 0 2.8026e-45 1.33123e-43 5.51131e-42 2.00062e-40 6.3899e-39 1.80151e-37 4.49319e-36 9.92868e-35 1.94544e-33 3.38099e-32 5.21012e-31 7.11331e-30 8.5928e-29 9.16706e-28 8.6164e-27 7.11479e-26 5.14338e-25 3.24244e-24 1.7746e-23 8.39124e-23 3.41043e-22 1.18519e-21 3.50456e-21 8.78128e-21 1.85941e-20 3.3242e-20 5.02215e-20 6.42472e-20 6.97269e-20 6.42472e-20 5.02215e-20 3.3242e-20 1.85941e-20 8.78128e-21 3.50456e-21 1.18519e-21 3.41043e-22 8.39124e-23 1.7746e-23 3.24244e-24 5.14338e-25 7.11479e-26 8.6164e-27 9.16706e-28 8.5928e-29 7.11331e-30 5.21012e-31 3.38099e-32 1.94544e-33 9.92868e-35 4.49319e-36 1.80151e-37 6.3899e-39 2.00062e-40 5.51131e-42 1.33123e-43 2.8026e-45 0 0 0 0 0 0 0 0 0 0 0 0 0 0 0 0 0 0 0 0 0
0 0 0 0 0 0 0 0 0 0 0 0 0 0 0 0 0 0 0 0 0 2.8026e-45 1.5134e-43 6.53005e-42 2.46176e-40 8.17637e-39 2.40087e-37 6.24715e-36 1.44281e-34 2.96063e-33 5.40003e-32 8.75399e-31 1.26053e-29 1.61051e-28 1.82286e-27 1.82402e-26 1.60948e-25 1.24854e-24 8.48515e-24 5.03188e-23 2.5925e-22 1.15505e-21 4.42902e-21 1.45496e-20 4.07865e-20 9.72944e-20 1.97282e-19 3.4032e-19 5.00679e-19 6.30154e-19 6.8016e-19 6.30154e-19 5.00679e-19 3.4032e-19 1.97282e-19 9.72944e-20 4.07865e-20 1.45496e-20 4.42902e-21 1.15505e-21 2.5925e-22 5.03188e-23 8.48515e-24 1.24854e-24 1.60948e-25 1.82402e-26 1.82286e-27 1.61051e-28 1.26053e-29 8.75399e-31 5.40003e-32 2.96063e-33 1.44281e-34 6.24715e-36 2.40087e-37 8.17637e-39 2.46176e-40 6.53005e-42 1.5134e-43 2.8026e-45 0 0 0 0 0 0 0 0 0 0 0 0 0 0 0 0 0 0 0 0
0 0 0 0 0 0 0 0 0 0 0 0 0 0 0 0 0 0 0 0 2.8026e-45 1.62551e-43 7.2307e-42 2.82605e-40 9.74647e-39 2.97602e-37 8.06507e-36 1.94322e-34 4.16748e-33 7.9601e-32 1.35422e-30 2.05122e-29 2.76379e-28 3.30817e-27 3.51143e-26 3.29775e-25 2.73286e-24 1.99212e-23 1.27279e-22 7.09942e-22 3.44241e-21 1.44464e-20 5.2245e-20 1.62197e-19 4.31019e-19 9.79056e-19 1.90204e-18 3.16834e-18 4.54266e-18 5.62816e-18 6.04278e-18 5.62816e-18 4.54266e-18 3.16834e-18 1.90204e-18 9.79056e-19 4.31019e-19 1.62197e-19 5.2245e-20 1.44464e-20 3.44241e-21 7.09942e-22 1.27279e-22 1.99212e-23 2.73286e-24 3.29775e-25 3.51143e-26 3.30817e-27 2.76379e-28 2.05122e-29 1.35422e-30 7.9601e-32 4.16748e-33 1.94322e-34 8.06507e-36 2.97602e-37 9.74647e-39 2.82605e-40 7.2307e-42 1.62551e-43 2.8026e-45 0 0 0 0 0 0 0 0 0 0 0 0 0 0 0 0 0 0 0
0 0 0 0 0 0 0 0 0 0 0 0 0 0 0 0 0 0 0 2.8026e-45 1.62551e-43 7.47873e-42 3.02767e-40 1.08279e-38 3.43307e-37 9.67456e-36 2.42771e-34 5.43157e-33 1.08426e-31 1.93161e-30 3.07029e-29 4.35125e-28 5.49204e-27 6.16397e-26 6.13949e-25 5.41373e-24 4.21425e-23 2.88663e-22 1.73354e-21 9.09159e-21 4.14688e-20 1.6383e-19 5.58493e-19 1.63787e-18 4.12508e-18 8.92341e-18 1.66169e-17 2.67465e-17 3.73981e-17 4.56338e-17 4.87461e-17 4.56338e-17 3.73981e-17 2.67465e-17 1.66169e-17 8.92341e-18 4.12508e-18 1.63787e-18 5.58493e-19 1.6383e-19 4.14688e-20 9.09159e-21 1.73354e-21 2.88663e-22 4.21425e-23 5.41373e-24 6.13949e-25 6.16397e-26 5.49204e-27 4.35125e-28 3.07029e-29 1.93161e-30 1.08426e-31 5.43157e-33 2.42771e-34 9.67456e-36 3.43307e-37 1.08279e-38 3.02767e-40 7.47873e-42 1.62551e-43 2.8026e-45 0 0 0 0 0 0 0 0 0 0 0 0 0 0 0 0 0 0
0 0 0 0 0 0 0 0 0 0 0 0 0 0 0 0 0 0 2.8026e-45 1.5134e-43 7.2307e-42 3.02767e-40 1.12141e-38 3.68695e-37 1.07885e-35 2.81513e-34 6.55952e-33 1.36599e-31 2.54323e-30 4.23292e-29 6.29485e-28 8.35623e-27 9.88838e-26 1.04126e-24 9.73578e-24 8.06183e-23 5.89463e-22 3.79304e-21 2.1401e-20 1.05466e-19 4.52185e-19 1.68041e-18 5.39563e-18 1.49381e-17 3.56445e-17 7.34316e-17 1.3112e-16 2.04053e-16 2.78409e-16 3.34721e-16 3.55782e-16 3.34721e-16 2.78409e-16 2.04053e-16 1.3112e-16 7.34316e-17 3.56445e-17 1.49381e-17 5.39563e-18 1.68041e-18 4.52185e-19 1.05466e-19 2.1401e-20 3.79304e-21 5.89463e-22 8.06183e-23 9.73578e-24 1.04126e-24 9.88838e-26 8.35623e-27 6.29485e-28 4.23292e-29 2.54323e-30 1.36599e-31 6.55952e-33 2.81513e-34 1.07885e-35 3.68695e-37 1.12141e-38 3.02767e-40 7.2307e-42 1.5134e-43 2.8026e-45 0 0 0 0 0 0 0 0 0 0 0 0 0 0 0 0 0
0 0 0 0 0 0 0 0 0 0 0 0 0 0 0 0 0 1.4013e-45 1.33123e-43 6.53005e-42 2.82605e-40 1.08279e-38 3.68695e-37 1.11873e-35 3.03114e-34 7.34426e-33 1.5928e-31 3.09355e-30 5.38081e-29 8.37854e-28 1.16702e-26 1.45231e-25 1.61224e-24 1.59342e-23 1.39874e-22 1.08757e-21 7.46698e-21 4.51136e-20 2.38972e-19 1.10563e-18 4.45132e-18 1.55434e-17 4.69603e-17 1.22633e-16 2.77095e-16 5.43583e-16 9.30966e-16 1.40145e-15 1.86675e-15 2.21207e-15 2.33991e-15 2.21207e-15 1.86675e-15 1.40145e-15 9.30966e-16 5.43583e-16 2.77095e-16 1.22633e-16 4.69603e-17 1.55434e-17 4.45132e-18 1.10563e-18 2.38972e-19 4.51136e-20 7.46698e-21 1.08757e-21 1.39874e-22 1.59342e-23 1.61224e-24 1.45231e-25 1.16702e-26 8.37854e-28 5.38081e-29 3.09355e-30 1.5928e-31 7.34426e-33 3.03114e-34 1.11873e-35 3.68695e-37 1.08279e-38 2.82605e-40 6.53005e-42 1.33123e-43 1.4013e-45 0 0 0 0 0 0 0 0 0 0 0 0 0 0 0 0
0 0 0 0 0 0 0 0 0 0 0 0 0 0 0 0 1.4013e-45 1.079e-43 5.51131e-42 2.46176e-40 9.74647e-39 3.43307e-37 1.07885e-35 3.03114e-34 7.6259e-33 1.71977e-31 3.47854e-30 6.31156e-29 1.02702e-27 1.49777e-26 1.9556e-25 2.28285e-24 2.37823e-23 2.20633e-22 1.81812e-21 1.32694e-20 8.54967e-20 4.8461e-19 2.40757e-18 1.04449e-17 3.94343e-17 1.29207e-16 3.66824e-16 9.02601e-16 1.92992e-15 3.60434e-15 5.92171e-15 8.62615e-15 1.12218e-14 1.31099e-14 1.3802e-14 1.31099e-14 1.12218e-14 8.62615e-15 5.92171e-15 3.60434e-15 1.92992e-15 9.02601e-16 3.66824e-16 1.29207e-16 3.94343e-17 1.04449e-17 2.40757e-18 4.8461e-19 8.54967e-20 1.32694e-20 1.81812e-21 2.20633e-22 2.37823e-23 2.28285e-24 1.9556e-25 1.49777e-26 1.02702e-27 6.31156e-29 3.47854e-30 1.71977e-31 7.6259e-33 3.03114e-34 1.07885e-35 3.43307e-37 9.74647e-39 2.46176e-40 5.51131e-42 1.079e-43 1.4013e-45 0 0 0 0 0 0 0 0 0 0 0 0 0 0 0
0 0 0 0 0 0 0 0 0 0 0 0 0 0 0 1.4013e-45 8.12753e-44 4.34122e-42 2.00062e-40 8.17637e-39 2.97602e-37 9.67456e-36 2.81513e-34 7.34426e-33 1.71977e-31 3.61709e-30 6.83482e-29 1.16014e-27 1.76801e-26 2.41688e-25 2.9599e-24 3.24218e-23 3.17007e-22 2.76022e-21 2.13441e-20 1.4613e-19 8.82814e-19 4.68926e-18 2.18195e-17 8.86233e-17 3.13233e-16 9.61336e-16 2.56049e-15 5.92842e-15 1.19846e-14 2.13009e-14 3.35727e-14 4.73353e-14 6.01556e-14 6.92986e-14 7.2617e-14 6.92986e-14 6.01556e-14 4.73353e-14 3.35727e-14 2.13009e-14 1.19846e-14 5.92842e-15 2.56049e-15 9.61336e-16 3.13233e-16 8.86233e-17 2.18195e-17 4.68926e-18 8.82814e-19 1.4613e-19 2.13441e-20 2.76022e-21 3.17007e-22 3.24218e-23 2.9599e-24 2.41688e-25 1.76801e-26 1.16014e-27 6.83482e-29 3.61709e-30 1.71977e-31 7.34426e-33 2.81513e-34 9.67456e-36 2.97602e-37 8.17637e-39 2.00062e-40 4.34122e-42 8.12753e-44 1.4013e-45 0 0 0 0 0 0 0 0 0 0 0 0 0 0
0 0 0 0 0 0 0 0 0 0 0 0 0 0 0 5.88545e-44 3.19356e-42 1.51606e-40 6.3899e-39 2.40087e-37 8.06507e-36 2.42771e-34 6.55952e-33 1.5928e-31 3.47854e-30 6.83482e-29 1.20819e-27 1.92063e-26 2.74355e-25 3.51762e-24 4.04207e-23 4.15503e-22 3.81239e-21 3.11429e-20 2.25834e-19 1.44905e-18 8.19822e-18 4.07475e-17 1.7727e-16 6.72749e-16 2.22122e-15 6.37158e-15 1.5889e-14 3.45602e-14 6.59818e-14 1.11545e-13 1.68637e-13 2.3015e-13 2.85763e-13 3.24645e-13 3.38618e-13 3.24645e-13 2.85763e-13 2.3015e-13 1.68637e-13 1.11545e-13 6.59818e-14 3.45602e-14 1.5889e-14 6.37158e-15 2.22122e-15 6.72749e-16 1.7727e-16 4.07475e-17 8.19822e-18 1.44905e-18 2.25834e-19 3.11429e-20 3.81239e-21 4.15503e-22 4.04207e-23 3.51762e-24 2.74355e-25 1.92063e-26 1.20819e-27 6.83482e-29 3.47854e-30 1.5928e-31 6.55952e-33 2.42771e-34 8.06507e-36 2.40087e-37 6.3899e-39 1.51606e-40 3.19356e-42 5.88545e-44 0 0 0 0 0 0 0 0 0 0 0 0 0 0
0 0 0 0 0 0 0 0 0 0 0 0 0 0 3.78351e-44 2.19163e-42 1.07061e-40 4.64922e-39 1.80151e-37 6.24715e-36 1.94322e-34 5.43157e-33 1.36599e-31 3.09355e-30 6.31156e-29 1.16014e-27 1.92063e-26 2.86183e-25 3.83413e-24 4.61233e-23 4.97342e-22 4.79702e-21 4.12868e-20 3.16203e-19 2.14821e-18 1.2902e-17 6.82516e-17 3.16822e-16 1.28582e-15 4.54814e-15 1.39904e-14 3.74087e-14 8.71264e-14 1.77675e-13 3.19924e-13 5.14045e-13 7.45205e-13 9.84346e-13 1.19409e-12 1.33782e-12 1.38896e-12 1.33782e-12 1.19409e-12 9.84346e-13 7.45205e-13 5.14045e-13 3.19924e-13 1.77675e-13 8.71264e-14 3.74087e-14 1.39904e-14 4.54814e-15 1.28582e-15 3.16822e-16 6.82516e-17 1.2902e-17 2.14821e-18 3.16203e-19 4.12868e-20 4.79702e-21 4.97342e-22 4.61233e-23 3.83413e-24 2.86183e-25 1.92063e-26 1.16014e-27 6.31156e-29 3.09355e-30 1.36599e-31 5.43157e-33 1.94322e-34 6.24715e-36 1.80151e-37 4.64922e-39 1.07061e-40 2.19163e-42 3.78351e-44 0 0 0 0 0 0 0 0 0 0 0 0 0
0 0 0 0 0 0 0 0 0 0 0 0 0 2.24208e-44 1.3999e-42 7.03858e-41 3.14677e-39 1.25637e-37 4.49319e-36 1.44281e-34 4.16748e-33 1.08426e-31 2.54323e-30 5.38081e-29 1.02702e-27 1.76801e-26 2.74355e-25 3.83413e-24 4.81949e-23 5.44027e-22 5.50395e-21 4.97922e-20 4.0172e-19 2.88168e-18 1.83179e-17 1.02808e-16 5.07495e-16 2.19491e-15 8.2873e-15 2.72369e-14 7.78004e-14 1.93275e-13 4.19155e-13 7.99465e-13 1.3554e-12 2.06784e-12 2.87287e-12 3.67162e-12 4.35072e-12 4.80656e-12 4.96709e-12 4.80656e-12 4.35072e-12 3.67162e-12 2.87287e-12 2.06784e-12 1.3554e-12 7.99465e-13 4.19155e-13 1.93275e-13 7.78004e-14 2.72369e-14 8.2873e-15 2.19491e-15 5.07495e-16 1.02808e-16 1.83179e-17 2.88168e-18 4.0172e-19 4.97922e-20 5.50395e-21 5.44027e-22 4.81949e-23 3.83413e-24 2.74355e-25 1.76801e-26 1.02702e-27 5.38081e-29 2.54323e-30 1.08426e-31 4.16748e-33 1.44281e-34 4.49319e-36 1.25637e-37 3.14677e-39 7.03858e-41 1.3999e-42 2.24208e-44 0 0 0 0 0 0 0 0 0 0 0 0
0 0 0 0 0 0 0 0 0 0 0 0 1.4013e-44 8.3097e-43 4.30367e-41 1.97928e-39 8.13561e-38 2.99801e-36 9.92868e-35 2.96063e-33 7.9601e-32 1.93161e-30 4.23292e-29 8.37854e-28 1.49777e-26 2.41688e-25 3.51762e-24 4.61233e-23 5.44027e-22 5.76168e-21 5.46704e-20 4.63573e-19 3.50249e-18 2.35018e-17 1.39546e-16 7.30362e-16 3.35584e-15 1.34826e-14 4.71962e-14 1.43574e-13 3.79273e-13 8.71832e-13 1.75415e-12 3.12015e-12 4.97063e-12 7.19092e-12 9.566e-12 1.18219e-11 1.36785e-11 1.4898e-11 1.53229e-11 1.4898e-11 1.36785e-11 1.18219e-11 9.566e-12 7.19092e-12 4.97063e-12 3.12015e-12 1.75415e-12 8.71832e-13 3.79273e-13 1.43574e-13 4.71962e-14 1.34826e-14 3.35584e-15 7.30362e-16 1.39546e-16 2.35018e-17 3.50249e-18 4.63573e-19 5.46704e-20 5.76168e-21 5.44027e-22 4.61233e-23 3.51762e-24 2.41688e-25 1.49777e-26 8.37854e-28 4.23292e-29 1.93161e-30 7.9601e-32 2.96063e-33 9.92868e-35 2.99801e-36 8.13561e-38 1.97928e-39 4.30367e-41 8.3097e-43 1.4013e-44 0 0 0 0 0 0 0 0 0 0 0
0 0 0 0 0 0 0 0 0 0 0 5.60519e-45 4.56823e-43 2.44428e-41 1.1555e-39 4.88582e-38 1.85364e-36 6.32564e-35 1.94544e-33 5.40003e-32 1.35422e-30 3.07029e-29 6.29485e-28 1.16702e-26 1.9556e-25 2.9599e-24 4.04207e-23 4.97342e-22 5.50395e-21 5.46704e-20 4.86206e-19 3.86054e-18 2.72796e-17 1.70936e-16 9.46072e-16 4.60562e-15 1.96359e-14 7.30139e-14 2.35948e-13 6.61202e-13 1.60714e-12 3.40132e-12 6.321e-12 1.04489e-11 1.56031e-11 2.13684e-11 2.71855e-11 3.24589e-11 3.66503e-11 3.93402e-11 4.02667e-11 3.93402e-11 3.66503e-11 3.24589e-11 2.71855e-11 2.13684e-11 1.56031e-11 1.04489e-11 6.321e-12 3.40132e-12 1.60714e-12 6.61202e-13 2.35948e-13 7.30139e-14 1.96359e-14 4.60562e-15 9.46072e-16 1.70936e-16 2.72796e-17 3.86054e-18 4.86206e-19 5.46704e-20 5.50395e-21 4.97342e-22 4.04207e-23 2.9599e-24 1.9556e-25 1.16702e-26 6.29485e-28 3.07029e-29 1.35422e-30 5.40003e-32 1.94544e-33 6.32564e-35 1.85364e-36 4.88582e-38 1.1555e-39 2.44428e-41 4.56823e-43 5.60519e-45 0 0 0 0 0 0 0 0 0 0
0 0 0 0 0 0 0 0 0 0 2.8026e-45 2.35418e-43 1.28737e-41 6.25175e-40 2.71729e-38 1.06054e-36 3.72623e-35 1.18093e-33 3.38099e-32 8.75399e-31 2.05122e-29 4.35125e-28 8.35623e-27 1.45231e-25 2.28285e-24 3.24218e-23 4.15503e-22 4.79702e-21 4.97922e-20 4.63573e-19 3.86054e-18 2.86672e-17 1.89142e-16 1.10443e-15 5.68291e-15 2.56501e-14 1.01082e-13 3.4627e-13 1.02751e-12 2.63665e-12 5.85951e-12 1.13471e-11 1.93731e-11 2.96404e-11 4.1369e-11 5.35206e-11 6.50186e-11 7.49203e-11 8.24914e-11 8.72269e-11 8.88369e-11 8.72269e-11 8.24914e-11 7.49203e-11 6.50186e-11 5.35206e-11 4.1369e-11 2.96404e-11 1.93731e-11 1.13471e-11 5.85951e-12 2.63665e-12 1.02751e-12 3.4627e-13 1.01082e-13 2.56501e-14 5.68291e-15 1.10443e-15 1.89142e-16 2.86672e-17 3.86054e-18 4.63573e-19 4.97922e-20 4.79702e-21 4.15503e-22 3.24218e-23 2.28285e-24 1.45231e-25 8.35623e-27 4.35125e-28 2.05122e-29 8.75399e-31 3.38099e-32 1.18093e-33 3.72623e-35 1.06054e-36 2.71729e-38 6.25175e-40 1.28737e-41 2.35418e-43 2.8026e-45 0 0 0 0 0 0 0 0 0
0 0 0 0 0 0 0 0 0 1.4013e-45 1.12104e-43 6.27782e-42 3.12931e-40 1.39715e-38 5.60555e-37 2.02622e-35 6.61191e-34 1.95081e-32 5.21012e-31 1.26053e-29 2.76379e-28 5.49204e-27 9.88838e-26 1.61224e-24 2.37823e-23 3.17007e-22 3.81239e-21 4.12868e-20 4.0172e-19 3.50249e-18 2.72796e-17 1.89142e-16 1.16281e-15 6.31103e-15 3.00941e-14 1.25444e-13 4.54763e-13 1.42702e-12 3.86239e-12 9.00739e-12 1.81569e-11 3.19299e-11 4.97676e-11 7.01522e-11 9.12238e-11 1.11237e-10 1.28834e-10 1.4312e-10 1.53563e-10 1.59903e-10 1.62025e-10 1.59903e-10 1.53563e-10 1.4312e-10 1.28834e-10 1.11237e-10 9.12238e-11 7.01522e-11 4.97676e-11 3.19299e-11 1.81569e-11 9.00739e-12 3.86239e-12 1.42702e-12 4.54763e-13 1.25444e-13 3.00941e-14 6.31103e-15 1.16281e-15 1.89142e-16 2.72796e-17 3.50249e-18 4.0172e-19 4.12868e-20 3.81239e-21 3.17007e-22 2.37823e-23 1.61224e-24 9.88838e-26 5.49204e-27 2.76379e-28 1.26053e-29 5.21012e-31 1.95081e-32 6.61191e-34 2.02622e-35 5.60555e-37 1.39715e-38 3.12931e-40 6.27782e-42 1.12104e-43 1.4013e-45 0 0 0 0 0 0 0 0
0 0 0 0 0 0 0 0 0 4.76441e-44 2.82782e-42 1.44611e-40 6.62797e-39 2.73175e-37 1.01513e-35 3.40813e-34 1.03544e-32 2.85009e-31 7.11331e-30 1.61051e-28 3.30817e-27 6.16397e-26 1.04126e-24 1.59342e-23 2.20633e-22 2.76022e-21 3.11429e-20 3.16203e-19 2.88168e-18 2.35018e-17 1.70936e-16 1.10443e-15 6.31103e-15 3.17376e-14 1.39708e-13 5.35253e-13 1.77454e-12 5.06452e-12 1.23981e-11 2.60277e-11 4.71201e-11 7.45683e-11 1.05373e-10 1.36242e-10 1.64623e-10 1.88918e-10 2.08494e-10 2.23293e-10 2.33541e-10 2.39547e-10 2.41517e-10 2.39547e-10 2.33541e-10 2.23293e-10 2.08494e-10 1.88918e-10 1.64623e-10 1.36242e-10 1.05373e-10 7.45683e-11 4.71201e-11 2.60277e-11 1.23981e-11 5.06452e-12 1.77454e-12 5.35253e-13 1.39708e-13 3.17376e-14 6.31103e-15 1.10443e-15 1.70936e-16 2.35018e-17 2.88168e-18 3.16203e-19 3.11429e-20 2.76022e-21 2.20633e-22 1.59342e-23 1.04126e-24 6.16397e-26 3.30817e-27 1.61051e-28 7.11331e-30 2.85009e-31 1.03544e-32 3.40813e-34 1.01513e-35 2.73175e-37 6.62797e-39 1.44611e-40 2.82782e-42 4.76441e-44 0 0 0 0 0 0 0 0
0 0 0 0 0 0 0 0 1.82169e-44 1.17289e-42 6.15534e-41 2.89416e-39 1.22458e-37 4.67503e-36 1.61371e-34 5.0446e-33 1.42995e-31 3.67861e-30 8.5928e-29 1.82286e-27 3.51143e-26 6.13949e-25 9.73578e-24 1.39874e-22 1.81812e-21 2.13441e-20 2.25834e-19 2.14821e-18 1.83179e-17 1.39546e-16 9.46072e-16 5.68291e-15 3.00941e-14 1.39708e-13 5.65079e-13 1.97826e-12 5.95458e-12 1.53193e-11 3.35603e-11 6.26687e-11 1.00676e-10 1.41964e-10 1.80824e-10 2.14044e-10 2.40472e-10 2.60399e-10 2.74927e-10 2.85054e-10 2.91726e-10 2.95495e-10 2.96724e-10 2.95495e-10 2.91726e-10 2.85054e-10 2.74927e-10 2.60399e-10 2.40472e-10 2.14044e-10 1.80824e-10 1.41964e-10 1.00676e-10 6.26687e-11 3.35603e-11 1.53193e-11 5.95458e-12 1.97826e-12 5.65079e-13 1.39708e-13 3.00941e-14 5.68291e-15 9.46072e-16 1.39546e-16 1.83179e-17 2.14821e-18 2.25834e-19 2.13441e-20 1.81812e-21 1.39874e-22 9.73578e-24 6.13949e-25 3.51143e-26 1.82286e-27 8.5928e-29 3.67861e-30 1.42995e-31 5.0446e-33 1.61371e-34 4.67503e-36 1.22458e-37 2.89416e-39 6.15534e-41 1.17289e-42 1.82169e-44 0 0 0 0 0 0 0
0 0 0 0 0 0 0 5.60519e-45 4.45613e-43 2.40631e-41 1.16002e-39 5.03586e-38 1.97384e-36 7.00023e-35 2.25012e-33 6.56363e-32 1.73909e-30 4.18777e-29 9.16706e-28 1.82402e-26 3.29775e-25 5.41373e-24 8.06183e-23 1.08757e-21 1.32694e-20 1.4613e-19 1.44905e-18 1.2902e-17 1.02808e-16 7.30362e-16 4.60562e-15 2.56501e-14 1.25444e-13 5.35253e-13 1.97826e-12 6.28406e-12 1.70215e-11 3.90408e-11 7.55306e-11 1.23651e-10 1.73992e-10 2.17054e-10 2.49534e-10 2.7258e-10 2.88236e-10 2.99172e-10 3.07115e-10 3.1289e-10 3.17069e-10 3.19514e-10 3.20409e-10 3.19514e-10 3.17069e-10 3.1289e-10 3.07115e-10 2.99172e-10 2.88236e-10 2.7258e-10 2.49534e-10 2.17054e-10 1.73992e-10 1.23651e-10 7.55306e-11 3.90408e-11 1.70215e-11 6.28406e-12 1.97826e-12 5.35253e-13 1.25444e-13 2.56501e-14 4.60562e-15 7.30362e-16 1.02808e-16 1.2902e-17 1.44905e-18 1.4613e-19 1.32694e-20 1.08757e-21 8.06183e-23 5.41373e-24 3.29775e-25 1.82402e-26 9.16706e-28 4.18777e-29 1.73909e-30 6.56363e-32 2.25012e-33 7.00023e-35 1.97384e-36 5.03586e-38 1.16002e-39 2.40631e-41 4.45613e-43 5.60519e-45 0 0 0 0 0 0
0 0 0 0 0 0 1.4013e-45 1.54143e-43 8.60818e-42 4.25406e-40 1.8937e-38 7.61618e-37 2.77351e-35 9.16084e-34 2.74806e-32 7.49404e-31 1.85895e-29 4.19572e-28 8.6164e-27 1.60948e-25 2.73286e-24 4.21425e-23 5.89463e-22 7.46698e-21 8.54967e-20 8.82814e-19 8.19822e-18 6.82516e-17 5.07495e-16 3.35584e-15 1.96359e-14 1.01082e-13 4.54763e-13 1.77454e-12 5.95458e-12 1.70215e-11 4.10511e-11 8.28299e-11 1.39322e-10 1.96934e-10 2.40781e-10 2.67866e-10 2.84936e-10 2.96978e-10 3.06952e-10 3.17035e-10 3.26367e-10 3.34826e-10 3.4141e-10 3.45586e-10 3.47062e-10 3.45586e-10 3.4141e-10 3.34826e-10 3.26367e-10 3.17035e-10 3.06952e-10 2.96978e-10 2.84936e-10 2.67866e-10 2.40781e-10 1.96934e-10 1.39322e-10 8.28299e-11 4.10511e-11 1.70215e-11 5.95458e-12 1.77454e-12 4.54763e-13 1.01082e-13 1.96359e-14 3.35584e-15 5.07495e-16 6.82516e-17 8.19822e-18 8.82814e-19 8.54967e-20 7.46698e-21 5.89463e-22 4.21425e-23 2.73286e-24 1.60948e-25 8.6164e-27 4.19572e-28 1.85895e-29 7.49404e-31 2.74806e-32 9.16084e-34 2.77351e-35 7.61618e-37 1.8937e-38 4.25406e-40 8.60818e-42 1.54143e-43 1.4013e-45 0 0 0 0 0
0 0 0 0 0 0 4.90454e-44 2.8082e-42 1.42195e-40 6.48742e-39 2.67578e-37 9.99974e-36 3.39198e-34 1.04576e-32 2.93329e-31 7.49045e-30 1.74196e-28 3.68943e-27 7.11479e-26 1.24854e-24 1.99212e-23 2.88663e-22 3.79304e-21 4.51136e-20 4.8461e-19 4.68926e-18 4.07475e-17 3.16822e-16 2.19491e-15 1.34826e-14 7.30139e-14 3.4627e-13 1.42702e-12 5.06452e-12 1.53193e-11 3.90408e-11 8.28299e-11 1.44872e-10 2.08652e-10 2.5278e-10 2.73297e-10 2.85739e-10 3.00479e-10 3.16613e-10 3.35037e-10 3.53533e-10 3.69384e-10 3.83094e-10 3.92385e-10 3.98631e-10 4.00253e-10 3.98631e-10 3.92385e-10 3.83094e-10 3.69384e-10 3.53533e-10 3.35037e-10 3.16613e-10 3.00479e-10 2.85739e-10 2.73297e-10 2.5278e-10 2.08652e-10 1.44872e-10 8.28299e-11 3.90408e-11 1.53193e-11 5.06452e-12 1.42702e-12 3.4627e-13 7.30139e-14 1.34826e-14 2.19491e-15 3.16822e-16 4.07475e-17 4.68926e-18 4.8461e-19 4.51136e-20 3.79304e-21 2.88663e-22 1.99212e-23 1.24854e-24 7.11479e-26 3.68943e-27 1.74196e-28 7.49045e-30 2.93329e-31 1.04576e-32 3.39198e-34 9.99974e-36 2.67578e-37 6.48742e-39 1.42195e-40 2.8082e-42 4.90454e-44 0 0 0 0 0
0 0 0 0 0 1.4013e-44 8.3097e-43 4.31292e-41 2.01575e-39 8.5222e-38 3.26674e-36 1.13738e-34 3.60191e-33 1.03858e-31 2.72859e-30 6.53417e-29 1.42639e-27 2.83789e-26 5.14338e-25 8.48515e-24 1.27279e-22 1.73354e-21 2.1401e-20 2.38972e-19 2.40757e-18 2.18195e-17 1.7727e-16 1.28582e-15 8.2873e-15 4.71962e-14 2.35948e-13 1.02751e-12 3.86239e-12 1.23981e-11 3.35603e-11 7.55306e-11 1.39322e-10 2.08652e-10 2.56224e-10 2.73332e-10 2.83627e-10 3.0713e-10 3.35107e-10 3.61156e-10 3.86944e-10 4.06337e-10 4.2244e-10 4.34497e-10 4.42401e-10 4.47871e-10 4.48906e-10 4.47871e-10 4.42401e-10 4.34497e-10 4.2244e-10 4.06337e-10 3.86944e-10 3.61156e-10 3.35107e-10 3.0713e-10 2.83627e-10 2.73332e-10 2.56224e-10 2.08652e-10 1.39322e-10 7.55306e-11 3.35603e-11 1.23981e-11 3.86239e-12 1.02751e-12 2.35948e-13 4.71962e-14 8.2873e-15 1.28582e-15 1.7727e-16 2.18195e-17 2.40757e-18 2.38972e-19 2.1401e-20 1.73354e-21 1.27279e-22 8.48515e-24 5.14338e-25 2.83789e-26 1.42639e-27 6.53417e-29 2.72859e-30 1.03858e-31 3.60191e-33 1.13738e-34 3.26674e-36 8.5222e-38 2.01575e-39 4.31292e-41 8.3097e-43 1.4013e-44 0 0 0 0
0 0 0 0 2.8026e-45 2.21405e-43 1.18073e-41 5.65114e-40 2.4479e-38 9.62018e-37 3.43635e-35 1.11727e-33 3.31007e-32 8.94237e-31 2.20393e-29 4.95603e-28 1.01672e-26 1.90203e-25 3.24244e-24 5.03188e-23 7.09942e-22 9.09159e-21 1.05466e-19 1.10563e-18 1.04449e-17 8.86233e-17 6.72749e-16 4.54814e-15 2.72369e-14 1.43574e-13 6.61202e-13 2.63665e-12 9.00739e-12 2.60277e-11 6.26687e-11 1.23651e-10 1.96934e-10 2.5278e-10 2.73332e-10 2.82675e-10 3.13854e-10 3.54379e-10 3.81519e-10 4.05476e-10 4.254e-10 4.38723e-10 4.53862e-10 4.62936e-10 4.7263e-10 4.76698e-10 4.79472e-10 4.76698e-10 4.7263e-10 4.62936e-10 4.53862e-10 4.38723e-10 4.254e-10 4.05476e-10 3.81519e-10 3.54379e-10 3.13854e-10 2.82675e-10 2.73332e-10 2.5278e-10 1.96934e-10 1.23651e-10 6.26687e-11 2.60277e-11 9.00739e-12 2.63665e-12 6.61202e-13 1.43574e-13 2.72369e-14 4.54814e-15 6.72749e-16 8.86233e-17 1.04449e-17 1.10563e-18 1.05466e-19 9.09159e-21 7.09942e-22 5.03188e-23 3.24244e-24 1.90203e-25 1.01672e-26 4.95603e-28 2.20393e-29 8.94237e-31 3.31007e-32 1.11727e-33 3.43635e-35 9.62018e-37 2.4479e-38 5.65114e-40 1.18073e-41 2.21405e-43 2.8026e-45 0 0 0
0 0 0 0 5.1848e-44 2.89929e-42 1.42057e-40 6.30218e-39 2.53825e-37 9.29814e-36 3.10253e-34 9.44014e-33 2.62137e-31 6.64623e-30 1.5389e-28 3.25383e-27 6.28023e-26 1.1058e-24 1.7746e-23 2.5925e-22 3.44241e-21 4.14688e-20 4.52185e-19 4.45132e-18 3.94343e-17 3.13233e-16 2.22122e-15 1.39904e-14 7.78004e-14 3.79273e-13 1.60714e-12 5.85951e-12 1.81569e-11 4.71201e-11 1.00676e-10 1.73992e-10 2.40781e-10 2.73297e-10 2.83627e-10 3.13854e-10 3.62501e-10 3.89831e-10 4.05367e-10 4.30112e-10 4.47895e-10 4.68954e-10 4.89028e-10 5.03316e-10 5.18089e-10 5.23134e-10 5.28465e-10 5.23134e-10 5.18089e-10 5.03316e-10 4.89028e-10 4.68954e-10 4.47895e-10 4.30112e-10 4.05367e-10 3.89831e-10 3.62501e-10 3.13854e-10 2.83627e-10 2.73297e-10 2.40781e-10 1.73992e-10 1.00676e-10 4.71201e-11 1.81569e-11 5.85951e-12 1.60714e-12 3.79273e-13 7.78004e-14 1.39904e-14 2.22122e-15 3.13233e-16 3.94343e-17 4.45132e-18 4.52185e-19 4.14688e-20 3.44241e-21 2.5925e-22 1.7746e-23 1.1058e-24 6.28023e-26 3.25383e-27 1.5389e-28 6.64623e-30 2.62137e-31 9.44014e-33 3.10253e-34 9.29814e-36 2.53825e-37 6.30218e-39 1.42057e-40 2.89929e-42 5.1848e-44 0 0 0
0 0 0 1.12104e-44 6.33387e-43 3.17786e-41 1.44346e-39 5.95611e-38 2.23682e-36 7.65715e-35 2.39207e-33 6.82522e-32 1.77963e-30 4.24152e-29 9.24034e-28 1.83951e-26 3.34446e-25 5.54876e-24 8.39124e-23 1.15505e-21 1.44464e-20 1.6383e-19 1.68041e-18 1.55434e-17 1.29207e-16 9.61336e-16 6.37158e-15 3.74087e-14 1.93275e-13 8.71832e-13 3.40132e-12 1.13471e-11 3.19299e-11 7.45683e-11 1.41964e-10 2.17054e-10 2.67866e-10 2.85739e-10 3.0713e-10 3.54379e-10 3.89831e-10 4.02007e-10 4.31869e-10 4.66232e-10 4.90136e-10 5.20988e-10 5.39766e-10 5.59806e-10 5.71719e-10 5.80462e-10 5.82891e-10 5.80462e-10 5.71719e-10 5.59806e-10 5.39766e-10 5.20988e-10 4.90136e-10 4.66232e-10 4.31869e-10 4.02007e-10 3.89831e-10 3.54379e-10 3.0713e-10 2.85739e-10 2.67866e-10 2.17054e-10 1.41964e-10 7.45683e-11 3.19299e-11 1.13471e-11 3.40132e-12 8.71832e-13 1.93275e-13 3.74087e-14 6.37158e-15 9.61336e-16 1.29207e-16 1.55434e-17 1.68041e-18 1.6383e-19 1.44464e-20 1.15505e-21 8.39124e-23 5.54876e-24 3.34446e-25 1.83951e-26 9.24034e-28 4.24152e-29 1.77963e-30 6.82522e-32 2.39207e-33 7.65715e-35 2.23682e-36 5.95611e-38 1.44346e-39 3.17786e-41 6.33387e-43 1.12104e-44 0 0
0 0 1.4013e-45 1.20512e-43 6.26521e-42 2.91466e-40 1.23185e-38 4.74172e-37 1.66492e-35 5.33896e-34 1.56498e-32 4.19571e-31 1.02917e-29 2.30978e-28 4.74207e-27 8.90167e-26 1.52672e-24 2.38998e-23 3.41043e-22 4.42902e-21 5.2245e-20 5.58493e-19 5.39563e-18 4.69603e-17 3.66824e-16 2.56049e-15 1.5889e-14 8.71264e-14 4.19155e-13 1.75415e-12 6.321e-12 1.93731e-11 4.97676e-11 1.05373e-10 1.80824e-10 2.49534e-10 2.84936e-10 3.00479e-10 3.35107e-10 3.81519e-10 4.05367e-10 4.31869e-10 4.77619e-10 5.05027e-10 5.3003e-10 5.58287e-10 5.76368e-10 5.99176e-10 6.11043e-10 6.23682e-10 6.24252e-10 6.23682e-10 6.11043e-10 5.99176e-10 5.76368e-10 5.58287e-10 5.3003e-10 5.05027e-10 4.77619e-10 4.31869e-10 4.05367e-10 3.81519e-10 3.35107e-10 3.00479e-10 2.84936e-10 2.49534e-10 1.80824e-10 1.05373e-10 4.97676e-11 1.93731e-11 6.321e-12 1.75415e-12 4.19155e-13 8.71264e-14 1.5889e-14 2.56049e-15 3.66824e-16 4.69603e-17 5.39563e-18 5.58493e-19 5.2245e-20 4.42902e-21 3.41043e-22 2.38998e-23 1.52672e-24 8.90167e-26 4.74207e-27 2.30978e-28 1.02917e-29 4.19571e-31 1.56498e-32 5.33896e-34 1.66492e-35 4.74172e-37 1.23185e-38 2.91466e-40 6.26521e-42 1.20512e-43 1.4013e-45 0
0 0 1.96182e-44 1.0748e-42 5.12987e-41 2.22062e-39 8.76035e-38 3.1548e-36 1.03841e-34 3.12694e-33 8.61995e-32 2.17615e-30 5.03183e-29 1.0655e-27 2.06542e-26 3.66276e-25 5.93698e-24 8.78558e-23 1.18519e-21 1.45496e-20 1.62197e-19 1.63787e-18 1.49381e-17 1.22633e-16 9.02601e-16 5.92842e-15 3.45602e-14 1.77675e-13 7.99465e-13 3.12015e-12 1.04489e-11 2.96404e-11 7.01522e-11 1.36242e-10 2.14044e-10 2.7258e-10 2.96978e-10 3.16613e-10 3.61156e-10 4.05476e-10 4.30112e-10 4.66232e-10 5.05027e-10 5.26129e-10 5.6115e-10 5.95129e-10 6.21544e-10 6.52271e-10 6.69743e-10 6.86136e-10 6.8831e-10 6.86136e-10 6.69743e-10 6.52271e-10 6.21544e-10 5.95129e-10 5.6115e-10 5.26129e-10 5.05027e-10 4.66232e-10 4.30112e-10 4.05476e-10 3.61156e-10 3.16613e-10 2.96978e-10 2.7258e-10 2.14044e-10 1.36242e-10 7.01522e-11 2.96404e-11 1.04489e-11 3.12015e-12 7.99465e-13 1.77675e-13 3.45602e-14 5.92842e-15 9.02601e-16 1.22633e-16 1.49381e-17 1.63787e-18 1.62197e-19 1.45496e-20 1.18519e-21 8.78558e-23 5.93698e-24 3.66276e-25 2.06542e-26 1.0655e-27 5.03183e-29 2.17615e-30 8.61995e-32 3.12694e-33 1.03841e-34 3.1548e-36 8.76035e-38 2.22062e-39 5.12987e-41 1.0748e-42 1.96182e-44 0
0 2.8026e-45 1.56945e-43 7.75479e-42 3.44017e-40 1.39107e-38 5.13866e-37 1.73643e-35 5.3728e-34 1.52332e-32 3.9593e-31 9.43559e-30 2.06168e-28 4.12901e-27 7.57552e-26 1.27228e-24 1.95393e-23 2.74045e-22 3.50456e-21 4.07865e-20 4.31019e-19 4.12508e-18 3.56445e-17 2.77095e-16 1.92992e-15 1.19846e-14 6.59818e-14 3.19924e-13 1.3554e-12 4.97063e-12 1.56031e-11 4.1369e-11 9.12238e-11 1.64623e-10 2.40472e-10 2.88236e-10 3.06952e-10 3.35037e-10 3.86944e-10 4.254e-10 4.47895e-10 4.90136e-10 5.3003e-10 5.6115e-10 6.1053e-10 6.42839e-10 6.76367e-10 7.1164e-10 7.29569e-10 7.53651e-10 7.51744e-10 7.53651e-10 7.29569e-10 7.1164e-10 6.76367e-10 6.42839e-10 6.1053e-10 5.6115e-10 5.3003e-10 4.90136e-10 4.47895e-10 4.254e-10 3.86944e-10 3.35037e-10 3.06952e-10 2.88236e-10 2.40472e-10 1.64623e-10 9.12238e-11 4.1369e-11 1.56031e-11 4.97063e-12 1.3554e-12 3.19924e-13 6.59818e-14 1.19846e-14 1.92992e-15 2.77095e-16 3.56445e-17 4.12508e-18 4.31019e-19 4.07865e-20 3.50456e-21 2.74045e-22 1.95393e-23 1.27228e-24 7.57552e-26 4.12901e-27 2.06168e-28 9.43559e-30 3.9593e-31 1.52332e-32 5.3728e-34 1.73643e-35 5.13866e-37 1.39107e-38 3.44017e-40 7.75479e-42 1.56945e-43 0
0 1.96182e-44 9.86514e-43 4.49705e-41 1.86473e-39 7.06902e-38 2.45356e-36 7.80523e-35 2.27753e-33 6.09892e-32 1.49925e-30 3.38333e-29 7.00777e-28 1.33167e-26 2.32013e-25 3.70288e-24 5.40733e-23 7.21495e-22 8.78128e-21 9.72944e-20 9.79056e-19 8.92341e-18 7.34316e-17 5.43583e-16 3.60434e-15 2.13009e-14 1.11545e-13 5.14045e-13 2.06784e-12 7.19092e-12 2.13684e-11 5.35206e-11 1.11237e-10 1.88918e-10 2.60399e-10 2.99172e-10 3.17035e-10 3.53533e-10 4.06337e-10 4.38723e-10 4.68954e-10 5.20988e-10 5.58287e-10 5.95129e-10 6.42839e-10 6.74134e-10 7.24746e-10 7.58675e-10 7.95776e-10 8.19186e-10 8.27463e-10 8.19186e-10 7.95776e-10 7.58675e-10 7.24746e-10 6.74134e-10 6.42839e-10 5.95129e-10 5.58287e-10 5.20988e-10 4.68954e-10 4.38723e-10 4.06337e-10 3.53533e-10 3.17035e-10 2.99172e-10 2.60399e-10 1.88918e-10 1.11237e-10 5.35206e-11 2.13684e-11 7.19092e-12 2.06784e-12 5.14045e-13 1.11545e-13 2.13009e-14 3.60434e-15 5.43583e-16 7.34316e-17 8.92341e-18 9.79056e-19 9.72944e-20 8.78128e-21 7.21495e-22 5.40733e-23 3.70288e-24 2.32013e-25 1.33167e-26 7.00777e-28 3.38333e-29 1.49925e-30 6.09892e-32 2.27753e-33 7.80523e-35 2.45356e-36 7.06902e-38 1.86473e-39 4.49705e-41 9.86514e-43 0
0 1.00893e-43 4.83868e-42 2.06026e-40 8.02285e-39 2.86321e-37 9.37542e-36 2.81907e-34 7.78861e-33 1.97791e-31 4.61747e-30 9.90866e-29 1.95391e-27 3.53874e-26 5.88194e-25 8.9639e-24 1.25097e-22 1.59635e-21 1.85941e-20 1.97282e-19 1.90204e-18 1.66169e-17 1.3112e-16 9.30966e-16 5.92171e-15 3.35727e-14 1.68637e-13 7.45205e-13 2.87287e-12 9.566e-12 2.71855e-11 6.50186e-11 1.28834e-10 2.08494e-10 2.74927e-10 3.07115e-10 3.26367e-10 3.69384e-10 4.2244e-10 4.53862e-10 4.89028e-10 5.39766e-10 5.76368e-10 6.21544e-10 6.76367e-10 7.24746e-10 7.82043e-10 8.30023e-10 8.80847e-10 9.12088e-10 9.29722e-10 9.12088e-10 8.80847e-10 8.30023e-10 7.82043e-10 7.24746e-10 6.76367e-10 6.21544e-10 5.76368e-10 5.39766e-10 4.89028e-10 4.53862e-10 4.2244e-10 3.69384e-10 3.26367e-10 3.07115e-10 2.74927e-10 2.08494e-10 1.28834e-10 6.50186e-11 2.71855e-11 9.566e-12 2.87287e-12 7.45205e-13 1.68637e-13 3.35727e-14 5.92171e-15 9.30966e-16 1.3112e-16 1.66169e-17 1.90204e-18 1.97282e-19 1.85941e-20 1.59635e-21 1.25097e-22 8.9639e-24 5.88194e-25 3.53874e-26 1.95391e-27 9.90866e-29 4.61747e-30 1.97791e-31 7.78861e-33 2.81907e-34 9.37542e-36 2.86321e-37 8.02285e-39 2.06026e-40 4.83728e-42 0
0 4.11982e-43 1.81454e-41 7.27354e-40 2.67443e-38 9.03348e-37 2.80555e-35 8.01702e-34 2.10879e-32 5.10715e-31 1.13881e-29 2.33761e-28 4.41534e-27 7.6694e-26 1.22407e-24 1.79324e-23 2.40824e-22 2.96016e-21 3.3242e-20 3.4032e-19 3.16834e-18 2.67465e-17 2.04053e-16 1.40145e-15 8.62615e-15 4.73353e-14 2.3015e-13 9.84346e-13 3.67162e-12 1.18219e-11 3.24589e-11 7.49203e-11 1.4312e-10 2.23293e-10 2.85054e-10 3.1289e-10 3.34826e-10 3.83094e-10 4.34497e-10 4.62936e-10 5.03316e-10 5.59806e-10 5.99176e-10 6.52271e-10 7.1164e-10 7.58675e-10 8.30023e-10 8.90414e-10 9.59906e-10 1.01468e-09 1.04055e-09 1.01468e-09 9.59906e-10 8.90414e-10 8.30023e-10 7.58675e-10 7.1164e-10 6.52271e-10 5.99176e-10 5.59806e-10 5.03316e-10 4.62936e-10 4.34497e-10 3.83094e-10 3.34826e-10 3.1289e-10 2.85054e-10 2.23293e-10 1.4312e-10 7.49203e-11 3.24589e-11 1.18219e-11 3.67162e-12 9.84346e-13 2.3015e-13 4.73353e-14 8.62615e-15 1.40145e-15 2.04053e-16 2.67465e-17 3.16834e-18 3.4032e-19 3.3242e-20 2.96016e-21 2.40824e-22 1.79324e-23 1.22407e-24 7.6694e-26 4.41534e-27 2.33761e-28 1.13881e-29 5.10715e-31 2.10879e-32 8.01702e-34 2.80555e-35 9.03348e-37 2.67443e-38 7.27354e-40 1.8137e-41 0
