0 0 0 0 0 0 0 0 0 0 0 0 0 0 0 0 0 0 0 0 0 0 0 0 0 0 0 0 0 0 0 0 0 0 0 0 0 0 0 0 0 0 0 0 0 0 0 0 0 0 0 0 0 0 0 0 0 0 0 0 0 0 0 0 0 0 0 0 0 0 0 0 0 0 0 0 0 0 0 0 0 0 0 0 0 0 0 0 0 0 0 0 0 0 0 0 0 0 0 0
0 0 0 0 0 0 0 0 0 0 0 0 0 0 0 0 0 0 0 0 0 0 0 0 0 0 0 0 0 0 0 0 0 0 0 0 0 0 0 0 0 0 0 0 0 0 0 0 0 0 0 0 0 0 0 0 0 0 0 0 0 0 0 0 0 0 0 0 0 0 0 0 0 0 0 0 0 0 0 0 0 0 0 0 0 0 0 0 0 0 0 0 0 0 0 0 0 0 0 0
0 0 0 0 0 0 0 0 0 0 0 0 0 0 0 0 0 0 0 0 0 0 0 0 0 0 0 0 0 0 0 0 0 0 0 0 0 0 0 0 0 0 0 0 0 0 0 0 0 0 0 0 0 0 0 0 0 0 0 0 0 0 0 0 0 0 0 0 0 0 0 0 0 0 0 0 0 0 0 0 0 0 0 0 0 0 0 0 0 0 0 0 0 0 0 0 0 0 0 0
0 0 0 0 0 0 0 0 0 0 0 0 0 0 0 0 0 0 0 0 0 0 0 0 0 0 0 0 0 0 0 0 0 0 0 0 0 0 0 0 0 0 0 0 0 0 0 0 0 0 0 0 0 0 0 0 0 0 0 0 0 0 0 0 0 0 0 0 0 0 0 0 0 0 0 0 0 0 0 0 0 0 0 0 0 0 0 0 0 0 0 0 0 0 0 0 0 0 0 0
0 0 0 0 0 0 0 0 0 0 0 0 0 0 0 0 0 0 0 0 0 0 0 0 0 0 0 0 0 0 0 0 0 0 0 0 0 0 0 0 0 0 0 0 0 0 0 0 0 0 0 0 0 0 0 0 0 0 0 0 0 0 0 0 0 0 0 0 0 0 0 0 0 0 0 0 0 0 0 0 0 0 0 0 0 0 0 0 0 0 0 0 0 0 0 0 0 0 0 0
0 0 0 0 0 0 0 0 0 0 0 0 0 0 0 0 0 0 0 0 0 0 0 0 0 0 0 0 0 0 0 0 0 0 0 0 0 0 0 0 0 0 0 0 0 0 0 0 0 0 0 0 0 0 0 0 0 0 0 0 0 0 0 0 0 0 0 0 0 0 0 0 0 0 0 0 0 0 0 0 0 0 0 0 0 0 0 0 0 0 0 0 0 0 0 0 0 0 0 0
0 0 0 0 0 0 0 0 0 0 0 0 0 0 0 0 0 0 0 0 0 0 0 0 0 0 0 0 0 0 0 0 0 0 0 0 0 0 0 0 0 0 0 0 0 0 0 0 0 0 0 0 0 0 0 0 0 0 0 0 0 0 0 0 0 0 0 0 0 0 0 0 0 0 0 0 0 0 0 0 0 0 0 0 0 0 0 0 0 0 0 0 0 0 0 0 0 0 0 0
0 0 0 0 0 0 0 0 0 0 0 0 0 0 0 0 0 0 0 0 0 0 0 0 0 0 0 0 0 0 0 0 0 0 0 0 0 0 0 0 0 0 0 0 0 0 0 0 0 0 0 0 0 0 0 0 0 0 0 0 0 0 0 0 0 0 0 0 0 0 0 0 0 0 0 0 0 0 0 0 0 0 0 0 0 0 0 0 0 0 0 0 0 0 0 0 0 0 0 0
0 0 0 0 0 0 0 0 0 0 0 0 0 0 0 0 0 0 0 0 0 0 0 0 0 0 0 0 0 0 0 0 0 0 0 0 0 0 0 0 0 0 0 0 0 0 0 0 0 0 0 0 0 0 0 0 0 0 0 0 0 0 0 0 0 0 0 0 0 0 0 0 0 0 0 0 0 0 0 0 0 0 0 0 0 0 0 0 0 0 0 0 0 0 0 0 0 0 0 0
0 0 0 0 0 0 0 0 0 0 0 0 0 0 0 0 0 0 0 0 0 0 0 0 0 0 0 0 0 0 0 0 0 0 0 0 0 0 0 0 0 0 0 0 0 0 0 0 5.60519e-45 3.22299e-44 7.56701e-44 3.22299e-44 5.60519e-45 0 0 0 0 0 0 0 0 0 0 0 0 0 0 0 0 0 0 0 0 0 0 0 0 0 0 0 0 0 0 0 0 0 0 0 0 0 0 0 0 0 0 0 0 0 0 0
0 0 0 0 0 0 0 0 0 0 0 0 0 0 0 0 0 0 0 0 0 0 0 0 0 0 0 0 0 0 0 0 0 0 0 0 0 0 0 0 0 0 0 0 0 0 7.00649e-45 9.24857e-44 6.7963e-43 2.90629e-42 6.03399e-42 2.90629e-42 6.7963e-43 9.24857e-44 7.00649e-45 0 0 0 0 0 0 0 0 0 0 0 0 0 0 0 0 0 0 0 0 0 0 0 0 0 0 0 0 0 0 0 0 0 0 0 0 0 0 0 0 0 0 0 0 0
0 0 0 0 0 0 0 0 0 0 0 0 0 0 0 0 0 0 0 0 0 0 0 0 0 0 0 0 0 0 0 0 0 0 0 0 0 0 0 0 0 0 0 0 2.8026e-45 6.72623e-44 9.45876e-43 8.97111e-42 5.62621e-41 2.14306e-40 4.09117e-40 2.14306e-40 5.62621e-41 8.97111e-42 9.45876e-43 6.72623e-44 2.8026e-45 0 0 0 0 0 0 0 0 0 0 0 0 0 0 0 0 0 0 0 0 0 0 0 0 0 0 0 0 0 0 0 0 0 0 0 0 0 0 0 0 0 0 0
0 0 0 0 0 0 0 0 0 0 0 0 0 0 0 0 0 0 0 0 0 0 0 0 0 0 0 0 0 0 0 0 0 0 0 0 0 0 0 0 0 0 0 1.96182e-44 4.48416e-43 7.36943e-42 8.68301e-41 7.19222e-40 4.00474e-39 1.37643e-38 2.44157e-38 1.37643e-38 4.00474e-39 7.19222e-40 8.68301e-41 7.36943e-42 4.48416e-43 1.96182e-44 0 0 0 0 0 0 0 0 0 0 0 0 0 0 0 0 0 0 0 0 0 0 0 0 0 0 0 0 0 0 0 0 0 0 0 0 0 0 0 0 0 0
0 0 0 0 0 0 0 0 0 0 0 0 0 0 0 0 0 0 0 0 0 0 0 0 0 0 0 0 0 0 0 0 0 0 0 0 0 0 0 0 0 2.8026e-45 9.3887e-44 2.43686e-42 4.65553e-41 6.56559e-40 6.76357e-39 4.96359e-38 2.47913e-37 7.7583e-37 1.29045e-36 7.7583e-37 2.47913e-37 4.96359e-38 6.76357e-39 6.56559e-40 4.65553e-41 2.43686e-42 9.3887e-44 2.8026e-45 0 0 0 0 0 0 0 0 0 0 0 0 0 0 0 0 0 0 0 0 0 0 0 0 0 0 0 0 0 0 0 0 0 0 0 0 0 0 0 0
0 0 0 0 0 0 0 0 0 0 0 0 0 0 0 0 0 0 0 0 0 0 0 0 0 0 0 0 0 0 0 0 0 0 0 0 0 0 0 0 8.40779e-45 3.8816e-43 1.12664e-41 2.45601e-40 4.0342e-39 4.97133e-38 4.53145e-37 2.9749e-36 1.34386e-35 3.85876e-35 6.06638e-35 3.85876e-35 1.34386e-35 2.9749e-36 4.53145e-37 4.97133e-38 4.0342e-39 2.45601e-40 1.12664e-41 3.8816e-43 8.40779e-45 0 0 0 0 0 0 0 0 0 0 0 0 0 0 0 0 0 0 0 0 0 0 0 0 0 0 0 0 0 0 0 0 0 0 0 0 0 0 0
0 0 0 0 0 0 0 0 0 0 0 0 0 0 0 0 0 0 0 0 0 0 0 0 0 0 0 0 0 0 0 0 0 0 0 0 0 0 0 3.22299e-44 1.39429e-42 4.50293e-41 1.10356e-39 2.06918e-38 2.96853e-37 3.23426e-36 2.63334e-35 1.55875e-34 6.41277e-34 1.70088e-33 2.54496e-33 1.70088e-33 6.41277e-34 1.55875e-34 2.63334e-35 3.23426e-36 2.96853e-37 2.06918e-38 1.10356e-39 4.50293e-41 1.39429e-42 3.22299e-44 0 0 0 0 0 0 0 0 0 0 0 0 0 0 0 0 0 0 0 0 0 0 0 0 0 0 0 0 0 0 0 0 0 0 0 0 0 0
0 0 0 0 0 0 0 0 0 0 0 0 0 0 0 0 0 0 0 0 0 0 0 0 0 0 0 0 0 0 0 0 0 0 0 0 0 1.4013e-45 9.24857e-44 4.43371e-42 1.575e-40 4.2866e-39 9.03409e-38 1.47899e-36 1.87498e-35 1.82306e-34 1.33606e-33 7.17731e-33 2.70511e-32 6.66675e-32 9.55201e-32 6.66675e-32 2.70511e-32 7.17731e-33 1.33606e-33 1.82306e-34 1.87498e-35 1.47899e-36 9.03409e-38 4.2866e-39 1.575e-40 4.43371e-42 9.24857e-44 1.4013e-45 0 0 0 0 0 0 0 0 0 0 0 0 0 0 0 0 0 0 0 0 0 0 0 0 0 0 0 0 0 0 0 0 0 0 0 0
0 0 0 0 0 0 0 0 0 0 0 0 0 0 0 0 0 0 0 0 0 0 0 0 0 0 0 0 0 0 0 0 0 0 0 0 2.8026e-45 2.43826e-43 1.2564e-41 4.86563e-40 1.45608e-38 3.40738e-37 6.26859e-36 9.06525e-35 1.02498e-33 8.96094e-33 5.94839e-32 2.91593e-31 1.01197e-30 2.32965e-30 3.21345e-30 2.32965e-30 1.01197e-30 2.91593e-31 5.94839e-32 8.96094e-33 1.02498e-33 9.06525e-35 6.26859e-36 3.40738e-37 1.45608e-38 4.86563e-40 1.2564e-41 2.43826e-43 2.8026e-45 0 0 0 0 0 0 0 0 0 0 0 0 0 0 0 0 0 0 0 0 0 0 0 0 0 0 0 0 0 0 0 0 0 0 0
0 0 0 0 0 0 0 0 0 0 0 0 0 0 0 0 0 0 0 0 0 0 0 0 0 0 0 0 0 0 0 0 0 0 0 7.00649e-45 5.78736e-43 3.18879e-41 1.33747e-39 4.3649e-38 1.12299e-36 2.29357e-35 3.72626e-34 4.80398e-33 4.88053e-32 3.86011e-31 2.33305e-30 1.04846e-29 3.36549e-29 7.27155e-29 9.70178e-29 7.27155e-29 3.36549e-29 1.04846e-29 2.33305e-30 3.86011e-31 4.88053e-32 4.80398e-33 3.72626e-34 2.29357e-35 1.12299e-36 4.3649e-38 1.33747e-39 3.18879e-41 5.78736e-43 7.00649e-45 0 0 0 0 0 0 0 0 0 0 0 0 0 0 0 0 0 0 0 0 0 0 0 0 0 0 0 0 0 0 0 0 0 0
0 0 0 0 0 0 0 0 0 0 0 0 0 0 0 0 0 0 0 0 0 0 0 0 0 0 0 0 0 0 0 0 0 0 1.4013e-44 1.23595e-42 7.28717e-41 3.29106e-39 1.16325e-37 3.26347e-36 7.32693e-35 1.32124e-33 1.91305e-32 2.21497e-31 2.03413e-30 1.46281e-29 8.0848e-29 3.34392e-28 9.96707e-28 2.02994e-27 2.63047e-27 2.02994e-27 9.96707e-28 3.34392e-28 8.0848e-29 1.46281e-29 2.03413e-30 2.21497e-31 1.91305e-32 1.32124e-33 7.32693e-35 3.26347e-36 1.16325e-37 3.29106e-39 7.28717e-41 1.23595e-42 1.4013e-44 0 0 0 0 0 0 0 0 0 0 0 0 0 0 0 0 0 0 0 0 0 0 0 0 0 0 0 0 0 0 0 0 0
0 0 0 0 0 0 0 0 0 0 0 0 0 0 0 0 0 0 0 0 0 0 0 0 0 0 0 0 0 0 0 0 0 2.94273e-44 2.39202e-42 1.50574e-40 7.28519e-39 2.77248e-37 8.42346e-36 2.06202e-34 4.08686e-33 6.56644e-32 8.53554e-31 8.92837e-30 7.44831e-29 4.89032e-28 2.4805e-27 9.47436e-27 2.63147e-26 5.07195e-26 6.40621e-26 5.07195e-26 2.63147e-26 9.47436e-27 2.4805e-27 4.89032e-28 7.44831e-29 8.92837e-30 8.53554e-31 6.56644e-32 4.08686e-33 2.06202e-34 8.42346e-36 2.77248e-37 7.28519e-39 1.50574e-40 2.39202e-42 2.94273e-44 0 0 0 0 0 0 0 0 0 0 0 0 0 0 0 0 0 0 0 0 0 0 0 0 0 0 0 0 0 0 0 0
0 0 0 0 0 0 0 0 0 0 0 0 0 0 0 0 0 0 0 0 0 0 0 0 0 0 0 0 0 0 0 0 4.62428e-44 4.22211e-42 2.8229e-40 1.45668e-38 5.93854e-37 1.94252e-35 5.14928e-34 1.11263e-32 1.96448e-31 2.83288e-30 3.32543e-29 3.15777e-28 2.40255e-27 1.44507e-26 6.74708e-26 2.38676e-25 6.19673e-25 1.13445e-24 1.40096e-24 1.13445e-24 6.19673e-25 2.38676e-25 6.74708e-26 1.44507e-26 2.40255e-27 3.15777e-28 3.32543e-29 2.83288e-30 1.96448e-31 1.11263e-32 5.14928e-34 1.94252e-35 5.93854e-37 1.45668e-38 2.8229e-40 4.22211e-42 4.62428e-44 0 0 0 0 0 0 0 0 0 0 0 0 0 0 0 0 0 0 0 0 0 0 0 0 0 0 0 0 0 0 0
0 0 0 0 0 0 0 0 0 0 0 0 0 0 0 0 0 0 0 0 0 0 0 0 0 0 0 0 0 0 0 7.14662e-44 6.8019e-42 4.81504e-40 2.63971e-38 1.14772e-36 4.02151e-35 1.14764e-33 2.68499e-32 5.16756e-31 8.18717e-30 1.06585e-28 1.13527e-27 9.82459e-27 6.83935e-26 3.77885e-25 1.62811e-24 5.34743e-24 1.30151e-23 2.27082e-23 2.74906e-23 2.27082e-23 1.30151e-23 5.34743e-24 1.62811e-24 3.77885e-25 6.83935e-26 9.82459e-27 1.13527e-27 1.06585e-28 8.18717e-30 5.16756e-31 2.68499e-32 1.14764e-33 4.02151e-35 1.14772e-36 2.63971e-38 4.81504e-40 6.8019e-42 7.14662e-44 0 0 0 0 0 0 0 0 0 0 0 0 0 0 0 0 0 0 0 0 0 0 0 0 0 0 0 0 0 0
0 0 0 0 0 0 0 0 0 0 0 0 0 0 0 0 0 0 0 0 0 0 0 0 0 0 0 0 0 0 9.80909e-44 1.00207e-41 7.48939e-40 4.34707e-38 2.00795e-36 7.50334e-35 2.29357e-33 5.77635e-32 1.2036e-30 2.07829e-29 2.97189e-28 3.50933e-27 3.40463e-26 2.69349e-25 1.72002e-24 8.74889e-24 3.48543e-23 1.06517e-22 2.4367e-22 4.0645e-22 4.8344e-22 4.0645e-22 2.4367e-22 1.06517e-22 3.48543e-23 8.74889e-24 1.72002e-24 2.69349e-25 3.40463e-26 3.50933e-27 2.97189e-28 2.07829e-29 1.2036e-30 5.77635e-32 2.29357e-33 7.50334e-35 2.00795e-36 4.34707e-38 7.48939e-40 1.00207e-41 9.80909e-44 0 0 0 0 0 0 0 0 0 0 0 0 0 0 0 0 0 0 0 0 0 0 0 0 0 0 0 0 0
0 0 0 0 0 0 0 0 0 0 0 0 0 0 0 0 0 0 0 0 0 0 0 0 0 0 0 0 1.4013e-45 1.27518e-43 1.35253e-41 1.06421e-39 6.51978e-38 3.18839e-36 1.26572e-34 4.12597e-33 1.11296e-31 2.49617e-30 4.66583e-29 7.27025e-28 9.42725e-27 1.01354e-25 8.98343e-25 6.51285e-24 3.82263e-23 1.79303e-22 6.61562e-22 1.88469e-21 4.06211e-21 6.4965e-21 7.60616e-21 6.4965e-21 4.06211e-21 1.88469e-21 6.61562e-22 1.79303e-22 3.82263e-23 6.51285e-24 8.98343e-25 1.01354e-25 9.42725e-27 7.27025e-28 4.66583e-29 2.49617e-30 1.11296e-31 4.12597e-33 1.26572e-34 3.18839e-36 6.51978e-38 1.06421e-39 1.35253e-41 1.27518e-43 1.4013e-45 0 0 0 0 0 0 0 0 0 0 0 0 0 0 0 0 0 0 0 0 0 0 0 0 0 0 0
0 0 0 0 0 0 0 0 0 0 0 0 0 0 0 0 0 0 0 0 0 0 0 0 0 0 0 1.4013e-45 1.52742e-43 1.67497e-41 1.38341e-39 8.92095e-38 4.60467e-36 1.93524e-34 6.70152e-33 1.92769e-31 4.63038e-30 9.31518e-29 1.57102e-27 2.21931e-26 2.61927e-25 2.57149e-24 2.08714e-23 1.38916e-22 7.50477e-22 3.2501e-21 1.11199e-20 2.95779e-20 6.01972e-20 9.25517e-20 1.06831e-19 9.25517e-20 6.01972e-20 2.95779e-20 1.11199e-20 3.2501e-21 7.50477e-22 1.38916e-22 2.08714e-23 2.57149e-24 2.61927e-25 2.21931e-26 1.57102e-27 9.31518e-29 4.63038e-30 1.92769e-31 6.70152e-33 1.93524e-34 4.60467e-36 8.92095e-38 1.38341e-39 1.67497e-41 1.52742e-43 1.4013e-45 0 0 0 0 0 0 0 0 0 0 0 0 0 0 0 0 0 0 0 0 0 0 0 0 0 0
0 0 0 0 0 0 0 0 0 0 0 0 0 0 0 0 0 0 0 0 0 0 0 0 0 0 1.4013e-45 1.65353e-43 1.90324e-41 1.64687e-39 1.11504e-37 6.05802e-36 2.68725e-34 9.8516e-33 3.01027e-31 7.71026e-30 1.6611e-28 3.01478e-27 4.60882e-26 5.92445e-25 6.38266e-24 5.735e-23 4.26975e-22 2.61225e-21 1.30015e-20 5.20263e-20 1.6521e-19 4.10862e-19 7.91235e-19 1.17234e-18 1.33582e-18 1.17234e-18 7.91235e-19 4.10862e-19 1.6521e-19 5.20263e-20 1.30015e-20 2.61225e-21 4.26975e-22 5.735e-23 6.38266e-24 5.92445e-25 4.60882e-26 3.01478e-27 1.6611e-28 7.71026e-30 3.01027e-31 9.8516e-33 2.68725e-34 6.05802e-36 1.11504e-37 1.64687e-39 1.90324e-41 1.65353e-43 1.4013e-45 0 0 0 0 0 0 0 0 0 0 0 0 0 0 0 0 0 0 0 0 0 0 0 0 0
0 0 0 0 0 0 0 0 0 0 0 0 0 0 0 0 0 0 0 0 0 0 0 0 0 1.4013e-45 1.65353e-43 1.98606e-41 1.79655e-39 1.27429e-37 7.26903e-36 3.39391e-34 1.3132e-32 4.24793e-31 1.15573e-29 2.65486e-28 5.1596e-27 8.48724e-26 1.18043e-24 1.38474e-23 1.3648e-22 1.12415e-21 7.68557e-21 4.32515e-20 1.98406e-19 7.33853e-19 2.16414e-18 5.03777e-18 9.19796e-18 1.31627e-17 1.48208e-17 1.31627e-17 9.19796e-18 5.03777e-18 2.16414e-18 7.33853e-19 1.98406e-19 4.32515e-20 7.68557e-21 1.12415e-21 1.3648e-22 1.38474e-23 1.18043e-24 8.48724e-26 5.1596e-27 2.65486e-28 1.15573e-29 4.24793e-31 1.3132e-32 3.39391e-34 7.26903e-36 1.27429e-37 1.79655e-39 1.98606e-41 1.65353e-43 1.4013e-45 0 0 0 0 0 0 0 0 0 0 0 0 0 0 0 0 0 0 0 0 0 0 0 0
0 0 0 0 0 0 0 0 0 0 0 0 0 0 0 0 0 0 0 0 0 0 0 0 1.4013e-45 1.52742e-43 1.90324e-41 1.79655e-39 1.33219e-37 7.961e-36 3.90264e-34 1.58939e-32 5.42626e-31 1.56284e-29 3.81327e-28 7.90138e-27 1.39163e-25 2.08234e-24 2.64244e-23 2.83491e-22 2.56008e-21 1.93495e-20 1.21543e-19 6.29267e-19 2.66031e-18 9.09439e-18 2.49127e-17 5.43368e-17 9.4228e-17 1.30497e-16 1.45318e-16 1.30497e-16 9.4228e-17 5.43368e-17 2.49127e-17 9.09439e-18 2.66031e-18 6.29267e-19 1.21543e-19 1.93495e-20 2.56008e-21 2.83491e-22 2.64244e-23 2.08234e-24 1.39163e-25 7.90138e-27 3.81327e-28 1.56284e-29 5.42626e-31 1.58939e-32 3.90264e-34 7.961e-36 1.33219e-37 1.79655e-39 1.90324e-41 1.52742e-43 1.4013e-45 0 0 0 0 0 0 0 0 0 0 0 0 0 0 0 0 0 0 0 0 0 0 0
0 0 0 0 0 0 0 0 0 0 0 0 0 0 0 0 0 0 0 0 0 0 0 0 1.27518e-43 1.67497e-41 1.64687e-39 1.27429e-37 7.961e-36 4.08836e-34 1.74818e-32 6.28191e-31 1.90951e-29 4.93205e-28 1.08545e-26 2.03812e-25 3.265e-24 4.45675e-23 5.17097e-22 5.08116e-21 4.20816e-20 2.91971e-19 1.68496e-18 8.02223e-18 3.12372e-17 9.86446e-17 2.50997e-16 5.13349e-16 8.46964e-16 1.13714e-15 1.25316e-15 1.13714e-15 8.46964e-16 5.13349e-16 2.50997e-16 9.86446e-17 3.12372e-17 8.02223e-18 1.68496e-18 2.91971e-19 4.20816e-20 5.08116e-21 5.17097e-22 4.45675e-23 3.265e-24 2.03812e-25 1.08545e-26 4.93205e-28 1.90951e-29 6.28191e-31 1.74818e-32 4.08836e-34 7.961e-36 1.27429e-37 1.64687e-39 1.67497e-41 1.27518e-43 0 0 0 0 0 0 0 0 0 0 0 0 0 0 0 0 0 0 0 0 0 0 0
0 0 0 0 0 0 0 0 0 0 0 0 0 0 0 0 0 0 0 0 0 0 0 9.80909e-44 1.35253e-41 1.38341e-39 1.11504e-37 7.26903e-36 3.90264e-34 1.74818e-32 6.59562e-31 2.11017e-29 5.75215e-28 1.34005e-26 2.67238e-25 4.5637e-24 6.66847e-23 8.32119e-22 8.84047e-21 7.96339e-20 6.0503e-19 3.85273e-18 2.04135e-17 8.92859e-17 3.19839e-16 9.32088e-16 2.20211e-15 4.2261e-15 6.64401e-15 8.6607e-15 9.45045e-15 8.6607e-15 6.64401e-15 4.2261e-15 2.20211e-15 9.32088e-16 3.19839e-16 8.92859e-17 2.04135e-17 3.85273e-18 6.0503e-19 7.96339e-20 8.84047e-21 8.32119e-22 6.66847e-23 4.5637e-24 2.67238e-25 1.34005e-26 5.75215e-28 2.11017e-29 6.59562e-31 1.74818e-32 3.90264e-34 7.26903e-36 1.11504e-37 1.38341e-39 1.35253e-41 9.80909e-44 0 0 0 0 0 0 0 0 0 0 0 0 0 0 0 0 0 0 0 0 0 0
0 0 0 0 0 0 0 0 0 0 0 0 0 0 0 0 0 0 0 0 0 0 7.14662e-44 1.00207e-41 1.06421e-39 8.92095e-38 6.05802e-36 3.39391e-34 1.58939e-32 6.28191e-31 2.11017e-29 6.05424e-28 1.48851e-26 3.14214e-25 5.69873e-24 8.87604e-23 1.18549e-21 1.35427e-20 1.31853e-19 1.08906e-18 7.58827e-18 4.43107e-17 2.15268e-16 8.63522e-16 2.84058e-15 7.62775e-15 1.67211e-14 3.0126e-14 4.51929e-14 5.7266e-14 6.18991e-14 5.7266e-14 4.51929e-14 3.0126e-14 1.67211e-14 7.62775e-15 2.84058e-15 8.63522e-16 2.15268e-16 4.43107e-17 7.58827e-18 1.08906e-18 1.31853e-19 1.35427e-20 1.18549e-21 8.87604e-23 5.69873e-24 3.14214e-25 1.48851e-26 6.05424e-28 2.11017e-29 6.28191e-31 1.58939e-32 3.39391e-34 6.05802e-36 8.92095e-38 1.06421e-39 1.00207e-41 7.14662e-44 0 0 0 0 0 0 0 0 0 0 0 0 0 0 0 0 0 0 0 0 0
0 0 0 0 0 0 0 0 0 0 0 0 0 0 0 0 0 0 0 0 0 4.62428e-44 6.8019e-42 7.48939e-40 6.51978e-38 4.60467e-36 2.68725e-34 1.3132e-32 5.42626e-31 1.90951e-29 5.75215e-28 1.48851e-26 3.31606e-25 6.36593e-24 1.05297e-22 1.49896e-21 1.83256e-20 1.91808e-19 1.71175e-18 1.29589e-17 8.27262e-17 4.42288e-16 1.96604e-15 7.21512e-15 2.17399e-14 5.3678e-14 1.09069e-13 1.84548e-13 2.64474e-13 3.26079e-13 3.49255e-13 3.26079e-13 2.64474e-13 1.84548e-13 1.09069e-13 5.3678e-14 2.17399e-14 7.21512e-15 1.96604e-15 4.42288e-16 8.27262e-17 1.29589e-17 1.71175e-18 1.91808e-19 1.83256e-20 1.49896e-21 1.05297e-22 6.36593e-24 3.31606e-25 1.48851e-26 5.75215e-28 1.90951e-29 5.42626e-31 1.3132e-32 2.68725e-34 4.60467e-36 6.51978e-38 7.48939e-40 6.8019e-42 4.62428e-44 0 0 0 0 0 0 0 0 0 0 0 0 0 0 0 0 0 0 0 0
0 0 0 0 0 0 0 0 0 0 0 0 0 0 0 0 0 0 0 0 2.94273e-44 4.22211e-42 4.81504e-40 4.34707e-38 3.18839e-36 1.93524e-34 9.8516e-33 4.24793e-31 1.56284e-29 4.93205e-28 1.34005e-26 3.14214e-25 6.36593e-24 1.11454e-22 1.68487e-21 2.19531e-20 2.45869e-19 2.35828e-18 1.92825e-17 1.33658e-16 7.8038e-16 3.81094e-15 1.54541e-14 5.17105e-14 1.42229e-13 3.22012e-13 6.05634e-13 9.62559e-13 1.31897e-12 1.58331e-12 1.68086e-12 1.58331e-12 1.31897e-12 9.62559e-13 6.05634e-13 3.22012e-13 1.42229e-13 5.17105e-14 1.54541e-14 3.81094e-15 7.8038e-16 1.33658e-16 1.92825e-17 2.35828e-18 2.45869e-19 2.19531e-20 1.68487e-21 1.11454e-22 6.36593e-24 3.14214e-25 1.34005e-26 4.93205e-28 1.56284e-29 4.24793e-31 9.8516e-33 1.93524e-34 3.18839e-36 4.34707e-38 4.81504e-40 4.22211e-42 2.94273e-44 0 0 0 0 0 0 0 0 0 0 0 0 0 0 0 0 0 0 0
0 0 0 0 0 0 0 0 0 0 0 0 0 0 0 0 0 0 0 1.4013e-44 2.39202e-42 2.8229e-40 2.63971e-38 2.00795e-36 1.26572e-34 6.70152e-33 3.01027e-31 1.15573e-29 3.81327e-28 1.08545e-26 2.67238e-25 5.69873e-24 1.05297e-22 1.68487e-21 2.33121e-20 2.78241e-19 2.85529e-18 2.50858e-17 1.8772e-16 1.1892e-15 6.33411e-15 2.81594e-14 1.03753e-13 3.15097e-13 7.87594e-13 1.62926e-12 2.8314e-12 4.22679e-12 5.54088e-12 6.47823e-12 6.81782e-12 6.47823e-12 5.54088e-12 4.22679e-12 2.8314e-12 1.62926e-12 7.87594e-13 3.15097e-13 1.03753e-13 2.81594e-14 6.33411e-15 1.1892e-15 1.8772e-16 2.50858e-17 2.85529e-18 2.78241e-19 2.33121e-20 1.68487e-21 1.05297e-22 5.69873e-24 2.67238e-25 1.08545e-26 3.81327e-28 1.15573e-29 3.01027e-31 6.70152e-33 1.26572e-34 2.00795e-36 2.63971e-38 2.8229e-40 2.39202e-42 1.4013e-44 0 0 0 0 0 0 0 0 0 0 0 0 0 0 0 0 0 0
0 0 0 0 0 0 0 0 0 0 0 0 0 0 0 0 0 0 7.00649e-45 1.23595e-42 1.50574e-40 1.45668e-38 1.14772e-36 7.50334e-35 4.12597e-33 1.92769e-31 7.71026e-30 2.65486e-28 7.90138e-27 2.03812e-25 4.5637e-24 8.87604e-23 1.49896e-21 2.19531e-20 2.78241e-19 3.04273e-18 2.85974e-17 2.29884e-16 1.57144e-15 9.07386e-15 4.39327e-14 1.77e-13 5.8933e-13 1.61478e-12 3.64665e-12 6.86218e-12 1.09958e-11 1.54131e-11 1.93305e-11 2.20144e-11 2.29693e-11 2.20144e-11 1.93305e-11 1.54131e-11 1.09958e-11 6.86218e-12 3.64665e-12 1.61478e-12 5.8933e-13 1.77e-13 4.39327e-14 9.07386e-15 1.57144e-15 2.29884e-16 2.85974e-17 3.04273e-18 2.78241e-19 2.19531e-20 1.49896e-21 8.87604e-23 4.5637e-24 2.03812e-25 7.90138e-27 2.65486e-28 7.71026e-30 1.92769e-31 4.12597e-33 7.50334e-35 1.14772e-36 1.45668e-38 1.50574e-40 1.23595e-42 7.00649e-45 0 0 0 0 0 0 0 0 0 0 0 0 0 0 0 0 0
0 0 0 0 0 0 0 0 0 0 0 0 0 0 0 0 0 2.8026e-45 5.78736e-43 7.28717e-41 7.28519e-39 5.93854e-37 4.02151e-35 2.29357e-33 1.11296e-31 4.63038e-30 1.6611e-28 5.1596e-27 1.39163e-25 3.265e-24 6.66847e-23 1.18549e-21 1.83256e-20 2.45869e-19 2.85529e-18 2.85974e-17 2.45899e-16 1.80528e-15 1.12427e-14 5.89546e-14 2.58223e-13 9.37155e-13 2.79958e-12 6.8665e-12 1.39061e-11 2.36767e-11 3.48975e-11 4.59003e-11 5.50502e-11 6.10605e-11 6.31569e-11 6.10605e-11 5.50502e-11 4.59003e-11 3.48975e-11 2.36767e-11 1.39061e-11 6.8665e-12 2.79958e-12 9.37155e-13 2.58223e-13 5.89546e-14 1.12427e-14 1.80528e-15 2.45899e-16 2.85974e-17 2.85529e-18 2.45869e-19 1.83256e-20 1.18549e-21 6.66847e-23 3.265e-24 1.39163e-25 5.1596e-27 1.6611e-28 4.63038e-30 1.11296e-31 2.29357e-33 4.02151e-35 5.93854e-37 7.28519e-39 7.28717e-41 5.78736e-43 2.8026e-45 0 0 0 0 0 0 0 0 0 0 0 0 0 0 0 0
0 0 0 0 0 0 0 0 0 0 0 0 0 0 0 0 1.4013e-45 2.43826e-43 3.18879e-41 3.29106e-39 2.77248e-37 1.94252e-35 1.14764e-33 5.77635e-32 2.49617e-30 9.31518e-29 3.01478e-27 8.48724e-26 2.08234e-24 4.45675e-23 8.32119e-22 1.35427e-20 1.91808e-19 2.35828e-18 2.50858e-17 2.29884e-16 1.80528e-15 1.20726e-14 6.82456e-14 3.23412e-13 1.27341e-12 4.13023e-12 1.09657e-11 2.38278e-11 4.28703e-11 6.5638e-11 8.87786e-11 1.09459e-10 1.25452e-10 1.35509e-10 1.38919e-10 1.35509e-10 1.25452e-10 1.09459e-10 8.87786e-11 6.5638e-11 4.28703e-11 2.38278e-11 1.09657e-11 4.13023e-12 1.27341e-12 3.23412e-13 6.82456e-14 1.20726e-14 1.80528e-15 2.29884e-16 2.50858e-17 2.35828e-18 1.91808e-19 1.35427e-20 8.32119e-22 4.45675e-23 2.08234e-24 8.48724e-26 3.01478e-27 9.31518e-29 2.49617e-30 5.77635e-32 1.14764e-33 1.94252e-35 2.77248e-37 3.29106e-39 3.18879e-41 2.43826e-43 1.4013e-45 0 0 0 0 0 0 0 0 0 0 0 0 0 0 0
0 0 0 0 0 0 0 0 0 0 0 0 0 0 0 0 9.24857e-44 1.2564e-41 1.33747e-39 1.16325e-37 8.42346e-36 5.14928e-34 2.68499e-32 1.2036e-30 4.66583e-29 1.57102e-27 4.60882e-26 1.18043e-24 2.64244e-23 5.17097e-22 8.84047e-21 1.31853e-19 1.71175e-18 1.92825e-17 1.8772e-16 1.57144e-15 1.12427e-14 6.82456e-14 3.48527e-13 1.48324e-12 5.20708e-12 1.49371e-11 3.48082e-11 6.6118e-11 1.04495e-10 1.43038e-10 1.77316e-10 2.04817e-10 2.24372e-10 2.36128e-10 2.39928e-10 2.36128e-10 2.24372e-10 2.04817e-10 1.77316e-10 1.43038e-10 1.04495e-10 6.6118e-11 3.48082e-11 1.49371e-11 5.20708e-12 1.48324e-12 3.48527e-13 6.82456e-14 1.12427e-14 1.57144e-15 1.8772e-16 1.92825e-17 1.71175e-18 1.31853e-19 8.84047e-21 5.17097e-22 2.64244e-23 1.18043e-24 4.60882e-26 1.57102e-27 4.66583e-29 1.2036e-30 2.68499e-32 5.14928e-34 8.42346e-36 1.16325e-37 1.33747e-39 1.2564e-41 9.24857e-44 0 0 0 0 0 0 0 0 0 0 0 0 0 0 0
0 0 0 0 0 0 0 0 0 0 0 0 0 0 0 3.22299e-44 4.43371e-42 4.86563e-40 4.3649e-38 3.26347e-36 2.06202e-34 1.11263e-32 5.16756e-31 2.07829e-29 7.27025e-28 2.21931e-26 5.92445e-25 1.38474e-23 2.83491e-22 5.08116e-21 7.96339e-20 1.08906e-18 1.29589e-17 1.33658e-16 1.1892e-15 9.07386e-15 5.89546e-14 3.23412e-13 1.48324e-12 5.62365e-12 1.74181e-11 4.35983e-11 8.7737e-11 1.43291e-10 1.96711e-10 2.40409e-10 2.74117e-10 2.97681e-10 3.13313e-10 3.22186e-10 3.24985e-10 3.22186e-10 3.13313e-10 2.97681e-10 2.74117e-10 2.40409e-10 1.96711e-10 1.43291e-10 8.7737e-11 4.35983e-11 1.74181e-11 5.62365e-12 1.48324e-12 3.23412e-13 5.89546e-14 9.07386e-15 1.1892e-15 1.33658e-16 1.29589e-17 1.08906e-18 7.96339e-20 5.08116e-21 2.83491e-22 1.38474e-23 5.92445e-25 2.21931e-26 7.27025e-28 2.07829e-29 5.16756e-31 1.11263e-32 2.06202e-34 3.26347e-36 4.3649e-38 4.86563e-40 4.43371e-42 3.22299e-44 0 0 0 0 0 0 0 0 0 0 0 0 0 0
0 0 0 0 0 0 0 0 0 0 0 0 0 0 8.40779e-45 1.39429e-42 1.575e-40 1.45608e-38 1.12299e-36 7.32693e-35 4.08686e-33 1.96448e-31 8.18717e-30 2.97189e-28 9.42725e-27 2.61927e-25 6.38266e-24 1.3648e-22 2.56008e-21 4.20816e-20 6.0503e-19 7.58827e-18 8.27262e-17 7.8038e-16 6.33411e-15 4.39327e-14 2.58223e-13 1.27341e-12 5.20708e-12 1.74181e-11 4.69792e-11 1.00882e-10 1.71885e-10 2.37362e-10 2.82546e-10 3.13332e-10 3.34812e-10 3.48537e-10 3.59148e-10 3.64526e-10 3.67061e-10 3.64526e-10 3.59148e-10 3.48537e-10 3.34812e-10 3.13332e-10 2.82546e-10 2.37362e-10 1.71885e-10 1.00882e-10 4.69792e-11 1.74181e-11 5.20708e-12 1.27341e-12 2.58223e-13 4.39327e-14 6.33411e-15 7.8038e-16 8.27262e-17 7.58827e-18 6.0503e-19 4.20816e-20 2.56008e-21 1.3648e-22 6.38266e-24 2.61927e-25 9.42725e-27 2.97189e-28 8.18717e-30 1.96448e-31 4.08686e-33 7.32693e-35 1.12299e-36 1.45608e-38 1.575e-40 1.39429e-42 8.40779e-45 0 0 0 0 0 0 0 0 0 0 0 0 0
0 0 0 0 0 0 0 0 0 0 0 0 0 2.8026e-45 3.8816e-43 4.50293e-41 4.2866e-39 3.40738e-37 2.29357e-35 1.32124e-33 6.56644e-32 2.83288e-30 1.06585e-28 3.50933e-27 1.01354e-25 2.57149e-24 5.735e-23 1.12415e-21 1.93495e-20 2.91971e-19 3.85273e-18 4.43107e-17 4.42288e-16 3.81094e-15 2.81594e-14 1.77e-13 9.37155e-13 4.13023e-12 1.49371e-11 4.35983e-11 1.00882e-10 1.82382e-10 2.58337e-10 3.01378e-10 3.23327e-10 3.44942e-10 3.62129e-10 3.78801e-10 3.93261e-10 4.01317e-10 4.0558e-10 4.01317e-10 3.93261e-10 3.78801e-10 3.62129e-10 3.44942e-10 3.23327e-10 3.01378e-10 2.58337e-10 1.82382e-10 1.00882e-10 4.35983e-11 1.49371e-11 4.13023e-12 9.37155e-13 1.77e-13 2.81594e-14 3.81094e-15 4.42288e-16 4.43107e-17 3.85273e-18 2.91971e-19 1.93495e-20 1.12415e-21 5.735e-23 2.57149e-24 1.01354e-25 3.50933e-27 1.06585e-28 2.83288e-30 6.56644e-32 1.32124e-33 2.29357e-35 3.40738e-37 4.2866e-39 4.50293e-41 3.8816e-43 2.8026e-45 0 0 0 0 0 0 0 0 0 0 0 0
0 0 0 0 0 0 0 0 0 0 0 0 0 9.3887e-44 1.12664e-41 1.10356e-39 9.03409e-38 6.26859e-36 3.72626e-34 1.91305e-32 8.53554e-31 3.32543e-29 1.13527e-27 3.40463e-26 8.98343e-25 2.08714e-23 4.26975e-22 7.68557e-21 1.21543e-19 1.68496e-18 2.04135e-17 2.15268e-16 1.96604e-15 1.54541e-14 1.03753e-13 5.8933e-13 2.79958e-12 1.09657e-11 3.48082e-11 8.7737e-11 1.71885e-10 2.58337e-10 3.05755e-10 3.20921e-10 3.47892e-10 3.83176e-10 4.10995e-10 4.41933e-10 4.60468e-10 4.75396e-10 4.78383e-10 4.75396e-10 4.60468e-10 4.41933e-10 4.10995e-10 3.83176e-10 3.47892e-10 3.20921e-10 3.05755e-10 2.58337e-10 1.71885e-10 8.7737e-11 3.48082e-11 1.09657e-11 2.79958e-12 5.8933e-13 1.03753e-13 1.54541e-14 1.96604e-15 2.15268e-16 2.04135e-17 1.68496e-18 1.21543e-19 7.68557e-21 4.26975e-22 2.08714e-23 8.98343e-25 3.40463e-26 1.13527e-27 3.32543e-29 8.53554e-31 1.91305e-32 3.72626e-34 6.26859e-36 9.03409e-38 1.10356e-39 1.12664e-41 9.3887e-44 0 0 0 0 0 0 0 0 0 0 0 0
0 0 0 0 0 0 0 0 0 0 0 0 1.96182e-44 2.43686e-42 2.45601e-40 2.06918e-38 1.47899e-36 9.06525e-35 4.80398e-33 2.21497e-31 8.92837e-30 3.15777e-28 9.82459e-27 2.69349e-25 6.51285e-24 1.38916e-22 2.61225e-21 4.32515e-20 6.29267e-19 8.02223e-18 8.92859e-17 8.63522e-16 7.21512e-15 5.17105e-14 3.15097e-13 1.61478e-12 6.8665e-12 2.38278e-11 6.6118e-11 1.43291e-10 2.37362e-10 3.01378e-10 3.20921e-10 3.49535e-10 4.06334e-10 4.45907e-10 4.79643e-10 5.1073e-10 5.27112e-10 5.4463e-10 5.44457e-10 5.4463e-10 5.27112e-10 5.1073e-10 4.79643e-10 4.45907e-10 4.06334e-10 3.49535e-10 3.20921e-10 3.01378e-10 2.37362e-10 1.43291e-10 6.6118e-11 2.38278e-11 6.8665e-12 1.61478e-12 3.15097e-13 5.17105e-14 7.21512e-15 8.63522e-16 8.92859e-17 8.02223e-18 6.29267e-19 4.32515e-20 2.61225e-21 1.38916e-22 6.51285e-24 2.69349e-25 9.82459e-27 3.15777e-28 8.92837e-30 2.21497e-31 4.80398e-33 9.06525e-35 1.47899e-36 2.06918e-38 2.45601e-40 2.43686e-42 1.96182e-44 0 0 0 0 0 0 0 0 0 0 0
0 0 0 0 0 0 0 0 0 0 0 2.8026e-45 4.48416e-43 4.65553e-41 4.0342e-39 2.96853e-37 1.87498e-35 1.02498e-33 4.88053e-32 2.03413e-30 7.44831e-29 2.40255e-27 6.83935e-26 1.72002e-24 3.82263e-23 7.50477e-22 1.30015e-20 1.98406e-19 2.66031e-18 3.12372e-17 3.19839e-16 2.84058e-15 2.17399e-14 1.42229e-13 7.87594e-13 3.64665e-12 1.39061e-11 4.28703e-11 1.04495e-10 1.96711e-10 2.82546e-10 3.23327e-10 3.47892e-10 4.06334e-10 4.60326e-10 4.85809e-10 5.24436e-10 5.52693e-10 5.7912e-10 5.96814e-10 6.02458e-10 5.96814e-10 5.7912e-10 5.52693e-10 5.24436e-10 4.85809e-10 4.60326e-10 4.06334e-10 3.47892e-10 3.23327e-10 2.82546e-10 1.96711e-10 1.04495e-10 4.28703e-11 1.39061e-11 3.64665e-12 7.87594e-13 1.42229e-13 2.17399e-14 2.84058e-15 3.19839e-16 3.12372e-17 2.66031e-18 1.98406e-19 1.30015e-20 7.50477e-22 3.82263e-23 1.72002e-24 6.83935e-26 2.40255e-27 7.44831e-29 2.03413e-30 4.88053e-32 1.02498e-33 1.87498e-35 2.96853e-37 4.0342e-39 4.65553e-41 4.48416e-43 2.8026e-45 0 0 0 0 0 0 0 0 0 0
0 0 0 0 0 0 0 0 0 0 0 6.72623e-44 7.36943e-42 6.56559e-40 4.97133e-38 3.23426e-36 1.82306e-34 8.96094e-33 3.86011e-31 1.46281e-29 4.89032e-28 1.44507e-26 3.77885e-25 8.74889e-24 1.79303e-22 3.2501e-21 5.20263e-20 7.33853e-19 9.09439e-18 9.86446e-17 9.32088e-16 7.62775e-15 5.3678e-14 3.22012e-13 1.62926e-12 6.86218e-12 2.36767e-11 6.5638e-11 1.43038e-10 2.40409e-10 3.13332e-10 3.44942e-10 3.83176e-10 4.45907e-10 4.85809e-10 5.22839e-10 5.7997e-10 6.20098e-10 6.59472e-10 6.84658e-10 6.94078e-10 6.84658e-10 6.59472e-10 6.20098e-10 5.7997e-10 5.22839e-10 4.85809e-10 4.45907e-10 3.83176e-10 3.44942e-10 3.13332e-10 2.40409e-10 1.43038e-10 6.5638e-11 2.36767e-11 6.86218e-12 1.62926e-12 3.22012e-13 5.3678e-14 7.62775e-15 9.32088e-16 9.86446e-17 9.09439e-18 7.33853e-19 5.20263e-20 3.2501e-21 1.79303e-22 8.74889e-24 3.77885e-25 1.44507e-26 4.89032e-28 1.46281e-29 3.86011e-31 8.96094e-33 1.82306e-34 3.23426e-36 4.97133e-38 6.56559e-40 7.36943e-42 6.72623e-44 0 0 0 0 0 0 0 0 0 0
0 0 0 0 0 0 0 0 0 0 7.00649e-45 9.45876e-43 8.68301e-41 6.76357e-39 4.53145e-37 2.63334e-35 1.33606e-33 5.94839e-32 2.33305e-30 8.0848e-29 2.4805e-27 6.74708e-26 1.62811e-24 3.48543e-23 6.61562e-22 1.11199e-20 1.6521e-19 2.16414e-18 2.49127e-17 2.50997e-16 2.20211e-15 1.67211e-14 1.09069e-13 6.05634e-13 2.8314e-12 1.09958e-11 3.48975e-11 8.87786e-11 1.77316e-10 2.74117e-10 3.34812e-10 3.62129e-10 4.10995e-10 4.79643e-10 5.24436e-10 5.7997e-10 6.4601e-10 6.85197e-10 7.40521e-10 7.69844e-10 7.87184e-10 7.69844e-10 7.40521e-10 6.85197e-10 6.4601e-10 5.7997e-10 5.24436e-10 4.79643e-10 4.10995e-10 3.62129e-10 3.34812e-10 2.74117e-10 1.77316e-10 8.87786e-11 3.48975e-11 1.09958e-11 2.8314e-12 6.05634e-13 1.09069e-13 1.67211e-14 2.20211e-15 2.50997e-16 2.49127e-17 2.16414e-18 1.6521e-19 1.11199e-20 6.61562e-22 3.48543e-23 1.62811e-24 6.74708e-26 2.4805e-27 8.0848e-29 2.33305e-30 5.94839e-32 1.33606e-33 2.63334e-35 4.53145e-37 6.76357e-39 8.68301e-41 9.45876e-43 7.00649e-45 0 0 0 0 0 0 0 0 0
0 0 0 0 0 0 0 0 0 0 9.24857e-44 8.97111e-42 7.19222e-40 4.96359e-38 2.9749e-36 1.55875e-34 7.17731e-33 2.91593e-31 1.04846e-29 3.34392e-28 9.47436e-27 2.38676e-25 5.34743e-24 1.06517e-22 1.88469e-21 2.95779e-20 4.10862e-19 5.03777e-18 5.43368e-17 5.13349e-16 4.2261e-15 3.0126e-14 1.84548e-13 9.62559e-13 4.22679e-12 1.54131e-11 4.59003e-11 1.09459e-10 2.04817e-10 2.97681e-10 3.48537e-10 3.78801e-10 4.41933e-10 5.1073e-10 5.52693e-10 6.20098e-10 6.85197e-10 7.46112e-10 8.28764e-10 8.71311e-10 9.12981e-10 8.71311e-10 8.28764e-10 7.46112e-10 6.85197e-10 6.20098e-10 5.52693e-10 5.1073e-10 4.41933e-10 3.78801e-10 3.48537e-10 2.97681e-10 2.04817e-10 1.09459e-10 4.59003e-11 1.54131e-11 4.22679e-12 9.62559e-13 1.84548e-13 3.0126e-14 4.2261e-15 5.13349e-16 5.43368e-17 5.03777e-18 4.10862e-19 2.95779e-20 1.88469e-21 1.06517e-22 5.34743e-24 2.38676e-25 9.47436e-27 3.34392e-28 1.04846e-29 2.91593e-31 7.17731e-33 1.55875e-34 2.9749e-36 4.96359e-38 7.19222e-40 8.97111e-42 9.24857e-44 0 0 0 0 0 0 0 0 0
0 0 0 0 0 0 0 0 0 5.60519e-45 6.7963e-43 5.62621e-41 4.00474e-39 2.47913e-37 1.34386e-35 6.41277e-34 2.70511e-32 1.01197e-30 3.36549e-29 9.96707e-28 2.63147e-26 6.19673e-25 1.30151e-23 2.4367e-22 4.06211e-21 6.01972e-20 7.91235e-19 9.19796e-18 9.4228e-17 8.46964e-16 6.64401e-15 4.51929e-14 2.64474e-13 1.31897e-12 5.54088e-12 1.93305e-11 5.50502e-11 1.25452e-10 2.24372e-10 3.13313e-10 3.59148e-10 3.93261e-10 4.60468e-10 5.27112e-10 5.7912e-10 6.59472e-10 7.40521e-10 8.28764e-10 9.28318e-10 1.02249e-09 1.0843e-09 1.02249e-09 9.28318e-10 8.28764e-10 7.40521e-10 6.59472e-10 5.7912e-10 5.27112e-10 4.60468e-10 3.93261e-10 3.59148e-10 3.13313e-10 2.24372e-10 1.25452e-10 5.50502e-11 1.93305e-11 5.54088e-12 1.31897e-12 2.64474e-13 4.51929e-14 6.64401e-15 8.46964e-16 9.4228e-17 9.19796e-18 7.91235e-19 6.01972e-20 4.06211e-21 2.4367e-22 1.30151e-23 6.19673e-25 2.63147e-26 9.96707e-28 3.36549e-29 1.01197e-30 2.70511e-32 6.41277e-34 1.34386e-35 2.47913e-37 4.00474e-39 5.62621e-41 6.7963e-43 5.60519e-45 0 0 0 0 0 0 0 0
0 0 0 0 0 0 0 0 0 3.22299e-44 2.90629e-42 2.14306e-40 1.37643e-38 7.7583e-37 3.85876e-35 1.70088e-33 6.66675e-32 2.32965e-30 7.27155e-29 2.02994e-27 5.07195e-26 1.13445e-24 2.27082e-23 4.0645e-22 6.4965e-21 9.25517e-20 1.17234e-18 1.31627e-17 1.30497e-16 1.13714e-15 8.6607e-15 5.7266e-14 3.26079e-13 1.58331e-12 6.47823e-12 2.20144e-11 6.10605e-11 1.35509e-10 2.36128e-10 3.22186e-10 3.64526e-10 4.01317e-10 4.75396e-10 5.4463e-10 5.96814e-10 6.84658e-10 7.69844e-10 8.71311e-10 1.02249e-09 1.18328e-09 1.37064e-09 1.18328e-09 1.02249e-09 8.71311e-10 7.69844e-10 6.84658e-10 5.96814e-10 5.4463e-10 4.75396e-10 4.01317e-10 3.64526e-10 3.22186e-10 2.36128e-10 1.35509e-10 6.10605e-11 2.20144e-11 6.47823e-12 1.58331e-12 3.26079e-13 5.7266e-14 8.6607e-15 1.13714e-15 1.30497e-16 1.31627e-17 1.17234e-18 9.25517e-20 6.4965e-21 4.0645e-22 2.27082e-23 1.13445e-24 5.07195e-26 2.02994e-27 7.27155e-29 2.32965e-30 6.66675e-32 1.70088e-33 3.85876e-35 7.7583e-37 1.37643e-38 2.14306e-40 2.90629e-42 3.22299e-44 0 0 0 0 0 0 0 0
0 0 0 0 0 0 0 0 0 7.56701e-44 6.03399e-42 4.09117e-40 2.44157e-38 1.29045e-36 6.06638e-35 2.54496e-33 9.55201e-32 3.21345e-30 9.70178e-29 2.63047e-27 6.40621e-26 1.40096e-24 2.74906e-23 4.8344e-22 7.60616e-21 1.06831e-19 1.33582e-18 1.48208e-17 1.45318e-16 1.25316e-15 9.45045e-15 6.18991e-14 3.49255e-13 1.68086e-12 6.81782e-12 2.29693e-11 6.31569e-11 1.38919e-10 2.39928e-10 3.24985e-10 3.67061e-10 4.0558e-10 4.78383e-10 5.44457e-10 6.02458e-10 6.94078e-10 7.87184e-10 9.12981e-10 1.0843e-09 1.37064e-09 1.58468e-09 1.37064e-09 1.0843e-09 9.12981e-10 7.87184e-10 6.94078e-10 6.02458e-10 5.44457e-10 4.78383e-10 4.0558e-10 3.67061e-10 3.24985e-10 2.39928e-10 1.38919e-10 6.31569e-11 2.29693e-11 6.81782e-12 1.68086e-12 3.49255e-13 6.18991e-14 9.45045e-15 1.25316e-15 1.45318e-16 1.48208e-17 1.33582e-18 1.06831e-19 7.60616e-21 4.8344e-22 2.74906e-23 1.40096e-24 6.40621e-26 2.63047e-27 9.70178e-29 3.21345e-30 9.55201e-32 2.54496e-33 6.06638e-35 1.29045e-36 2.44157e-38 4.09117e-40 6.03399e-42 7.56701e-44 0 0 0 0 0 0 0 0
0 0 0 0 0 0 0 0 0 3.22299e-44 2.90629e-42 2.14306e-40 1.37643e-38 7.7583e-37 3.85876e-35 1.70088e-33 6.66675e-32 2.32965e-30 7.27155e-29 2.02994e-27 5.07195e-26 1.13445e-24 2.27082e-23 4.0645e-22 6.4965e-21 9.25517e-20 1.17234e-18 1.31627e-17 1.30497e-16 1.13714e-15 8.6607e-15 5.7266e-14 3.26079e-13 1.58331e-12 6.47823e-12 2.20144e-11 6.10605e-11 1.35509e-10 2.36128e-10 3.22186e-10 3.64526e-10 4.01317e-10 4.75396e-10 5.4463e-10 5.96814e-10 6.84658e-10 7.69844e-10 8.71311e-10 1.02249e-09 1.18328e-09 1.37064e-09 1.18328e-09 1.02249e-09 8.71311e-10 7.69844e-10 6.84658e-10 5.96814e-10 5.4463e-10 4.75396e-10 4.01317e-10 3.64526e-10 3.22186e-10 2.36128e-10 1.35509e-10 6.10605e-11 2.20144e-11 6.47823e-12 1.58331e-12 3.26079e-13 5.7266e-14 8.6607e-15 1.13714e-15 1.30497e-16 1.31627e-17 1.17234e-18 9.25517e-20 6.4965e-21 4.0645e-22 2.27082e-23 1.13445e-24 5.07195e-26 2.02994e-27 7.27155e-29 2.32965e-30 6.66675e-32 1.70088e-33 3.85876e-35 7.7583e-37 1.37643e-38 2.14306e-40 2.90629e-42 3.22299e-44 0 0 0 0 0 0 0 0
0 0 0 0 0 0 0 0 0 5.60519e-45 6.7963e-43 5.62621e-41 4.00474e-39 2.47913e-37 1.34386e-35 6.41277e-34 2.70511e-32 1.01197e-30 3.36549e-29 9.96707e-28 2.63147e-26 6.19673e-25 1.30151e-23 2.4367e-22 4.06211e-21 6.01972e-20 7.91235e-19 9.19796e-18 9.4228e-17 8.46964e-16 6.64401e-15 4.51929e-14 2.64474e-13 1.31897e-12 5.54088e-12 1.93305e-11 5.50502e-11 1.25452e-10 2.24372e-10 3.13313e-10 3.59148e-10 3.93261e-10 4.60468e-10 5.27112e-10 5.7912e-10 6.59472e-10 7.40521e-10 8.28764e-10 9.28318e-10 1.02249e-09 1.0843e-09 1.02249e-09 9.28318e-10 8.28764e-10 7.40521e-10 6.59472e-10 5.7912e-10 5.27112e-10 4.60468e-10 3.93261e-10 3.59148e-10 3.13313e-10 2.24372e-10 1.25452e-10 5.50502e-11 1.93305e-11 5.54088e-12 1.31897e-12 2.64474e-13 4.51929e-14 6.64401e-15 8.46964e-16 9.4228e-17 9.19796e-18 7.91235e-19 6.01972e-20 4.06211e-21 2.4367e-22 1.30151e-23 6.19673e-25 2.63147e-26 9.96707e-28 3.36549e-29 1.01197e-30 2.70511e-32 6.41277e-34 1.34386e-35 2.47913e-37 4.00474e-39 5.62621e-41 6.7963e-43 5.60519e-45 0 0 0 0 0 0 0 0
0 0 0 0 0 0 0 0 0 0 9.24857e-44 8.97111e-42 7.19222e-40 4.96359e-38 2.9749e-36 1.55875e-34 7.17731e-33 2.91593e-31 1.04846e-29 3.34392e-28 9.47436e-27 2.38676e-25 5.34743e-24 1.06517e-22 1.88469e-21 2.95779e-20 4.10862e-19 5.03777e-18 5.43368e-17 5.13349e-16 4.2261e-15 3.0126e-14 1.84548e-13 9.62559e-13 4.22679e-12 1.54131e-11 4.59003e-11 1.09459e-10 2.04817e-10 2.97681e-10 3.48537e-10 3.78801e-10 4.41933e-10 5.1073e-10 5.52693e-10 6.20098e-10 6.85197e-10 7.46112e-10 8.28764e-10 8.71311e-10 9.12981e-10 8.71311e-10 8.28764e-10 7.46112e-10 6.85197e-10 6.20098e-10 5.52693e-10 5.1073e-10 4.41933e-10 3.78801e-10 3.48537e-10 2.97681e-10 2.04817e-10 1.09459e-10 4.59003e-11 1.54131e-11 4.22679e-12 9.62559e-13 1.84548e-13 3.0126e-14 4.2261e-15 5.13349e-16 5.43368e-17 5.03777e-18 4.10862e-19 2.95779e-20 1.88469e-21 1.06517e-22 5.34743e-24 2.38676e-25 9.47436e-27 3.34392e-28 1.04846e-29 2.91593e-31 7.17731e-33 1.55875e-34 2.9749e-36 4.96359e-38 7.19222e-40 8.97111e-42 9.24857e-44 0 0 0 0 0 0 0 0 0
0 0 0 0 0 0 0 0 0 0 7.00649e-45 9.45876e-43 8.68301e-41 6.76357e-39 4.53145e-37 2.63334e-35 1.33606e-33 5.94839e-32 2.33305e-30 8.0848e-29 2.4805e-27 6.74708e-26 1.62811e-24 3.48543e-23 6.61562e-22 1.11199e-20 1.6521e-19 2.16414e-18 2.49127e-17 2.50997e-16 2.20211e-15 1.67211e-14 1.09069e-13 6.05634e-13 2.8314e-12 1.09958e-11 3.48975e-11 8.87786e-11 1.77316e-10 2.74117e-10 3.34812e-10 3.62129e-10 4.10995e-10 4.79643e-10 5.24436e-10 5.7997e-10 6.4601e-10 6.85197e-10 7.40521e-10 7.69844e-10 7.87184e-10 7.69844e-10 7.40521e-10 6.85197e-10 6.4601e-10 5.7997e-10 5.24436e-10 4.79643e-10 4.10995e-10 3.62129e-10 3.34812e-10 2.74117e-10 1.77316e-10 8.87786e-11 3.48975e-11 1.09958e-11 2.8314e-12 6.05634e-13 1.09069e-13 1.67211e-14 2.20211e-15 2.50997e-16 2.49127e-17 2.16414e-18 1.6521e-19 1.11199e-20 6.61562e-22 3.48543e-23 1.62811e-24 6.74708e-26 2.4805e-27 8.0848e-29 2.33305e-30 5.94839e-32 1.33606e-33 2.63334e-35 4.53145e-37 6.76357e-39 8.68301e-41 9.45876e-43 7.00649e-45 0 0 0 0 0 0 0 0 0
0 0 0 0 0 0 0 0 0 0 0 6.72623e-44 7.36943e-42 6.56559e-40 4.97133e-38 3.23426e-36 1.82306e-34 8.96094e-33 3.86011e-31 1.46281e-29 4.89032e-28 1.44507e-26 3.77885e-25 8.74889e-24 1.79303e-22 3.2501e-21 5.20263e-20 7.33853e-19 9.09439e-18 9.86446e-17 9.32088e-16 7.62775e-15 5.3678e-14 3.22012e-13 1.62926e-12 6.86218e-12 2.36767e-11 6.5638e-11 1.43038e-10 2.40409e-10 3.13332e-10 3.44942e-10 3.83176e-10 4.45907e-10 4.85809e-10 5.22839e-10 5.7997e-10 6.20098e-10 6.59472e-10 6.84658e-10 6.94078e-10 6.84658e-10 6.59472e-10 6.20098e-10 5.7997e-10 5.22839e-10 4.85809e-10 4.45907e-10 3.83176e-10 3.44942e-10 3.13332e-10 2.40409e-10 1.43038e-10 6.5638e-11 2.36767e-11 6.86218e-12 1.62926e-12 3.22012e-13 5.3678e-14 7.62775e-15 9.32088e-16 9.86446e-17 9.09439e-18 7.33853e-19 5.20263e-20 3.2501e-21 1.79303e-22 8.74889e-24 3.77885e-25 1.44507e-26 4.89032e-28 1.46281e-29 3.86011e-31 8.96094e-33 1.82306e-34 3.23426e-36 4.97133e-38 6.56559e-40 7.36943e-42 6.72623e-44 0 0 0 0 0 0 0 0 0 0
0 0 0 0 0 0 0 0 0 0 0 2.8026e-45 4.48416e-43 4.65553e-41 4.0342e-39 2.96853e-37 1.87498e-35 1.02498e-33 4.88053e-32 2.03413e-30 7.44831e-29 2.40255e-27 6.83935e-26 1.72002e-24 3.82263e-23 7.50477e-22 1.30015e-20 1.98406e-19 2.66031e-18 3.12372e-17 3.19839e-16 2.84058e-15 2.17399e-14 1.42229e-13 7.87594e-13 3.64665e-12 1.39061e-11 4.28703e-11 1.04495e-10 1.96711e-10 2.82546e-10 3.23327e-10 3.47892e-10 4.06334e-10 4.60326e-10 4.85809e-10 5.24436e-10 5.52693e-10 5.7912e-10 5.96814e-10 6.02458e-10 5.96814e-10 5.7912e-10 5.52693e-10 5.24436e-10 4.85809e-10 4.60326e-10 4.06334e-10 3.47892e-10 3.23327e-10 2.82546e-10 1.96711e-10 1.04495e-10 4.28703e-11 1.39061e-11 3.64665e-12 7.87594e-13 1.42229e-13 2.17399e-14 2.84058e-15 3.19839e-16 3.12372e-17 2.66031e-18 1.98406e-19 1.30015e-20 7.50477e-22 3.82263e-23 1.72002e-24 6.83935e-26 2.40255e-27 7.44831e-29 2.03413e-30 4.88053e-32 1.02498e-33 1.87498e-35 2.96853e-37 4.0342e-39 4.65553e-41 4.48416e-43 2.8026e-45 0 0 0 0 0 0 0 0 0 0
0 0 0 0 0 0 0 0 0 0 0 0 1.96182e-44 2.43686e-42 2.45601e-40 2.06918e-38 1.47899e-36 9.06525e-35 4.80398e-33 2.21497e-31 8.92837e-30 3.15777e-28 9.82459e-27 2.69349e-25 6.51285e-24 1.38916e-22 2.61225e-21 4.32515e-20 6.29267e-19 8.02223e-18 8.92859e-17 8.63522e-16 7.21512e-15 5.17105e-14 3.15097e-13 1.61478e-12 6.8665e-12 2.38278e-11 6.6118e-11 1.43291e-10 2.37362e-10 3.01378e-10 3.20921e-10 3.49535e-10 4.06334e-10 4.45907e-10 4.79643e-10 5.1073e-10 5.27112e-10 5.4463e-10 5.44457e-10 5.4463e-10 5.27112e-10 5.1073e-10 4.79643e-10 4.45907e-10 4.06334e-10 3.49535e-10 3.20921e-10 3.01378e-10 2.37362e-10 1.43291e-10 6.6118e-11 2.38278e-11 6.8665e-12 1.61478e-12 3.15097e-13 5.17105e-14 7.21512e-15 8.63522e-16 8.92859e-17 8.02223e-18 6.29267e-19 4.32515e-20 2.61225e-21 1.38916e-22 6.51285e-24 2.69349e-25 9.82459e-27 3.15777e-28 8.92837e-30 2.21497e-31 4.80398e-33 9.06525e-35 1.47899e-36 2.06918e-38 2.45601e-40 2.43686e-42 1.96182e-44 0 0 0 0 0 0 0 0 0 0 0
0 0 0 0 0 0 0 0 0 0 0 0 0 9.3887e-44 1.12664e-41 1.10356e-39 9.03409e-38 6.26859e-36 3.72626e-34 1.91305e-32 8.53554e-31 3.32543e-29 1.13527e-27 3.40463e-26 8.98343e-25 2.08714e-23 4.26975e-22 7.68557e-21 1.21543e-19 1.68496e-18 2.04135e-17 2.15268e-16 1.96604e-15 1.54541e-14 1.03753e-13 5.8933e-13 2.79958e-12 1.09657e-11 3.48082e-11 8.7737e-11 1.71885e-10 2.58337e-10 3.05755e-10 3.20921e-10 3.47892e-10 3.83176e-10 4.10995e-10 4.41933e-10 4.60468e-10 4.75396e-10 4.78383e-10 4.75396e-10 4.60468e-10 4.41933e-10 4.10995e-10 3.83176e-10 3.47892e-10 3.20921e-10 3.05755e-10 2.58337e-10 1.71885e-10 8.7737e-11 3.48082e-11 1.09657e-11 2.79958e-12 5.8933e-13 1.03753e-13 1.54541e-14 1.96604e-15 2.15268e-16 2.04135e-17 1.68496e-18 1.21543e-19 7.68557e-21 4.26975e-22 2.08714e-23 8.98343e-25 3.40463e-26 1.13527e-27 3.32543e-29 8.53554e-31 1.91305e-32 3.72626e-34 6.26859e-36 9.03409e-38 1.10356e-39 1.12664e-41 9.3887e-44 0 0 0 0 0 0 0 0 0 0 0 0
